# Matter power spectrum P(k) at redshift z=5
# for k=1.04575e-05 to 1006.15 h/Mpc,
# number of wavenumbers equal to 625
#    1:k (h/Mpc)              2:P (Mpc/h)^3        
       1.045749810485e-05       1.984450082557e+00 
       2.373043761528e-05       4.443035868944e+00 
       3.705205197341e-05       6.882760515544e+00 
       5.046040160262e-05       9.320128221307e+00 
       6.399420676399e-05       1.176639070239e+01 
       7.769321405898e-05       1.423105204551e+01 
       9.159857522556e-05       1.672292080902e+01 
       1.057532435558e-04       1.925057642692e+01 
       1.202023933008e-04       2.182263372338e+01 
       1.349938674647e-04       2.444792355214e+01 
       1.501786593808e-04       2.713563482376e+01 
       1.658114333596e-04       2.989543909644e+01 
       1.819510894196e-04       3.273760742190e+01 
       1.986613765579e-04       3.567312597546e+01 
       2.160115580438e-04       3.871381315264e+01 
       2.340771306401e-04       4.187243974745e+01 
       2.529405972213e-04       4.516285289393e+01 
       2.726922886571e-04       4.860010345007e+01 
       2.934312256600e-04       5.220057420907e+01 
       3.152660040981e-04       5.598210601846e+01 
       3.383156775180e-04       5.996411656636e+01 
       3.627105977775e-04       6.416770372062e+01 
       3.885931583209e-04       6.861572276308e+01 
       4.161183645581e-04       7.333282372415e+01 
       4.454541324261e-04       7.834542979507e+01 
       4.767811907995e-04       8.368163584056e+01 
       5.102924387431e-04       8.937099894522e+01 
       5.461915893473e-04       9.544419446286e+01 
       5.846909251320e-04       1.019325079838e+02 
       6.260080050474e-04       1.088671413531e+02 
       6.703612104985e-04       1.162783175371e+02 
       7.179641068864e-04       1.241941924088e+02 
       7.690187318622e-04       1.326396031168e+02 
       8.237080952403e-04       1.416347207141e+02 
       8.821883665213e-04       1.511937017624e+02 
       9.445813962622e-04       1.613234666233e+02 
       1.010968318642e-03       1.720227464634e+02 
       1.081384969221e-03       1.832815237495e+02 
       1.155819700313e-03       1.950809614566e+02 
       1.234213899658e-03       2.073938566418e+02 
       1.316465168833e-03       2.201855777136e+02 
       1.402432774394e-03       2.334153892885e+02 
       1.491944724558e-03       2.470380255314e+02 
       1.584805697329e-03       2.610053371675e+02 
       1.680805061300e-03       2.752678704308e+02 
       1.779724358910e-03       2.897762771053e+02 
       1.881343813733e-03       3.044824642617e+02 
       1.985447627100e-03       3.193404630634e+02 
       2.091828006459e-03       3.343070427144e+02 
       2.200287998256e-03       3.493420756141e+02 
       2.310643277916e-03       3.644082420400e+02 
       2.422723085604e-03       3.794724390310e+02 
       2.536370500476e-03       3.945045016889e+02 
       2.651442230081e-03       4.094773507769e+02 
       2.767808065318e-03       4.243668566937e+02 
       2.885350122018e-03       4.391517406659e+02 
       3.003961962113e-03       4.538132391385e+02 
       3.123547662764e-03       4.683350142509e+02 
       3.244020881646e-03       4.827028685021e+02 
       3.365303950641e-03       4.969045467239e+02 
       3.487327018288e-03       5.109295419689e+02 
       3.610027252458e-03       5.247688869859e+02 
       3.733348108622e-03       5.384150724496e+02 
       3.857238664757e-03       5.518617020108e+02 
       3.981653021215e-03       5.651034779094e+02 
       4.106549762154e-03       5.781361428102e+02 
       4.231891474164e-03       5.909561092483e+02 
       4.357644317282e-03       6.035607877984e+02 
       4.483777643502e-03       6.159479984940e+02 
       4.610263657980e-03       6.281164316506e+02 
       4.737077118433e-03       6.400650640155e+02 
       4.864195068510e-03       6.517935061582e+02 
       4.991596601329e-03       6.633018321782e+02 
       5.119262649698e-03       6.745902522980e+02 
       5.247175799933e-03       6.856596224111e+02 
       5.375320126495e-03       6.965107150932e+02 
       5.503681045008e-03       7.071447723043e+02 
       5.632245181484e-03       7.175633656603e+02 
       5.761000255846e-03       7.277679196321e+02 
       5.889934978076e-03       7.377602003030e+02 
       6.019038955502e-03       7.475420766961e+02 
       6.148302609931e-03       7.571154583792e+02 
       6.277717103485e-03       7.664825421634e+02 
       6.407274272154e-03       7.756456463286e+02 
       6.536966566162e-03       7.846066723257e+02 
       6.666786996400e-03       7.933681479454e+02 
       6.796729086234e-03       8.019322807923e+02 
       6.926786828089e-03       8.103015063294e+02 
       7.056954644300e-03       8.184784521644e+02 
       7.187227351743e-03       8.264654136922e+02 
       7.317600129859e-03       8.342647294768e+02 
       7.448068491705e-03       8.418789058769e+02 
       7.578628257697e-03       8.493104843820e+02 
       7.709275531791e-03       8.565615198647e+02 
       7.840006679834e-03       8.636350371680e+02 
       7.970818309857e-03       8.705331808588e+02 
       8.101707254141e-03       8.772580098289e+02 
       8.232670552846e-03       8.838124385415e+02 
       8.363705439076e-03       8.901987508034e+02 
       8.494809325229e-03       8.964187111053e+02 
       8.625979790500e-03       9.024751779756e+02 
       8.757214569446e-03       9.083704489038e+02 
       8.888511541496e-03       9.141067050348e+02 
       9.019868721331e-03       9.196860416317e+02 
       9.151284250039e-03       9.251110099285e+02 
       9.282756386994e-03       9.303834975876e+02 
       9.414283502372e-03       9.355059035501e+02 
       9.545864070270e-03       9.404801424222e+02 
       9.677496662351e-03       9.453084566502e+02 
       9.809179941995e-03       9.499930280906e+02 
       9.940912658886e-03       9.545355922850e+02 
       1.007269364402e-02       9.589384127107e+02 
       1.020452180510e-02       9.632035081327e+02 
       1.033639612222e-02       9.673326622575e+02 
       1.046831564399e-02       9.713281742525e+02 
       1.060027948378e-02       9.751912652374e+02 
       1.073228681639e-02       9.789244192324e+02 
       1.086433687490e-02       9.825310993188e+02 
       1.099642894770e-02       9.860098161155e+02 
       1.112856237583e-02       9.893639876854e+02 
       1.126073655044e-02       9.925950662539e+02 
       1.139295091047e-02       9.957054045900e+02 
       1.152520494046e-02       9.986961681699e+02 
       1.165749816853e-02       1.001568883705e+03 
       1.178983016452e-02       1.004326184017e+03 
       1.192220053825e-02       1.006968706491e+03 
       1.205460893787e-02       1.009498383804e+03 
       1.218705504840e-02       1.011917165464e+03 
       1.231953859028e-02       1.014226717650e+03 
       1.245205931810e-02       1.016427342251e+03 
       1.258461701939e-02       1.018522264798e+03 
       1.271721151347e-02       1.020511981699e+03 
       1.284984265044e-02       1.022398253677e+03 
       1.298251031021e-02       1.024181994383e+03 
       1.311521440158e-02       1.025865893502e+03 
       1.324795486143e-02       1.027450637761e+03 
       1.338073165393e-02       1.028937454657e+03 
       1.351354476986e-02       1.030328359772e+03 
       1.364639422595e-02       1.031624396350e+03 
       1.377928006424e-02       1.032826795163e+03 
       1.391220235156e-02       1.033937080649e+03 
       1.404516117903e-02       1.034956784374e+03 
       1.417815666155e-02       1.035887359674e+03 
       1.431118893742e-02       1.036729205748e+03 
       1.444425816794e-02       1.037484995389e+03 
       1.457736453706e-02       1.038154642784e+03 
       1.471050825103e-02       1.038740304030e+03 
       1.484368953822e-02       1.039242580945e+03 
       1.497690864875e-02       1.039663348777e+03 
       1.511016585436e-02       1.040003111549e+03 
       1.524346144820e-02       1.040263960052e+03 
       1.537679574464e-02       1.040446555048e+03 
       1.551016907917e-02       1.040552113347e+03 
       1.564358180828e-02       1.040582120475e+03 
       1.577703430938e-02       1.040537328752e+03 
       1.591052698073e-02       1.040419182558e+03 
       1.604406024142e-02       1.040228813308e+03 
       1.617763453133e-02       1.039967338366e+03 
       1.631125031118e-02       1.039635609502e+03 
       1.644490806251e-02       1.039235021774e+03 
       1.657860828775e-02       1.038766696779e+03 
       1.671235151029e-02       1.038231699514e+03 
       1.684613827459e-02       1.037631137630e+03 
       1.697996914622e-02       1.036965177334e+03 
       1.711384471207e-02       1.036235750726e+03 
       1.724776558040e-02       1.035444726482e+03 
       1.738173238109e-02       1.034592314746e+03 
       1.751574576578e-02       1.033678529340e+03 
       1.764980640804e-02       1.032705495892e+03 
       1.778391500363e-02       1.031674083167e+03 
       1.791807227070e-02       1.030585405937e+03 
       1.805227895006e-02       1.029439897232e+03 
       1.818653580541e-02       1.028239238354e+03 
       1.832084362365e-02       1.026983597372e+03 
       1.845520321520e-02       1.025674500746e+03 
       1.858961541424e-02       1.024312255580e+03 
       1.872408107911e-02       1.022898708961e+03 
       1.885860109264e-02       1.021434388209e+03 
       1.899317636251e-02       1.019919166698e+03 
       1.912780782161e-02       1.018355609298e+03 
       1.926249642850e-02       1.016742759596e+03 
       1.939724316775e-02       1.015084584099e+03 
       1.953204905044e-02       1.013377062346e+03 
       1.966691511458e-02       1.011626998096e+03 
       1.980184242558e-02       1.009830090787e+03 
       1.993683207674e-02       1.007990075626e+03 
       2.007188518977e-02       1.006107260897e+03 
       2.020700291530e-02       1.004180592682e+03 
       2.034218643342e-02       1.002212948122e+03 
       2.047743695426e-02       1.000205157349e+03 
       2.061275571856e-02       9.981573800695e+02 
       2.074814399829e-02       9.960701769112e+02 
       2.088360309724e-02       9.939444839719e+02 
       2.101913435170e-02       9.917810667805e+02 
       2.115473913110e-02       9.895806035750e+02 
       2.129041883873e-02       9.873460432930e+02 
       2.142617491241e-02       9.850740328733e+02 
       2.156200882525e-02       9.827686061398e+02 
       2.169792208640e-02       9.804288530124e+02 
       2.183391624183e-02       9.780558105076e+02 
       2.196999287514e-02       9.756510443785e+02 
       2.210615360838e-02       9.732128555950e+02 
       2.224240010293e-02       9.707459486534e+02 
       2.237873406036e-02       9.682465536624e+02 
       2.251515722336e-02       9.657180757365e+02 
       2.265167137665e-02       9.631627812158e+02 
       2.278827834800e-02       9.605771498740e+02 
       2.292498000920e-02       9.579637913063e+02 
       2.306177827707e-02       9.553247684189e+02 
       2.319867511457e-02       9.526582594436e+02 
       2.333567253186e-02       9.499671570809e+02 
       2.347277258747e-02       9.472499073592e+02 
       2.360997738941e-02       9.445095512249e+02 
       2.374728909641e-02       9.417445523793e+02 
       2.388470991917e-02       9.389584041946e+02 
       2.402224212160e-02       9.361489269347e+02 
       2.415988802217e-02       9.333172596341e+02 
       2.429764999526e-02       9.304628197922e+02 
       2.443553047256e-02       9.275897136760e+02 
       2.457353194453e-02       9.246975726323e+02 
       2.471165696187e-02       9.217845955506e+02 
       2.484990813710e-02       9.188528040295e+02 
       2.498828814611e-02       9.159035954023e+02 
       2.512679972984e-02       9.129350678250e+02 
       2.526544569592e-02       9.099506548643e+02 
       2.540422892050e-02       9.069502936248e+02 
       2.554315234997e-02       9.039328114783e+02 
       2.568221900292e-02       9.008993730795e+02 
       2.582143197196e-02       8.978505346023e+02 
       2.596079442580e-02       8.947880927933e+02 
       2.610030961129e-02       8.917121251022e+02 
       2.623998085549e-02       8.886243300430e+02 
       2.637981156794e-02       8.855204733331e+02 
       2.651980524290e-02       8.824059402092e+02 
       2.665996546168e-02       8.792780432422e+02 
       2.680029589511e-02       8.761403772980e+02 
       2.694080030602e-02       8.729897255695e+02 
       2.708148255186e-02       8.698303613421e+02 
       2.722234658737e-02       8.666608841899e+02 
       2.736339646738e-02       8.634802416510e+02 
       2.750463634970e-02       8.602895381120e+02 
       2.764607049807e-02       8.570931530230e+02 
       2.778770328530e-02       8.538851663490e+02 
       2.792953919641e-02       8.506735550674e+02 
       2.807158283200e-02       8.474507698987e+02 
       2.821383891169e-02       8.442206382032e+02 
       2.835631227763e-02       8.409843246115e+02 
       2.849900789825e-02       8.377424273942e+02 
       2.864193087208e-02       8.344957112076e+02 
       2.878508643170e-02       8.312400702580e+02 
       2.892847994792e-02       8.279817915628e+02 
       2.907211693401e-02       8.247162352497e+02 
       2.921600305018e-02       8.214513709380e+02 
       2.936014410820e-02       8.181766848222e+02 
       2.950454607619e-02       8.149003977096e+02 
       2.964921508358e-02       8.116198980077e+02 
       2.979415742637e-02       8.083382771555e+02 
       2.993937957245e-02       8.050518304375e+02 
       3.008488816723e-02       8.017629074465e+02 
       3.023069003948e-02       7.984718031370e+02 
       3.037679220740e-02       7.951785499186e+02 
       3.052320188494e-02       7.918835166558e+02 
       3.066992648838e-02       7.885880113310e+02 
       3.081697364318e-02       7.852924802779e+02 
       3.096435119115e-02       7.819918764975e+02 
       3.111206719787e-02       7.786924840182e+02 
       3.126012996051e-02       7.753940044017e+02 
       3.140854801586e-02       7.720973880844e+02 
       3.155733014887e-02       7.687978820722e+02 
       3.170648540141e-02       7.654991452811e+02 
       3.185602308155e-02       7.622015259713e+02 
       3.200595277315e-02       7.589072491275e+02 
       3.215628434598e-02       7.556107448496e+02 
       3.230702796621e-02       7.523173591081e+02 
       3.245819410741e-02       7.490253277530e+02 
       3.260979356215e-02       7.457324121255e+02 
       3.276183745398e-02       7.424442654899e+02 
       3.291433725013e-02       7.391587483884e+02 
       3.306730477471e-02       7.358740754211e+02 
       3.322075222260e-02       7.325898458337e+02 
       3.337469217403e-02       7.293117219624e+02 
       3.352913760980e-02       7.260378386191e+02 
       3.368410192736e-02       7.227635381481e+02 
       3.383959895760e-02       7.194936121991e+02 
       3.399564298254e-02       7.162271120343e+02 
       3.415224875396e-02       7.129631138913e+02 
       3.430943151287e-02       7.097049783905e+02 
       3.446720701016e-02       7.064467796534e+02 
       3.462559152820e-02       7.031963227558e+02 
       3.478460190367e-02       6.999475204199e+02 
       3.494425555159e-02       6.967040390369e+02 
       3.510457049068e-02       6.934631067733e+02 
       3.526556537007e-02       6.902301924422e+02 
       3.542725949757e-02       6.869984021852e+02 
       3.558967286947e-02       6.837714898970e+02 
       3.575282620204e-02       6.805481194005e+02 
       3.591674096486e-02       6.773305947226e+02 
       3.608143941613e-02       6.741180008093e+02 
       3.624694463996e-02       6.709096809653e+02 
       3.641328058594e-02       6.677075626434e+02 
       3.658047211114e-02       6.645089762824e+02 
       3.674854502456e-02       6.613162816512e+02 
       3.691752613441e-02       6.581265304348e+02 
       3.708744329831e-02       6.549422484648e+02 
       3.725832547669e-02       6.517626634727e+02 
       3.743020278953e-02       6.485885396882e+02 
       3.760310657689e-02       6.454186866926e+02 
       3.777706946333e-02       6.422568649934e+02 
       3.795212542663e-02       6.390956776465e+02 
       3.812830987117e-02       6.359409705747e+02 
       3.830565970624e-02       6.327910064706e+02 
       3.848421342989e-02       6.296477358981e+02 
       3.866401121852e-02       6.265074703496e+02 
       3.884509502293e-02       6.233703374232e+02 
       3.902750867120e-02       6.202411223132e+02 
       3.921129797920e-02       6.171154207003e+02 
       3.939651086917e-02       6.139921301468e+02 
       3.958319749728e-02       6.108737376701e+02 
       3.977141039084e-02       6.077611745760e+02 
       3.996120459624e-02       6.046524080242e+02 
       4.015263783837e-02       6.015474746688e+02 
       4.034577069283e-02       5.984449725457e+02 
       4.054066677207e-02       5.953479372584e+02 
       4.073739292676e-02       5.922525284231e+02 
       4.093601946408e-02       5.891618600038e+02 
       4.113662038441e-02       5.860760634772e+02 
       4.133927363850e-02       5.829921077804e+02 
       4.154406140720e-02       5.799087375940e+02 
       4.175107040600e-02       5.768359481610e+02 
       4.196039221729e-02       5.737536945862e+02 
       4.217212365321e-02       5.706794932477e+02 
       4.238636715250e-02       5.676063179412e+02 
       4.260323121533e-02       5.645330161602e+02 
       4.282283088035e-02       5.614652689908e+02 
       4.304528824899e-02       5.583935815337e+02 
       4.327073306268e-02       5.553258944481e+02 
       4.349930333937e-02       5.522587960323e+02 
       4.373114607684e-02       5.491887265776e+02 
       4.396641803108e-02       5.461193851512e+02 
       4.420528657961e-02       5.430493411993e+02 
       4.444793068082e-02       5.399770644660e+02 
       4.469454194227e-02       5.369029101528e+02 
       4.494532581288e-02       5.338249893768e+02 
       4.520050291638e-02       5.307461695236e+02 
       4.546031054620e-02       5.276612871345e+02 
       4.572500434546e-02       5.245724836134e+02 
       4.599486019958e-02       5.214769334694e+02 
       4.627017637418e-02       5.183759146317e+02 
       4.655127593643e-02       5.152682704029e+02 
       4.683850950528e-02       5.121540351881e+02 
       4.713225838436e-02       5.090289090317e+02 
       4.743293814168e-02       5.058943161472e+02 
       4.774100271297e-02       5.027485362201e+02 
       4.805694912064e-02       4.995897682458e+02 
       4.838132291952e-02       4.964179886606e+02 
       4.871472450393e-02       4.932320413046e+02 
       4.905781643925e-02       4.900257624499e+02 
       4.941133201783e-02       4.868028689142e+02 
       4.977608528353e-02       4.835581934679e+02 
       5.015298282618e-02       4.802910549662e+02 
       5.054303771845e-02       4.769970126576e+02 
       5.094738605757e-02       4.736741147647e+02 
       5.136730668884e-02       4.703207068079e+02 
       5.180424483333e-02       4.669324384865e+02 
       5.225984052739e-02       4.635033035912e+02 
       5.273596301788e-02       4.600311631569e+02 
       5.323475255774e-02       4.565081221273e+02 
       5.375867142783e-02       4.529287169331e+02 
       5.431056648953e-02       4.492846461656e+02 
       5.489374616450e-02       4.455680234713e+02 
       5.551207544878e-02       4.417680762374e+02 
       5.617009337762e-02       4.378700231632e+02 
       5.687315818582e-02       4.338575943037e+02 
       5.762762604582e-02       4.297092797562e+02 
       5.844106924229e-02       4.253999553792e+02 
       5.932253797381e-02       4.208945723422e+02 
       6.028286471725e-02       4.161483434545e+02 
       6.133499760901e-02       4.111026624440e+02 
       6.249432323971e-02       4.056794114373e+02 
       6.377888977286e-02       3.997747236853e+02 
       6.520935658723e-02       3.932492269650e+02 
       6.680837282307e-02       3.859218831423e+02 
       6.859895815143e-02       3.775661640663e+02 
       7.060145446358e-02       3.679153948766e+02 
       7.282900509302e-02       3.566972881359e+02 
       7.528254764851e-02       3.436984697474e+02 
       7.794763165265e-02       3.288583768821e+02 
       8.079557122545e-02       3.123533554532e+02 
       8.378925639194e-02       2.946216281878e+02 
       8.689081350409e-02       2.763046848131e+02 
       9.006747864852e-02       2.581345105149e+02 
       9.329408122598e-02       2.408046130174e+02 
       9.655282505597e-02       2.248805127325e+02 
       9.983181243343e-02       2.107461377032e+02 
       1.031233738652e-01       1.985932614257e+02 
       1.064226786357e-01       1.884341717996e+02 
       1.097267276976e-01       1.801331692058e+02 
       1.130336756109e-01       1.734412574620e+02 
       1.163423928821e-01       1.680333757832e+02 
       1.196521903954e-01       1.635429875325e+02 
       1.229626484529e-01       1.595953953478e+02 
       1.262735116499e-01       1.558404451764e+02 
       1.295846245788e-01       1.519816084466e+02 
       1.328958926300e-01       1.477993490651e+02 
       1.362072581392e-01       1.431661233495e+02 
       1.395186858906e-01       1.380501422148e+02 
       1.428301543108e-01       1.325067125887e+02 
       1.461416501217e-01       1.266601219068e+02 
       1.494531650939e-01       1.206788788591e+02 
       1.527646940752e-01       1.147490843486e+02 
       1.560762337931e-01       1.090501563640e+02 
       1.593877821275e-01       1.037350359487e+02 
       1.626993376673e-01       9.891772004083e+01 
       1.660108994417e-01       9.466573403547e+01 
       1.693224667555e-01       9.100029595010e+01 
       1.726340390885e-01       8.789942976261e+01 
       1.759456160339e-01       8.530505297134e+01 
       1.792571972603e-01       8.313196834170e+01 
       1.825687824880e-01       8.127747402029e+01 
       1.858803714740e-01       7.963187945504e+01 
       1.891919640029e-01       7.810065777925e+01 
       1.925035598800e-01       7.658342515472e+01 
       1.958151589280e-01       7.499173591879e+01 
       1.991267609837e-01       7.326998896290e+01 
       2.024383658960e-01       7.139091237592e+01 
       2.057499735245e-01       6.935638164763e+01 
       2.090615837384e-01       6.719410412592e+01 
       2.123731964151e-01       6.495002084199e+01 
       2.156848114401e-01       6.267939140864e+01 
       2.189964287058e-01       6.043882460776e+01 
       2.223080481113e-01       5.827939013966e+01 
       2.256196695617e-01       5.624284219920e+01 
       2.289312929674e-01       5.435978067237e+01 
       2.322429182442e-01       5.264949874858e+01 
       2.355545453127e-01       5.111914609712e+01 
       2.388661740978e-01       4.976510440612e+01 
       2.421778045285e-01       4.857282227331e+01 
       2.454894365379e-01       4.751823773464e+01 
       2.488010700625e-01       4.657077989665e+01 
       2.521127050422e-01       4.569648636553e+01 
       2.554243414200e-01       4.486186964053e+01 
       2.587359791419e-01       4.403723685697e+01 
       2.620476181567e-01       4.319944694329e+01 
       2.653592584155e-01       4.233272074800e+01 
       2.686708998722e-01       4.142890961330e+01 
       2.719825424828e-01       4.048694004761e+01 
       2.752941862052e-01       3.951153522213e+01 
       2.786058309997e-01       3.851297649179e+01 
       2.819174768282e-01       3.750527593678e+01 
       2.852291236545e-01       3.650516562240e+01 
       2.885407714441e-01       3.552967857497e+01 
       2.918524201640e-01       3.459435675772e+01 
       2.951640697827e-01       3.371123705777e+01 
       2.984757202702e-01       3.288773264924e+01 
       3.017873715976e-01       3.212649309926e+01 
       3.050990237374e-01       3.142565790176e+01 
       3.084106766634e-01       3.078016906204e+01 
       3.117223303504e-01       3.018272925959e+01 
       3.150339847742e-01       2.962470872250e+01 
       3.183456399118e-01       2.909688276987e+01 
       3.216572957409e-01       2.858984579389e+01 
       3.249689522404e-01       2.809451298319e+01 
       3.282806093897e-01       2.760289928870e+01 
       3.315922671695e-01       2.710879906487e+01 
       3.349039255608e-01       2.660839425486e+01 
       3.382155845457e-01       2.610058118487e+01 
       3.415272441067e-01       2.558661945101e+01 
       3.448389042272e-01       2.506969893613e+01 
       3.481505648911e-01       2.455402537851e+01 
       3.514622260831e-01       2.404411661987e+01 
       3.547738877882e-01       2.354434920006e+01 
       3.580855499922e-01       2.305861862935e+01 
       3.613972126813e-01       2.259018455232e+01 
       3.647088758422e-01       2.214176488064e+01 
       3.680205394621e-01       2.171508165456e+01 
       3.713322035287e-01       2.131064001644e+01 
       3.746438680301e-01       2.092784698454e+01 
       3.779555329547e-01       2.056469019917e+01 
       3.812671982916e-01       2.021829632690e+01 
       3.845788640301e-01       1.988533115198e+01 
       3.878905301597e-01       1.956253338825e+01 
       3.912021966706e-01       1.924707751495e+01 
       3.945138635530e-01       1.893680730750e+01 
       3.978255307977e-01       1.863015011030e+01 
       4.011371983957e-01       1.832607011174e+01 
       4.044488663382e-01       1.802381153297e+01 
       4.077605346168e-01       1.772315155954e+01 
       4.110722032234e-01       1.742425074326e+01 
       4.143838721501e-01       1.712781747667e+01 
       4.176955413892e-01       1.683493664925e+01 
       4.210072109333e-01       1.654701236190e+01 
       4.243188807752e-01       1.626536882475e+01 
       4.276305509081e-01       1.599108412545e+01 
       4.309422213251e-01       1.572483029962e+01 
       4.342538920198e-01       1.546687604109e+01 
       4.375655629858e-01       1.521718386426e+01 
       4.408772342170e-01       1.497562195312e+01 
       4.441889057074e-01       1.474193818377e+01 
       4.475005774513e-01       1.451581181858e+01 
       4.508122494430e-01       1.429675523201e+01 
       4.541239216771e-01       1.408409563606e+01 
       4.574355941484e-01       1.387694278077e+01 
       4.607472668516e-01       1.367429857872e+01 
       4.640589397819e-01       1.347526099960e+01 
       4.673706129343e-01       1.327912168385e+01 
       4.706822863041e-01       1.308550105469e+01 
       4.739939598869e-01       1.289424740855e+01 
       4.773056336780e-01       1.270539985124e+01 
       4.806173076733e-01       1.251903222741e+01 
       4.839289818685e-01       1.233523403500e+01 
       4.872406562596e-01       1.215414413995e+01 
       4.905523308424e-01       1.197595312218e+01 
       4.938640056133e-01       1.180094689223e+01 
       4.971756805683e-01       1.162949196010e+01 
       5.004873557039e-01       1.146205033862e+01 
       5.037990310164e-01       1.129882879823e+01 
       5.071107065024e-01       1.113989628448e+01 
       5.104223821585e-01       1.098523542097e+01 
       5.137340579814e-01       1.083446310669e+01 
       5.170457339678e-01       1.068725200988e+01 
       5.203574101147e-01       1.054329716242e+01 
       5.236690864190e-01       1.040231831937e+01 
       5.269807628778e-01       1.026413090944e+01 
       5.302924394880e-01       1.012854274526e+01 
       5.336041162469e-01       9.995340071977e+00 
       5.369157931517e-01       9.864269252623e+00 
       5.402274701998e-01       9.735096533708e+00 
       5.435391473885e-01       9.607656317115e+00 
       5.468508247152e-01       9.481978436370e+00 
       5.501625021775e-01       9.358107782602e+00 
       5.534741797728e-01       9.236227748503e+00 
       5.567858574989e-01       9.116453162194e+00 
       5.600975353534e-01       8.998860946578e+00 
       5.634092133340e-01       8.883446366014e+00 
       5.667208914385e-01       8.770151871633e+00 
       5.700325696648e-01       8.658923521500e+00 
       5.733442480106e-01       8.549746309392e+00 
       5.766559264741e-01       8.442654603310e+00 
       5.799676050531e-01       8.337687636894e+00 
       5.832792837456e-01       8.234839520770e+00 
       5.865909625498e-01       8.134040412043e+00 
       5.899026414637e-01       8.035132705408e+00 
       5.932143204855e-01       7.937996229265e+00 
       5.965259996135e-01       7.842440637081e+00 
       5.998376788458e-01       7.748392777461e+00 
       6.031493581807e-01       7.655833188643e+00 
       6.064610376165e-01       7.564766627598e+00 
       6.097727171517e-01       7.475177584495e+00 
       6.130843967845e-01       7.387015358638e+00 
       6.163960765134e-01       7.300205513033e+00 
       6.197077563368e-01       7.214656464758e+00 
       6.230194362533e-01       7.130328052524e+00 
       6.263311162613e-01       7.047223274905e+00 
       6.296427963595e-01       6.965402875325e+00 
       6.329544765463e-01       6.884931396305e+00 
       6.362661568205e-01       6.805849832643e+00 
       6.395778371805e-01       6.728144236956e+00 
       6.428895176252e-01       6.651758195416e+00 
       6.462011981532e-01       6.576612059403e+00 
       6.495128787633e-01       6.502651162196e+00 
       6.528245594541e-01       6.429853716403e+00 
       6.561362402245e-01       6.358227749103e+00 
       6.594479210732e-01       6.287788708419e+00 
       6.627596019991e-01       6.218524807224e+00 
       6.660712830010e-01       6.150385138546e+00 
       6.693829640778e-01       6.083293271969e+00 
       6.726946452283e-01       6.017168736041e+00 
       6.760063264516e-01       5.951955781720e+00 
       6.793180077465e-01       5.887647197727e+00 
       6.826296891120e-01       5.824255620772e+00 
       6.859413705470e-01       5.761832979487e+00 
       6.892530520506e-01       5.700363285504e+00 
       6.925647336217e-01       5.639828285862e+00 
       6.958764152595e-01       5.580172927809e+00 
       6.991880969629e-01       5.521355612560e+00 
       7.024997787310e-01       5.463343951349e+00 
       7.058114605629e-01       5.406141237605e+00 
       7.091231424578e-01       5.349784731626e+00 
       7.124348244147e-01       5.294290532205e+00 
       7.157465064327e-01       5.239659170719e+00 
       7.190581885111e-01       5.185874621818e+00 
       7.223698706489e-01       5.132878642432e+00 
       7.256815528454e-01       5.080616529076e+00 
       7.289932350998e-01       5.029063126508e+00 
       7.323049174113e-01       4.978207465241e+00 
       7.356165997791e-01       4.928076530785e+00 
       7.389282822025e-01       4.878674691709e+00 
       7.422399646806e-01       4.830002007261e+00 
       7.455516472128e-01       4.782029902492e+00 
       7.488633297984e-01       4.734709341981e+00 
       7.521750124367e-01       4.687996762637e+00 
       7.554866951269e-01       4.641878706251e+00 
       8.198102721918e-01       3.859263304917e+00 
       9.096865378917e-01       3.044026338492e+00 
       1.048113480481e+00       2.195014323194e+00 
       1.272309008191e+00       1.393761254391e+00 
       1.594812285659e+00       8.135216085074e-01 
       2.007541292717e+00       4.658326287878e-01 
       2.527343447222e+00       2.644690457780e-01 
       3.181736888759e+00       1.490227515828e-01 
       4.005569422901e+00       8.339609045878e-02 
       5.042713135196e+00       4.637890117018e-02 
       6.348399710287e+00       2.564514272764e-02 
       7.992161719507e+00       1.410635850885e-02 
       1.006153548386e+01       7.721763009334e-03 
       1.266672270229e+01       4.208020253527e-03 
       1.594645909407e+01       2.283631761263e-03 
       2.007540258166e+01       1.234509826708e-03 
       2.527343446205e+01       6.649278093046e-04 
       3.181736888759e+01       3.568923860412e-04 
       4.005569422901e+01       1.909192170833e-04 
       5.042713135196e+01       1.017898150979e-04 
       6.348399710287e+01       5.408345776163e-05 
       7.992161719507e+01       2.863003152167e-05 
       1.006153548386e+02       1.509182963937e-05 
       1.266672270229e+02       7.914676490310e-06 
       1.594645909407e+02       4.123775367845e-06 
       2.007540258166e+02       2.130053399308e-06 
       2.527343446205e+02       1.087550888386e-06 
       3.181736888759e+02       5.469076239693e-07 
       4.005569422901e+02       2.699583433201e-07 
       5.042713135196e+02       1.306780343283e-07 
       6.348399710287e+02       6.231089661303e-08 
       7.992161719507e+02       2.956326945571e-08 
       1.006153548386e+03       1.406860612441e-08 
