# Matter power spectrum P(k) at redshift z=5
# for k=1.04575e-05 to 1006.15 h/Mpc,
# number of wavenumbers equal to 625
#    1:k (h/Mpc)              2:P (Mpc/h)^3        
       1.045749810485e-05       1.984537356233e+00 
       2.373043761528e-05       4.443230893851e+00 
       3.705205197341e-05       6.883061596407e+00 
       5.046040160262e-05       9.320533892760e+00 
       6.399420676399e-05       1.176689946745e+01 
       7.769321405898e-05       1.423166225247e+01 
       9.159857522556e-05       1.672363055706e+01 
       1.057532435558e-04       1.925138347210e+01 
       1.202023933008e-04       2.182353537499e+01 
       1.349938674647e-04       2.444891654871e+01 
       1.501786593808e-04       2.713671518385e+01 
       1.658114333596e-04       2.989660193543e+01 
       1.819510894196e-04       3.273884672675e+01 
       1.986613765579e-04       3.567443432529e+01 
       2.160115580438e-04       3.871518137151e+01 
       2.340771306401e-04       4.187385647244e+01 
       2.529405972213e-04       4.516430403886e+01 
       2.726922886571e-04       4.860157153110e+01 
       2.934312256600e-04       5.220203750434e+01 
       3.152660040981e-04       5.598353751415e+01 
       3.383156775180e-04       5.996548263681e+01 
       3.627105977775e-04       6.416896246966e+01 
       3.885931583209e-04       6.861682195198e+01 
       4.161183645581e-04       7.333369817311e+01 
       4.454541324261e-04       7.834599814429e+01 
       4.767811907995e-04       8.368179651129e+01 
       5.102924387431e-04       8.937062514786e+01 
       5.461915893473e-04       9.544312804993e+01 
       5.846909251320e-04       1.019305519589e+02 
       6.260080050474e-04       1.088640508185e+02 
       6.703612104985e-04       1.162737889249e+02 
       7.179641068864e-04       1.241878508492e+02 
       7.690187318622e-04       1.326309879274e+02 
       8.237080952403e-04       1.416232690850e+02 
       8.821883665213e-04       1.511787309254e+02 
       9.445813962622e-04       1.613041549504e+02 
       1.010968318642e-03       1.719981141740e+02 
       1.081384969221e-03       1.832504140587e+02 
       1.155819700313e-03       1.950420231272e+02 
       1.234213899658e-03       2.073455289136e+02 
       1.316465168833e-03       2.201260785227e+02 
       1.402432774394e-03       2.333427075141e+02 
       1.491944724558e-03       2.469499177500e+02 
       1.584805697329e-03       2.608993291555e+02 
       1.680805061300e-03       2.751412633778e+02 
       1.779724358910e-03       2.896261582349e+02 
       1.881343813733e-03       3.043057214207e+02 
       1.985447627100e-03       3.191338027171e+02 
       2.091828006459e-03       3.340670106821e+02 
       2.200287998256e-03       3.490650799187e+02 
       2.310643277916e-03       3.640905785501e+02 
       2.422723085604e-03       3.791103142613e+02 
       2.536370500476e-03       3.940940591421e+02 
       2.651442230081e-03       4.090146964929e+02 
       2.767808065318e-03       4.238480840194e+02 
       2.885350122018e-03       4.385729540402e+02 
       3.003961962113e-03       4.531705768685e+02 
       3.123547662764e-03       4.676246695689e+02 
       3.244020881646e-03       4.819211091653e+02 
       3.365303950641e-03       4.960477327779e+02 
       3.487327018288e-03       5.099941415818e+02 
       3.610027252458e-03       5.237514903339e+02 
       3.733348108622e-03       5.373124032621e+02 
       3.857238664757e-03       5.506706276244e+02 
       3.981653021215e-03       5.638210168792e+02 
       4.106549762154e-03       5.767594703348e+02 
       4.231891474164e-03       5.894825615165e+02 
       4.357644317282e-03       6.019878631552e+02 
       4.483777643502e-03       6.142733586463e+02 
       4.610263657980e-03       6.263378995912e+02 
       4.737077118433e-03       6.381806223395e+02 
       4.864195068510e-03       6.498012929075e+02 
       4.991596601329e-03       6.612001360205e+02 
       5.119262649698e-03       6.723775079853e+02 
       5.247175799933e-03       6.833344035458e+02 
       5.375320126495e-03       6.940717289268e+02 
       5.503681045008e-03       7.045908520634e+02 
       5.632245181484e-03       7.148934629780e+02 
       5.761000255846e-03       7.249810986735e+02 
       5.889934978076e-03       7.348556298661e+02 
       6.019038955502e-03       7.445190233746e+02 
       6.148302609931e-03       7.539732800329e+02 
       6.277717103485e-03       7.632206805573e+02 
       6.407274272154e-03       7.722636208107e+02 
       6.536966566162e-03       7.811040761614e+02 
       6.666786996400e-03       7.897446405431e+02 
       6.796729086234e-03       7.981875844476e+02 
       6.926786828089e-03       8.064354010190e+02 
       7.056954644300e-03       8.144907708439e+02 
       7.187227351743e-03       8.223560405978e+02 
       7.317600129859e-03       8.300335970354e+02 
       7.448068491705e-03       8.375260673671e+02 
       7.578628257697e-03       8.448359925064e+02 
       7.709275531791e-03       8.519653705466e+02 
       7.840006679834e-03       8.589173139920e+02 
       7.970818309857e-03       8.656940535741e+02 
       8.101707254141e-03       8.722977288272e+02 
       8.232670552846e-03       8.787313244539e+02 
       8.363705439076e-03       8.849971927978e+02 
       8.494809325229e-03       8.910971650176e+02 
       8.625979790500e-03       8.970341552697e+02 
       8.757214569446e-03       9.028105155636e+02 
       8.888511541496e-03       9.084284780826e+02 
       9.019868721331e-03       9.138901856377e+02 
       9.151284250039e-03       9.191982303719e+02 
       9.282756386994e-03       9.243545412819e+02 
       9.414283502372e-03       9.293615517949e+02 
       9.545864070270e-03       9.342212106324e+02 
       9.677496662351e-03       9.389357888854e+02 
       9.809179941995e-03       9.435074940418e+02 
       9.940912658886e-03       9.479380871528e+02 
       1.007269364402e-02       9.522298505363e+02 
       1.020452180510e-02       9.563848202779e+02 
       1.033639612222e-02       9.604047963329e+02 
       1.046831564399e-02       9.642920875052e+02 
       1.060027948378e-02       9.680479298035e+02 
       1.073228681639e-02       9.716748104644e+02 
       1.086433687490e-02       9.751761939907e+02 
       1.099642894770e-02       9.785506035711e+02 
       1.112856237583e-02       9.818014541702e+02 
       1.126073655044e-02       9.849302005652e+02 
       1.139295091047e-02       9.879391893986e+02 
       1.152520494046e-02       9.908295879078e+02 
       1.165749816853e-02       9.936029206404e+02 
       1.178983016452e-02       9.962618084546e+02 
       1.192220053825e-02       9.988068918944e+02 
       1.205460893787e-02       1.001240095816e+03 
       1.218705504840e-02       1.003563361344e+03 
       1.231953859028e-02       1.005778348232e+03 
       1.245205931810e-02       1.007885363340e+03 
       1.258461701939e-02       1.009887612879e+03 
       1.271721151347e-02       1.011785596974e+03 
       1.284984265044e-02       1.013581069758e+03 
       1.298251031021e-02       1.015274946237e+03 
       1.311521440158e-02       1.016869902421e+03 
       1.324795486143e-02       1.018366629447e+03 
       1.338073165393e-02       1.019766355499e+03 
       1.351354476986e-02       1.021071090206e+03 
       1.364639422595e-02       1.022281880301e+03 
       1.377928006424e-02       1.023399959220e+03 
       1.391220235156e-02       1.024426851561e+03 
       1.404516117903e-02       1.025364091111e+03 
       1.417815666155e-02       1.026213133455e+03 
       1.431118893742e-02       1.026974390020e+03 
       1.444425816794e-02       1.027650524714e+03 
       1.457736453706e-02       1.028241469990e+03 
       1.471050825103e-02       1.028749379171e+03 
       1.484368953822e-02       1.029174866221e+03 
       1.497690864875e-02       1.029519806113e+03 
       1.511016585436e-02       1.029784716153e+03 
       1.524346144820e-02       1.029971684124e+03 
       1.537679574464e-02       1.030081381814e+03 
       1.551016907917e-02       1.030115031164e+03 
       1.564358180828e-02       1.030074119477e+03 
       1.577703430938e-02       1.029959407658e+03 
       1.591052698073e-02       1.029772341040e+03 
       1.604406024142e-02       1.029514054364e+03 
       1.617763453133e-02       1.029185667618e+03 
       1.631125031118e-02       1.028788037119e+03 
       1.644490806251e-02       1.028322555971e+03 
       1.657860828775e-02       1.027790345841e+03 
       1.671235151029e-02       1.027192471096e+03 
       1.684613827459e-02       1.026530037865e+03 
       1.697996914622e-02       1.025803219761e+03 
       1.711384471207e-02       1.025013936670e+03 
       1.724776558040e-02       1.024164044453e+03 
       1.738173238109e-02       1.023253758141e+03 
       1.751574576578e-02       1.022283097588e+03 
       1.764980640804e-02       1.021254170788e+03 
       1.778391500363e-02       1.020167842315e+03 
       1.791807227070e-02       1.019025219192e+03 
       1.805227895006e-02       1.017826734119e+03 
       1.818653580541e-02       1.016574053773e+03 
       1.832084362365e-02       1.015267348401e+03 
       1.845520321520e-02       1.013908131213e+03 
       1.858961541424e-02       1.012496709542e+03 
       1.872408107911e-02       1.011034913774e+03 
       1.885860109264e-02       1.009523269156e+03 
       1.899317636251e-02       1.007961655488e+03 
       1.912780782161e-02       1.006352612425e+03 
       1.926249642850e-02       1.004695200347e+03 
       1.939724316775e-02       1.002993344508e+03 
       1.953204905044e-02       1.001243078691e+03 
       1.966691511458e-02       9.994511325219e+02 
       1.980184242558e-02       9.976132639995e+02 
       1.993683207674e-02       9.957331719668e+02 
       2.007188518977e-02       9.938111693851e+02 
       2.020700291530e-02       9.918462247702e+02 
       2.034218643342e-02       9.898411902011e+02 
       2.047743695426e-02       9.877968959511e+02 
       2.061275571856e-02       9.857135111141e+02 
       2.074814399829e-02       9.835916010806e+02 
       2.088360309724e-02       9.814321025234e+02 
       2.101913435170e-02       9.792357841813e+02 
       2.115473913110e-02       9.770033288899e+02 
       2.129041883873e-02       9.747376615126e+02 
       2.142617491241e-02       9.724354855315e+02 
       2.156200882525e-02       9.701007972696e+02 
       2.169792208640e-02       9.677327121508e+02 
       2.183391624183e-02       9.653322681491e+02 
       2.196999287514e-02       9.629010247213e+02 
       2.210615360838e-02       9.604373189296e+02 
       2.224240010293e-02       9.579458075175e+02 
       2.237873406036e-02       9.554227835809e+02 
       2.251515722336e-02       9.528716203975e+02 
       2.265167137665e-02       9.502945667979e+02 
       2.278827834800e-02       9.476881615911e+02 
       2.292498000920e-02       9.450549908411e+02 
       2.306177827707e-02       9.423971008060e+02 
       2.319867511457e-02       9.397127043474e+02 
       2.333567253186e-02       9.370046641374e+02 
       2.347277258747e-02       9.342714559993e+02 
       2.360997738941e-02       9.315160869930e+02 
       2.374728909641e-02       9.287370483242e+02 
       2.388470991917e-02       9.259377909527e+02 
       2.402224212160e-02       9.231161701221e+02 
       2.415988802217e-02       9.202733127014e+02 
       2.429764999526e-02       9.174086471768e+02 
       2.443553047256e-02       9.145262241591e+02 
       2.457353194453e-02       9.116256807301e+02 
       2.471165696187e-02       9.087052405957e+02 
       2.484990813710e-02       9.057668958906e+02 
       2.498828814611e-02       9.028120217098e+02 
       2.512679972984e-02       8.998387403039e+02 
       2.526544569592e-02       8.968504322248e+02 
       2.540422892050e-02       8.938470300130e+02 
       2.554315234997e-02       8.908273726740e+02 
       2.568221900292e-02       8.877926017133e+02 
       2.582143197196e-02       8.847432579179e+02 
       2.596079442580e-02       8.816811044009e+02 
       2.610030961129e-02       8.786062086058e+02 
       2.623998085549e-02       8.755202351947e+02 
       2.637981156794e-02       8.724190031604e+02 
       2.651980524290e-02       8.693078082251e+02 
       2.665996546168e-02       8.661839929694e+02 
       2.680029589511e-02       8.630510882204e+02 
       2.694080030602e-02       8.599059143667e+02 
       2.708148255186e-02       8.567526702287e+02 
       2.722234658737e-02       8.535899653325e+02 
       2.736339646738e-02       8.504167520521e+02 
       2.750463634970e-02       8.472341075204e+02 
       2.764607049807e-02       8.440463338259e+02 
       2.778770328530e-02       8.408475900072e+02 
       2.792953919641e-02       8.376457206702e+02 
       2.807158283200e-02       8.344332816403e+02 
       2.821383891169e-02       8.312140317423e+02 
       2.835631227763e-02       8.279891071587e+02 
       2.849900789825e-02       8.247590878825e+02 
       2.864193087208e-02       8.215247168812e+02 
       2.878508643170e-02       8.182819431376e+02 
       2.892847994792e-02       8.150369471226e+02 
       2.907211693401e-02       8.117851536304e+02 
       2.921600305018e-02       8.085343985140e+02 
       2.936014410820e-02       8.052743258122e+02 
       2.950454607619e-02       8.020130204803e+02 
       2.964921508358e-02       7.987479047699e+02 
       2.979415742637e-02       7.954820145014e+02 
       2.993937957245e-02       7.922116976819e+02 
       3.008488816723e-02       7.889392611094e+02 
       3.023069003948e-02       7.856649895663e+02 
       3.037679220740e-02       7.823889097530e+02 
       3.052320188494e-02       7.791113799612e+02 
       3.066992648838e-02       7.758336822026e+02 
       3.081697364318e-02       7.725562517917e+02 
       3.096435119115e-02       7.692741193050e+02 
       3.111206719787e-02       7.659934634921e+02 
       3.126012996051e-02       7.627139864848e+02 
       3.140854801586e-02       7.594366199297e+02 
       3.155733014887e-02       7.561566855318e+02 
       3.170648540141e-02       7.528777795846e+02 
       3.185602308155e-02       7.496002412276e+02 
       3.200595277315e-02       7.463262565084e+02 
       3.215628434598e-02       7.430503441030e+02 
       3.230702796621e-02       7.397777593174e+02 
       3.245819410741e-02       7.365067648244e+02 
       3.260979356215e-02       7.332351564058e+02 
       3.276183745398e-02       7.299684915701e+02 
       3.291433725013e-02       7.267046639512e+02 
       3.306730477471e-02       7.234419157050e+02 
       3.322075222260e-02       7.201798505370e+02 
       3.337469217403e-02       7.169240347580e+02 
       3.352913760980e-02       7.136726302600e+02 
       3.368410192736e-02       7.104210584808e+02 
       3.383959895760e-02       7.071740270892e+02 
       3.399564298254e-02       7.039306025054e+02 
       3.415224875396e-02       7.006898748330e+02 
       3.430943151287e-02       6.974551451386e+02 
       3.446720701016e-02       6.942205890805e+02 
       3.462559152820e-02       6.909938753214e+02 
       3.478460190367e-02       6.877690208713e+02 
       3.494425555159e-02       6.845496283620e+02 
       3.510457049068e-02       6.813329742388e+02 
       3.526556537007e-02       6.781244312158e+02 
       3.542725949757e-02       6.749172272650e+02 
       3.558967286947e-02       6.717150618070e+02 
       3.575282620204e-02       6.685165982071e+02 
       3.591674096486e-02       6.653241132090e+02 
       3.608143941613e-02       6.621367089612e+02 
       3.624694463996e-02       6.589537426680e+02 
       3.641328058594e-02       6.557771090835e+02 
       3.658047211114e-02       6.526041880606e+02 
       3.674854502456e-02       6.494372985585e+02 
       3.691752613441e-02       6.462735485473e+02 
       3.708744329831e-02       6.431154254846e+02 
       3.725832547669e-02       6.399621743019e+02 
       3.743020278953e-02       6.368145462382e+02 
       3.760310657689e-02       6.336713755223e+02 
       3.777706946333e-02       6.305363623619e+02 
       3.795212542663e-02       6.274022467879e+02 
       3.812830987117e-02       6.242747733132e+02 
       3.830565970624e-02       6.211522424466e+02 
       3.848421342989e-02       6.180365721765e+02 
       3.866401121852e-02       6.149241470859e+02 
       3.884509502293e-02       6.118150939825e+02 
       3.902750867120e-02       6.087141250702e+02 
       3.921129797920e-02       6.056169130221e+02 
       3.939651086917e-02       6.025223782554e+02 
       3.958319749728e-02       5.994329725108e+02 
       3.977141039084e-02       5.963496111346e+02 
       3.996120459624e-02       5.932703052546e+02 
       4.015263783837e-02       5.901950852187e+02 
       4.034577069283e-02       5.871225827954e+02 
       4.054066677207e-02       5.840557765573e+02 
       4.073739292676e-02       5.809908994987e+02 
       4.093601946408e-02       5.779310039582e+02 
       4.113662038441e-02       5.748762180076e+02 
       4.133927363850e-02       5.718235599815e+02 
       4.154406140720e-02       5.687718035875e+02 
       4.175107040600e-02       5.657307447421e+02 
       4.196039221729e-02       5.626807113856e+02 
       4.217212365321e-02       5.596388762315e+02 
       4.238636715250e-02       5.565983381417e+02 
       4.260323121533e-02       5.535579544809e+02 
       4.282283088035e-02       5.505232836950e+02 
       4.304528824899e-02       5.474849996078e+02 
       4.327073306268e-02       5.444508705976e+02 
       4.349930333937e-02       5.414175327815e+02 
       4.373114607684e-02       5.383814761491e+02 
       4.396641803108e-02       5.353463041202e+02 
       4.420528657961e-02       5.323105917012e+02 
       4.444793068082e-02       5.292728115794e+02 
       4.469454194227e-02       5.262332879322e+02 
       4.494532581288e-02       5.231901404432e+02 
       4.520050291638e-02       5.201461502303e+02 
       4.546031054620e-02       5.170962274532e+02 
       4.572500434546e-02       5.140424386171e+02 
       4.599486019958e-02       5.109819880505e+02 
       4.627017637418e-02       5.079160960738e+02 
       4.655127593643e-02       5.048435993365e+02 
       4.683850950528e-02       5.017645014937e+02 
       4.713225838436e-02       4.986745603717e+02 
       4.743293814168e-02       4.955751460349e+02 
       4.774100271297e-02       4.924645432322e+02 
       4.805694912064e-02       4.893409646465e+02 
       4.838132291952e-02       4.862043694483e+02 
       4.871472450393e-02       4.830536043575e+02 
       4.905781643925e-02       4.798826169867e+02 
       4.941133201783e-02       4.766950297372e+02 
       4.977608528353e-02       4.734857780664e+02 
       5.015298282618e-02       4.702541867542e+02 
       5.054303771845e-02       4.669958960443e+02 
       5.094738605757e-02       4.637089925252e+02 
       5.136730668884e-02       4.603918522249e+02 
       5.180424483333e-02       4.570402043012e+02 
       5.225984052739e-02       4.536481601798e+02 
       5.273596301788e-02       4.502136085927e+02 
       5.323475255774e-02       4.467287962639e+02 
       5.375867142783e-02       4.431883299525e+02 
       5.431056648953e-02       4.395840231624e+02 
       5.489374616450e-02       4.359080878550e+02 
       5.551207544878e-02       4.321498652379e+02 
       5.617009337762e-02       4.282947413252e+02 
       5.687315818582e-02       4.243266203117e+02 
       5.762762604582e-02       4.202242335784e+02 
       5.844106924229e-02       4.159627454003e+02 
       5.932253797381e-02       4.115075873906e+02 
       6.028286471725e-02       4.068146845308e+02 
       6.133499760901e-02       4.018265082084e+02 
       6.249432323971e-02       3.964666249124e+02 
       6.377888977286e-02       3.906336950903e+02 
       6.520935658723e-02       3.841919862171e+02 
       6.680837282307e-02       3.769652257576e+02 
       6.859895815143e-02       3.687325292643e+02 
       7.060145446358e-02       3.592336506700e+02 
       7.282900509302e-02       3.482038933030e+02 
       7.528254764851e-02       3.354383815232e+02 
       7.794763165265e-02       3.208816784699e+02 
       8.079557122545e-02       3.047071761487e+02 
       8.378925639194e-02       2.873444524847e+02 
       8.689081350409e-02       2.694218894952e+02 
       9.006747864852e-02       2.516524761151e+02 
       9.329408122598e-02       2.347118489511e+02 
       9.655282505597e-02       2.191508605704e+02 
       9.983181243343e-02       2.053413246504e+02 
       1.031233738652e-01       1.934691435761e+02 
       1.064226786357e-01       1.835448422986e+02 
       1.097267276976e-01       1.754345191347e+02 
       1.130336756109e-01       1.688951462955e+02 
       1.163423928821e-01       1.636089285926e+02 
       1.196521903954e-01       1.592183976773e+02 
       1.229626484529e-01       1.553585240111e+02 
       1.262735116499e-01       1.516877900895e+02 
       1.295846245788e-01       1.479177028368e+02 
       1.328958926300e-01       1.438343846565e+02 
       1.362072581392e-01       1.393135959200e+02 
       1.395186858906e-01       1.343246271918e+02 
       1.428301543108e-01       1.289210346262e+02 
       1.461416501217e-01       1.232238714673e+02 
       1.494531650939e-01       1.173970202856e+02 
       1.527646940752e-01       1.116213092121e+02 
       1.560762337931e-01       1.060713425988e+02 
       1.593877821275e-01       1.008956067367e+02 
       1.626993376673e-01       9.620489367970e+01 
       1.660108994417e-01       9.206478650435e+01 
       1.693224667555e-01       8.849566791921e+01 
       1.726340390885e-01       8.547616713764e+01 
       1.759456160339e-01       8.294961530114e+01 
       1.792571972603e-01       8.083308212485e+01 
       1.825687824880e-01       7.902669635376e+01 
       1.858803714740e-01       7.742365726302e+01 
       1.891919640029e-01       7.593210610985e+01 
       1.925035598800e-01       7.445438141274e+01 
       1.958151589280e-01       7.290446783847e+01 
       1.991267609837e-01       7.122836797234e+01 
       2.024383658960e-01       6.939949350568e+01 
       2.057499735245e-01       6.741972750056e+01 
       2.090615837384e-01       6.531598616491e+01 
       2.123731964151e-01       6.313289736413e+01 
       2.156848114401e-01       6.092422390995e+01 
       2.189964287058e-01       5.874491989883e+01 
       2.223080481113e-01       5.664464821833e+01 
       2.256196695617e-01       5.466397418109e+01 
       2.289312929674e-01       5.283259070468e+01 
       2.322429182442e-01       5.116927928032e+01 
       2.355545453127e-01       4.968092787981e+01 
       2.388661740978e-01       4.836402451687e+01 
       2.421778045285e-01       4.720442145691e+01 
       2.454894365379e-01       4.617869109402e+01 
       2.488010700625e-01       4.525715173376e+01 
       2.521127050422e-01       4.440676189612e+01 
       2.554243414200e-01       4.359498154629e+01 
       2.587359791419e-01       4.279296681754e+01 
       2.620476181567e-01       4.197819827457e+01 
       2.653592584155e-01       4.113537267264e+01 
       2.686708998722e-01       4.025655056027e+01 
       2.719825424828e-01       3.934069040154e+01 
       2.752941862052e-01       3.839239662167e+01 
       2.786058309997e-01       3.742163235807e+01 
       2.819174768282e-01       3.644203585662e+01 
       2.852291236545e-01       3.546985078796e+01 
       2.885407714441e-01       3.452162146893e+01 
       2.918524201640e-01       3.361246259611e+01 
       2.951640697827e-01       3.275404474141e+01 
       2.984757202702e-01       3.195358489416e+01 
       3.017873715976e-01       3.121364845699e+01 
       3.050990237374e-01       3.053241767693e+01 
       3.084106766634e-01       2.990499158789e+01 
       3.117223303504e-01       2.932425992562e+01 
       3.150339847742e-01       2.878184902423e+01 
       3.183456399118e-01       2.826879257920e+01 
       3.216572957409e-01       2.777594297625e+01 
       3.249689522404e-01       2.729448742178e+01 
       3.282806093897e-01       2.681665342212e+01 
       3.315922671695e-01       2.633641924852e+01 
       3.349039255608e-01       2.585007658786e+01 
       3.382155845457e-01       2.535654319330e+01 
       3.415272441067e-01       2.485705574068e+01 
       3.448389042272e-01       2.435470161990e+01 
       3.481505648911e-01       2.385357054075e+01 
       3.514622260831e-01       2.335805496218e+01 
       3.547738877882e-01       2.287239587513e+01 
       3.580855499922e-01       2.240038834299e+01 
       3.613972126813e-01       2.194519062227e+01 
       3.647088758422e-01       2.150944371959e+01 
       3.680205394621e-01       2.109482492365e+01 
       3.713322035287e-01       2.070181503750e+01 
       3.746438680301e-01       2.032984651735e+01 
       3.779555329547e-01       1.997695859781e+01 
       3.812671982916e-01       1.964035915090e+01 
       3.845788640301e-01       1.931681473365e+01 
       3.878905301597e-01       1.900314810733e+01 
       3.912021966706e-01       1.869662172045e+01 
       3.945138635530e-01       1.839513755333e+01 
       3.978255307977e-01       1.809716587368e+01 
       4.011371983957e-01       1.780170613070e+01 
       4.044488663382e-01       1.750801638834e+01 
       4.077605346168e-01       1.721588611222e+01 
       4.110722032234e-01       1.692546930988e+01 
       4.143838721501e-01       1.663745090841e+01 
       4.176955413892e-01       1.635289053366e+01 
       4.210072109333e-01       1.607314580504e+01 
       4.243188807752e-01       1.579950669859e+01 
       4.276305509081e-01       1.553302000943e+01 
       4.309422213251e-01       1.527433498617e+01 
       4.342538920198e-01       1.502371765481e+01 
       4.375655629858e-01       1.478112666046e+01 
       4.408772342170e-01       1.454643614473e+01 
       4.441889057074e-01       1.431940203940e+01 
       4.475005774513e-01       1.409970867174e+01 
       4.508122494430e-01       1.388688744886e+01 
       4.541239216771e-01       1.368028068568e+01 
       4.574355941484e-01       1.347902479574e+01 
       4.607472668516e-01       1.328215197853e+01 
       4.640589397819e-01       1.308878194572e+01 
       4.673706129343e-01       1.289823120514e+01 
       4.706822863041e-01       1.271012775628e+01 
       4.739939598869e-01       1.252432459687e+01 
       4.773056336780e-01       1.234086209267e+01 
       4.806173076733e-01       1.215980780309e+01 
       4.839289818685e-01       1.198125256905e+01 
       4.872406562596e-01       1.180532884457e+01 
       4.905523308424e-01       1.163222153447e+01 
       4.938640056133e-01       1.146221078339e+01 
       4.971756805683e-01       1.129564890385e+01 
       5.004873557039e-01       1.113298770308e+01 
       5.037990310164e-01       1.097442657961e+01 
       5.071107065024e-01       1.082003149887e+01 
       5.104223821585e-01       1.066978832568e+01 
       5.137340579814e-01       1.052332146187e+01 
       5.170457339678e-01       1.038031555608e+01 
       5.203574101147e-01       1.024047362042e+01 
       5.236690864190e-01       1.010352195160e+01 
       5.269807628778e-01       9.969284228664e+00 
       5.302924394880e-01       9.837570532347e+00 
       5.336041162469e-01       9.708175245130e+00 
       5.369157931517e-01       9.580851886695e+00 
       5.402274701998e-01       9.455371695174e+00 
       5.435391473885e-01       9.331576491642e+00 
       5.468508247152e-01       9.209492652734e+00 
       5.501625021775e-01       9.089165048516e+00 
       5.534741797728e-01       8.970772400870e+00 
       5.567858574989e-01       8.854423959190e+00 
       5.600975353534e-01       8.740197159293e+00 
       5.634092133340e-01       8.628085273155e+00 
       5.667208914385e-01       8.518033127388e+00 
       5.700325696648e-01       8.409989230642e+00 
       5.733442480106e-01       8.303936637527e+00 
       5.766559264741e-01       8.199911411669e+00 
       5.799676050531e-01       8.097949853918e+00 
       5.832792837456e-01       7.998046444546e+00 
       5.865909625498e-01       7.900134534364e+00 
       5.899026414637e-01       7.804058974682e+00 
       5.932143204855e-01       7.709705059828e+00 
       5.965259996135e-01       7.616886747052e+00 
       5.998376788458e-01       7.525532806956e+00 
       6.031493581807e-01       7.435625712295e+00 
       6.064610376165e-01       7.347168036285e+00 
       6.097727171517e-01       7.260146479323e+00 
       6.130843967845e-01       7.174511036154e+00 
       6.163960765134e-01       7.090188814206e+00 
       6.197077563368e-01       7.007092527933e+00 
       6.230194362533e-01       6.925181149479e+00 
       6.263311162613e-01       6.844458991085e+00 
       6.296427963595e-01       6.764984736918e+00 
       6.329544765463e-01       6.686820258229e+00 
       6.362661568205e-01       6.610006876680e+00 
       6.395778371805e-01       6.534529421046e+00 
       6.428895176252e-01       6.460334139084e+00 
       6.462011981532e-01       6.387343631587e+00 
       6.495128787633e-01       6.315503773386e+00 
       6.528245594541e-01       6.244795049903e+00 
       6.561362402245e-01       6.175223717748e+00 
       6.594479210732e-01       6.106805481463e+00 
       6.627596019991e-01       6.039529244623e+00 
       6.660712830010e-01       5.973344343830e+00 
       6.693829640778e-01       5.908178060840e+00 
       6.726946452283e-01       5.843951062134e+00 
       6.760063264516e-01       5.780609543468e+00 
       6.793180077465e-01       5.718147047065e+00 
       6.826296891120e-01       5.656574696409e+00 
       6.859413705470e-01       5.595944150476e+00 
       6.892530520506e-01       5.536239051574e+00 
       6.925647336217e-01       5.477441763416e+00 
       6.958764152595e-01       5.419499432109e+00 
       6.991880969629e-01       5.362370602129e+00 
       7.024997787310e-01       5.306024860799e+00 
       7.058114605629e-01       5.250464815621e+00 
       7.091231424578e-01       5.195726476481e+00 
       7.124348244147e-01       5.141826285954e+00 
       7.157465064327e-01       5.088763737070e+00 
       7.190581885111e-01       5.036524049756e+00 
       7.223698706489e-01       4.985050408330e+00 
       7.256815528454e-01       4.934289280126e+00 
       7.289932350998e-01       4.884217050359e+00 
       7.323049174113e-01       4.834822185508e+00 
       7.356165997791e-01       4.786131505399e+00 
       7.389282822025e-01       4.738149172826e+00 
       7.422399646806e-01       4.690874681388e+00 
       7.455516472128e-01       4.644281229243e+00 
       7.488633297984e-01       4.598320290619e+00 
       7.521750124367e-01       4.552950008388e+00 
       7.554866951269e-01       4.508157467073e+00 
       8.198102721918e-01       3.748041697084e+00 
       9.096865378917e-01       2.956261229377e+00 
       1.048113480481e+00       2.131698568249e+00 
       1.272309008191e+00       1.353539457713e+00 
       1.594812285659e+00       7.900364003975e-01 
       2.007541292717e+00       4.523816498691e-01 
       2.527343447222e+00       2.568313677699e-01 
       3.181736888759e+00       1.447186894184e-01 
       4.005569422901e+00       8.098731409395e-02 
       5.042713135196e+00       4.503926509451e-02 
       6.348399710287e+00       2.490437613785e-02 
       7.992161719507e+00       1.369888675674e-02 
       1.006153548386e+01       7.498712618078e-03 
       1.266672270229e+01       4.086466940813e-03 
       1.594645909407e+01       2.217666297606e-03 
       2.007540258166e+01       1.198849436715e-03 
       2.527343446205e+01       6.457204941945e-04 
       3.181736888759e+01       3.465830702226e-04 
       4.005569422901e+01       1.854042559122e-04 
       5.042713135196e+01       9.884947683473e-05 
       6.348399710287e+01       5.252118262496e-05 
       7.992161719507e+01       2.780301352783e-05 
       1.006153548386e+02       1.465588126103e-05 
       1.266672270229e+02       7.686050097610e-06 
       1.594645909407e+02       4.004654400272e-06 
       2.007540258166e+02       2.068523852921e-06 
       2.527343446205e+02       1.056135472322e-06 
       3.181736888759e+02       5.311094384327e-07 
       4.005569422901e+02       2.621602219748e-07 
       5.042713135196e+02       1.269032179612e-07 
       6.348399710287e+02       6.051095988962e-08 
       7.992161719507e+02       2.870929338853e-08 
       1.006153548386e+03       1.366221491124e-08 
