# Matter power spectrum P(k) at redshift z=3.5
# for k=1.04575e-05 to 1006.15 h/Mpc,
# number of wavenumbers equal to 625
#    1:k (h/Mpc)              2:P (Mpc/h)^3        
       1.045749810485e-05       3.516401306224e+00 
       2.373043761528e-05       7.872954689434e+00 
       3.705205197341e-05       1.219607291782e+01 
       5.046040160262e-05       1.651499333020e+01 
       6.399420676399e-05       2.084964545960e+01 
       7.769321405898e-05       2.521686134664e+01 
       9.159857522556e-05       2.963223977325e+01 
       1.057532435558e-04       3.411097207007e+01 
       1.202023933008e-04       3.866831092775e+01 
       1.349938674647e-04       4.331988969794e+01 
       1.501786593808e-04       4.808197393605e+01 
       1.658114333596e-04       5.297168127056e+01 
       1.819510894196e-04       5.800718816585e+01 
       1.986613765579e-04       6.320793383739e+01 
       2.160115580438e-04       6.859482662568e+01 
       2.340771306401e-04       7.419045597585e+01 
       2.529405972213e-04       8.001931064288e+01 
       2.726922886571e-04       8.610800245694e+01 
       2.934312256600e-04       9.248549151950e+01 
       3.152660040981e-04       9.918330710672e+01 
       3.383156775180e-04       1.062357550337e+02 
       3.627105977775e-04       1.136800969914e+02 
       3.885931583209e-04       1.215566833473e+02 
       4.161183645581e-04       1.299090140618e+02 
       4.454541324261e-04       1.387836951372e+02 
       4.767811907995e-04       1.482302520526e+02 
       5.102924387431e-04       1.583007528989e+02 
       5.461915893473e-04       1.690491922096e+02 
       5.846909251320e-04       1.805305863752e+02 
       6.260080050474e-04       1.927997400753e+02 
       6.703612104985e-04       2.059096617164e+02 
       7.179641068864e-04       2.199096405925e+02 
       7.690187318622e-04       2.348430435815e+02 
       8.237080952403e-04       2.507449490211e+02 
       8.821883665213e-04       2.676397914787e+02 
       9.445813962622e-04       2.855392367775e+02 
       1.010968318642e-03       3.044405415903e+02 
       1.081384969221e-03       3.243256085025e+02 
       1.155819700313e-03       3.451608996342e+02 
       1.234213899658e-03       3.668982614128e+02 
       1.316465168833e-03       3.894765810718e+02 
       1.402432774394e-03       4.128241003878e+02 
       1.491944724558e-03       4.368611398852e+02 
       1.584805697329e-03       4.615029349969e+02 
       1.680805061300e-03       4.866623442643e+02 
       1.779724358910e-03       5.122522687631e+02 
       1.881343813733e-03       5.381876375249e+02 
       1.985447627100e-03       5.643869319061e+02 
       2.091828006459e-03       5.907732996768e+02 
       2.200287998256e-03       6.172752604987e+02 
       2.310643277916e-03       6.438262687948e+02 
       2.422723085604e-03       6.703672814938e+02 
       2.536370500476e-03       6.968445734327e+02 
       2.651442230081e-03       7.232100459259e+02 
       2.767808065318e-03       7.494209567257e+02 
       2.885350122018e-03       7.754398007858e+02 
       3.003961962113e-03       8.012335972082e+02 
       3.123547662764e-03       8.267737137923e+02 
       3.244020881646e-03       8.520353067694e+02 
       3.365303950641e-03       8.769969371576e+02 
       3.487327018288e-03       9.016402128355e+02 
       3.610027252458e-03       9.259494252475e+02 
       3.733348108622e-03       9.499114258875e+02 
       3.857238664757e-03       9.735150412913e+02 
       3.981653021215e-03       9.967510755357e+02 
       4.106549762154e-03       1.019612215358e+03 
       4.231891474164e-03       1.042092384842e+03 
       4.357644317282e-03       1.064187310617e+03 
       4.483777643502e-03       1.085893468673e+03 
       4.610263657980e-03       1.107208874257e+03 
       4.737077118433e-03       1.128132035482e+03 
       4.864195068510e-03       1.148662552871e+03 
       4.991596601329e-03       1.168800818981e+03 
       5.119262649698e-03       1.188547437173e+03 
       5.247175799933e-03       1.207904135209e+03 
       5.375320126495e-03       1.226872484102e+03 
       5.503681045008e-03       1.245454880310e+03 
       5.632245181484e-03       1.263654303239e+03 
       5.761000255846e-03       1.281473474178e+03 
       5.889934978076e-03       1.298915711063e+03 
       6.019038955502e-03       1.315984505477e+03 
       6.148302609931e-03       1.332683413876e+03 
       6.277717103485e-03       1.349016481816e+03 
       6.407274272154e-03       1.364988001152e+03 
       6.536966566162e-03       1.380601599543e+03 
       6.666786996400e-03       1.395861543064e+03 
       6.796729086234e-03       1.410772014303e+03 
       6.926786828089e-03       1.425337411904e+03 
       7.056954644300e-03       1.439562588245e+03 
       7.187227351743e-03       1.453451762113e+03 
       7.317600129859e-03       1.467009231477e+03 
       7.448068491705e-03       1.480239549675e+03 
       7.578628257697e-03       1.493147366233e+03 
       7.709275531791e-03       1.505736438116e+03 
       7.840006679834e-03       1.518012219907e+03 
       7.970818309857e-03       1.529978610125e+03 
       8.101707254141e-03       1.541639339392e+03 
       8.232670552846e-03       1.552999653297e+03 
       8.363705439076e-03       1.564063655740e+03 
       8.494809325229e-03       1.574834564531e+03 
       8.625979790500e-03       1.585317510150e+03 
       8.757214569446e-03       1.595516621023e+03 
       8.888511541496e-03       1.605435825238e+03 
       9.019868721331e-03       1.615078890009e+03 
       9.151284250039e-03       1.624450286820e+03 
       9.282756386994e-03       1.633555540490e+03 
       9.414283502372e-03       1.642395993067e+03 
       9.545864070270e-03       1.650975379673e+03 
       9.677496662351e-03       1.659298253347e+03 
       9.809179941995e-03       1.667368540078e+03 
       9.940912658886e-03       1.675189334916e+03 
       1.007269364402e-02       1.682764656550e+03 
       1.020452180510e-02       1.690098102845e+03 
       1.033639612222e-02       1.697192845843e+03 
       1.046831564399e-02       1.704052957690e+03 
       1.060027948378e-02       1.710680612477e+03 
       1.073228681639e-02       1.717080167312e+03 
       1.086433687490e-02       1.723254692240e+03 
       1.099642894770e-02       1.729207259460e+03 
       1.112856237583e-02       1.734941341066e+03 
       1.126073655044e-02       1.740459520759e+03 
       1.139295091047e-02       1.745765950081e+03 
       1.152520494046e-02       1.750862695552e+03 
       1.165749816853e-02       1.755752454502e+03 
       1.178983016452e-02       1.760439856302e+03 
       1.192220053825e-02       1.764926032167e+03 
       1.205460893787e-02       1.769214381151e+03 
       1.218705504840e-02       1.773308330700e+03 
       1.231953859028e-02       1.777210810350e+03 
       1.245205931810e-02       1.780922360484e+03 
       1.258461701939e-02       1.784448647226e+03 
       1.271721151347e-02       1.787790555960e+03 
       1.284984265044e-02       1.790951190209e+03 
       1.298251031021e-02       1.793932174239e+03 
       1.311521440158e-02       1.796738246951e+03 
       1.324795486143e-02       1.799370636543e+03 
       1.338073165393e-02       1.801831529196e+03 
       1.351354476986e-02       1.804124487633e+03 
       1.364639422595e-02       1.806251373777e+03 
       1.377928006424e-02       1.808214404682e+03 
       1.391220235156e-02       1.810016346655e+03 
       1.404516117903e-02       1.811659741928e+03 
       1.417815666155e-02       1.813147136311e+03 
       1.431118893742e-02       1.814479277136e+03 
       1.444425816794e-02       1.815660963138e+03 
       1.457736453706e-02       1.816692065360e+03 
       1.471050825103e-02       1.817576392739e+03 
       1.484368953822e-02       1.818315025988e+03 
       1.497690864875e-02       1.818911283569e+03 
       1.511016585436e-02       1.819366082608e+03 
       1.524346144820e-02       1.819683115588e+03 
       1.537679574464e-02       1.819863570705e+03 
       1.551016907917e-02       1.819909620513e+03 
       1.564358180828e-02       1.819823886847e+03 
       1.577703430938e-02       1.819607723769e+03 
       1.591052698073e-02       1.819263686776e+03 
       1.604406024142e-02       1.818793782872e+03 
       1.617763453133e-02       1.818199998575e+03 
       1.631125031118e-02       1.817483851678e+03 
       1.644490806251e-02       1.816647801454e+03 
       1.657860828775e-02       1.815693836883e+03 
       1.671235151029e-02       1.814623837755e+03 
       1.684613827459e-02       1.813439769379e+03 
       1.697996914622e-02       1.812141940095e+03 
       1.711384471207e-02       1.810733740694e+03 
       1.724776558040e-02       1.809218461301e+03 
       1.738173238109e-02       1.807596477659e+03 
       1.751574576578e-02       1.805867830749e+03 
       1.764980640804e-02       1.804036251099e+03 
       1.778391500363e-02       1.802103272092e+03 
       1.791807227070e-02       1.800070845007e+03 
       1.805227895006e-02       1.797939745998e+03 
       1.818653580541e-02       1.795712918578e+03 
       1.832084362365e-02       1.793390671265e+03 
       1.845520321520e-02       1.790975677925e+03 
       1.858961541424e-02       1.788468483930e+03 
       1.872408107911e-02       1.785872332375e+03 
       1.885860109264e-02       1.783188151015e+03 
       1.899317636251e-02       1.780415730480e+03 
       1.912780782161e-02       1.777559564167e+03 
       1.926249642850e-02       1.774617992161e+03 
       1.939724316775e-02       1.771597956213e+03 
       1.953204905044e-02       1.768492449800e+03 
       1.966691511458e-02       1.765313370168e+03 
       1.980184242558e-02       1.762053222726e+03 
       1.993683207674e-02       1.758718539881e+03 
       2.007188518977e-02       1.755309888724e+03 
       2.020700291530e-02       1.751825446775e+03 
       2.034218643342e-02       1.748270252373e+03 
       2.047743695426e-02       1.744645776919e+03 
       2.061275571856e-02       1.740952317463e+03 
       2.074814399829e-02       1.737190878989e+03 
       2.088360309724e-02       1.733363120442e+03 
       2.101913435170e-02       1.729470402037e+03 
       2.115473913110e-02       1.725513925676e+03 
       2.129041883873e-02       1.721498866048e+03 
       2.142617491241e-02       1.717419399261e+03 
       2.156200882525e-02       1.713282587735e+03 
       2.169792208640e-02       1.709086864717e+03 
       2.183391624183e-02       1.704834073039e+03 
       2.196999287514e-02       1.700526959762e+03 
       2.210615360838e-02       1.696162591134e+03 
       2.224240010293e-02       1.691749194549e+03 
       2.237873406036e-02       1.687280226245e+03 
       2.251515722336e-02       1.682761635510e+03 
       2.265167137665e-02       1.678197399936e+03 
       2.278827834800e-02       1.673581408880e+03 
       2.292498000920e-02       1.668918222314e+03 
       2.306177827707e-02       1.664211461156e+03 
       2.319867511457e-02       1.659457961196e+03 
       2.333567253186e-02       1.654662780992e+03 
       2.347277258747e-02       1.649823231061e+03 
       2.360997738941e-02       1.644944618468e+03 
       2.374728909641e-02       1.640024274956e+03 
       2.388470991917e-02       1.635068301464e+03 
       2.402224212160e-02       1.630072901827e+03 
       2.415988802217e-02       1.625040067844e+03 
       2.429764999526e-02       1.619968794869e+03 
       2.443553047256e-02       1.614866232621e+03 
       2.457353194453e-02       1.609731725976e+03 
       2.471165696187e-02       1.604562153579e+03 
       2.484990813710e-02       1.599361039878e+03 
       2.498828814611e-02       1.594130788232e+03 
       2.512679972984e-02       1.588868079529e+03 
       2.526544569592e-02       1.583578914274e+03 
       2.540422892050e-02       1.578263144512e+03 
       2.554315234997e-02       1.572918736835e+03 
       2.568221900292e-02       1.567547703208e+03 
       2.582143197196e-02       1.562150999746e+03 
       2.596079442580e-02       1.556731715009e+03 
       2.610030961129e-02       1.551290010958e+03 
       2.623998085549e-02       1.545828793786e+03 
       2.637981156794e-02       1.540340678623e+03 
       2.651980524290e-02       1.534835050321e+03 
       2.665996546168e-02       1.529307183567e+03 
       2.680029589511e-02       1.523763330296e+03 
       2.694080030602e-02       1.518197872100e+03 
       2.708148255186e-02       1.512618207542e+03 
       2.722234658737e-02       1.507021914873e+03 
       2.736339646738e-02       1.501407135433e+03 
       2.750463634970e-02       1.495775758301e+03 
       2.764607049807e-02       1.490135374355e+03 
       2.778770328530e-02       1.484475695214e+03 
       2.792953919641e-02       1.478810565053e+03 
       2.807158283200e-02       1.473126833803e+03 
       2.821383891169e-02       1.467431156227e+03 
       2.835631227763e-02       1.461725518773e+03 
       2.849900789825e-02       1.456010959592e+03 
       2.864193087208e-02       1.450288783766e+03 
       2.878508643170e-02       1.444551850754e+03 
       2.892847994792e-02       1.438811086679e+03 
       2.907211693401e-02       1.433058358507e+03 
       2.921600305018e-02       1.427307573230e+03 
       2.936014410820e-02       1.421540401470e+03 
       2.950454607619e-02       1.415771136832e+03 
       2.964921508358e-02       1.409995205767e+03 
       2.979415742637e-02       1.404218007002e+03 
       2.993937957245e-02       1.398433098100e+03 
       3.008488816723e-02       1.392644512685e+03 
       3.023069003948e-02       1.386852767327e+03 
       3.037679220740e-02       1.381057922374e+03 
       3.052320188494e-02       1.375260589564e+03 
       3.066992648838e-02       1.369463086378e+03 
       3.081697364318e-02       1.363666109583e+03 
       3.096435119115e-02       1.357860958916e+03 
       3.111206719787e-02       1.352058493813e+03 
       3.126012996051e-02       1.346258201745e+03 
       3.140854801586e-02       1.340461729793e+03 
       3.155733014887e-02       1.334660819689e+03 
       3.170648540141e-02       1.328861816276e+03 
       3.185602308155e-02       1.323065322450e+03 
       3.200595277315e-02       1.317275211842e+03 
       3.215628434598e-02       1.311481793703e+03 
       3.230702796621e-02       1.305694349144e+03 
       3.245819410741e-02       1.299909814502e+03 
       3.260979356215e-02       1.294124309558e+03 
       3.276183745398e-02       1.288347612266e+03 
       3.291433725013e-02       1.282576019529e+03 
       3.306730477471e-02       1.276806454932e+03 
       3.322075222260e-02       1.271038198061e+03 
       3.337469217403e-02       1.265281059904e+03 
       3.352913760980e-02       1.259531826736e+03 
       3.368410192736e-02       1.253782400695e+03 
       3.383959895760e-02       1.248041094930e+03 
       3.399564298254e-02       1.242306269050e+03 
       3.415224875396e-02       1.236576300059e+03 
       3.430943151287e-02       1.230857027872e+03 
       3.446720701016e-02       1.225138176773e+03 
       3.462559152820e-02       1.219433255878e+03 
       3.478460190367e-02       1.213731740387e+03 
       3.494425555159e-02       1.208039975215e+03 
       3.510457049068e-02       1.202353151063e+03 
       3.526556537007e-02       1.196680748958e+03 
       3.542725949757e-02       1.191010820463e+03 
       3.558967286947e-02       1.185349881516e+03 
       3.575282620204e-02       1.179695599738e+03 
       3.591674096486e-02       1.174051981657e+03 
       3.608143941613e-02       1.168417440908e+03 
       3.624694463996e-02       1.162790842172e+03 
       3.641328058594e-02       1.157175528861e+03 
       3.658047211114e-02       1.151566881256e+03 
       3.674854502456e-02       1.145968979830e+03 
       3.691752613441e-02       1.140376735288e+03 
       3.708744329831e-02       1.134794514795e+03 
       3.725832547669e-02       1.129221002448e+03 
       3.743020278953e-02       1.123657516953e+03 
       3.760310657689e-02       1.118102004253e+03 
       3.777706946333e-02       1.112560980556e+03 
       3.795212542663e-02       1.107021645999e+03 
       3.812830987117e-02       1.101494126673e+03 
       3.830565970624e-02       1.095975415361e+03 
       3.848421342989e-02       1.090468897677e+03 
       3.866401121852e-02       1.084968202053e+03 
       3.884509502293e-02       1.079473546217e+03 
       3.902750867120e-02       1.073993217597e+03 
       3.921129797920e-02       1.068519597926e+03 
       3.939651086917e-02       1.063050789233e+03 
       3.958319749728e-02       1.057591080581e+03 
       3.977141039084e-02       1.052142101989e+03 
       3.996120459624e-02       1.046700329948e+03 
       4.015263783837e-02       1.041265827628e+03 
       4.034577069283e-02       1.035836165701e+03 
       4.054066677207e-02       1.030416594118e+03 
       4.073739292676e-02       1.025000448155e+03 
       4.093601946408e-02       1.019593117841e+03 
       4.113662038441e-02       1.014194833935e+03 
       4.133927363850e-02       1.008800320052e+03 
       4.154406140720e-02       1.003407397002e+03 
       4.175107040600e-02       9.980333585807e+02 
       4.196039221729e-02       9.926434732266e+02 
       4.217212365321e-02       9.872680398636e+02 
       4.238636715250e-02       9.818948875585e+02 
       4.260323121533e-02       9.765219786813e+02 
       4.282283088035e-02       9.711591207025e+02 
       4.304528824899e-02       9.657898511527e+02 
       4.327073306268e-02       9.604278781822e+02 
       4.349930333937e-02       9.550672619864e+02 
       4.373114607684e-02       9.497017954450e+02 
       4.396641803108e-02       9.443378413217e+02 
       4.420528657961e-02       9.389728790576e+02 
       4.444793068082e-02       9.336042169368e+02 
       4.469454194227e-02       9.282324252085e+02 
       4.494532581288e-02       9.228541788154e+02 
       4.520050291638e-02       9.174743862679e+02 
       4.546031054620e-02       9.120840747140e+02 
       4.572500434546e-02       9.066868877310e+02 
       4.599486019958e-02       9.012778956249e+02 
       4.627017637418e-02       8.958592527899e+02 
       4.655127593643e-02       8.904289056148e+02 
       4.683850950528e-02       8.849868671371e+02 
       4.713225838436e-02       8.795256679416e+02 
       4.743293814168e-02       8.740477144887e+02 
       4.774100271297e-02       8.685499897799e+02 
       4.805694912064e-02       8.630293475127e+02 
       4.838132291952e-02       8.574856965109e+02 
       4.871472450393e-02       8.519170131882e+02 
       4.905781643925e-02       8.463126299576e+02 
       4.941133201783e-02       8.406789334510e+02 
       4.977608528353e-02       8.350069657111e+02 
       5.015298282618e-02       8.292955316604e+02 
       5.054303771845e-02       8.235369254148e+02 
       5.094738605757e-02       8.177277497956e+02 
       5.136730668884e-02       8.118651365605e+02 
       5.180424483333e-02       8.059414771506e+02 
       5.225984052739e-02       7.999463906816e+02 
       5.273596301788e-02       7.938760900128e+02 
       5.323475255774e-02       7.877168380863e+02 
       5.375867142783e-02       7.814590657453e+02 
       5.431056648953e-02       7.750882934914e+02 
       5.489374616450e-02       7.685906783975e+02 
       5.551207544878e-02       7.619473616731e+02 
       5.617009337762e-02       7.551324948438e+02 
       5.687315818582e-02       7.481176395472e+02 
       5.762762604582e-02       7.408651897075e+02 
       5.844106924229e-02       7.333313242527e+02 
       5.932253797381e-02       7.254550799214e+02 
       6.028286471725e-02       7.171587313431e+02 
       6.133499760901e-02       7.083408899226e+02 
       6.249432323971e-02       6.988668041055e+02 
       6.377888977286e-02       6.885577974721e+02 
       6.520935658723e-02       6.771743993879e+02 
       6.680837282307e-02       6.644056190118e+02 
       6.859895815143e-02       6.498619984056e+02 
       7.060145446358e-02       6.330855952838e+02 
       7.282900509302e-02       6.136114651141e+02 
       7.528254764851e-02       5.910797105629e+02 
       7.794763165265e-02       5.653928010015e+02 
       8.079557122545e-02       5.368578739244e+02 
       8.378925639194e-02       5.062342117528e+02 
       8.689081350409e-02       4.746285675709e+02 
       9.006747864852e-02       4.432973306746e+02 
       9.329408122598e-02       4.134314410762e+02 
       9.655282505597e-02       3.859996826293e+02 
       9.983181243343e-02       3.616568862242e+02 
       1.031233738652e-01       3.407298609891e+02 
       1.064226786357e-01       3.232357886701e+02 
       1.097267276976e-01       3.089389171006e+02 
       1.130336756109e-01       2.974102561042e+02 
       1.163423928821e-01       2.880897362177e+02 
       1.196521903954e-01       2.803479438762e+02 
       1.229626484529e-01       2.735413569486e+02 
       1.262735116499e-01       2.670689372422e+02 
       1.295846245788e-01       2.604225298709e+02 
       1.328958926300e-01       2.532253579866e+02 
       1.362072581392e-01       2.452590931942e+02 
       1.395186858906e-01       2.364692695532e+02 
       1.428301543108e-01       2.269504124512e+02 
       1.461416501217e-01       2.169156579667e+02 
       1.494531650939e-01       2.066532194256e+02 
       1.527646940752e-01       1.964817038058e+02 
       1.560762337931e-01       1.867081294912e+02 
       1.593877821275e-01       1.775938772414e+02 
       1.626993376673e-01       1.693339892767e+02 
       1.660108994417e-01       1.620435753131e+02 
       1.693224667555e-01       1.557586707368e+02 
       1.726340390885e-01       1.504414357255e+02 
       1.759456160339e-01       1.459920592636e+02 
       1.792571972603e-01       1.422646579580e+02 
       1.825687824880e-01       1.390832129710e+02 
       1.858803714740e-01       1.362599043774e+02 
       1.891919640029e-01       1.336329571748e+02 
       1.925035598800e-01       1.310304505415e+02 
       1.958151589280e-01       1.283011265090e+02 
       1.991267609837e-01       1.253497888313e+02 
       2.024383658960e-01       1.221297850393e+02 
       2.057499735245e-01       1.186443835999e+02 
       2.090615837384e-01       1.149408963424e+02 
       2.123731964151e-01       1.110979871312e+02 
       2.156848114401e-01       1.072101155153e+02 
       2.189964287058e-01       1.033740818418e+02 
       2.223080481113e-01       9.967724673861e+01 
       2.256196695617e-01       9.619092303058e+01 
       2.289312929674e-01       9.296746339766e+01 
       2.322429182442e-01       9.003978844789e+01 
       2.355545453127e-01       8.742007142734e+01 
       2.388661740978e-01       8.510213082333e+01 
       2.421778045285e-01       8.306099000091e+01 
       2.454894365379e-01       8.125551591280e+01 
       2.488010700625e-01       7.963338893147e+01 
       2.521127050422e-01       7.813649936802e+01 
       2.554243414200e-01       7.670761273817e+01 
       2.587359791419e-01       7.529589941727e+01 
       2.620476181567e-01       7.386182394172e+01 
       2.653592584155e-01       7.237839051557e+01 
       2.686708998722e-01       7.083165121044e+01 
       2.719825424828e-01       6.921980197317e+01 
       2.752941862052e-01       6.755087487848e+01 
       2.786058309997e-01       6.584248117211e+01 
       2.819174768282e-01       6.411856049234e+01 
       2.852291236545e-01       6.240769935447e+01 
       2.885407714441e-01       6.073903995648e+01 
       2.918524201640e-01       5.913911698175e+01 
       2.951640697827e-01       5.762851885841e+01 
       2.984757202702e-01       5.621990671754e+01 
       3.017873715976e-01       5.491779047071e+01 
       3.050990237374e-01       5.371900395603e+01 
       3.084106766634e-01       5.261487175774e+01 
       3.117223303504e-01       5.159292796383e+01 
       3.150339847742e-01       5.063841491816e+01 
       3.183456399118e-01       4.973554841666e+01 
       3.216572957409e-01       4.886826761427e+01 
       3.249689522404e-01       4.802102237540e+01 
       3.282806093897e-01       4.718017405042e+01 
       3.315922671695e-01       4.633511274659e+01 
       3.349039255608e-01       4.547930002469e+01 
       3.382155845457e-01       4.461086716006e+01 
       3.415272441067e-01       4.373195104339e+01 
       3.448389042272e-01       4.284800846374e+01 
       3.481505648911e-01       4.196623061988e+01 
       3.514622260831e-01       4.109432623372e+01 
       3.547738877882e-01       4.023978955160e+01 
       3.580855499922e-01       3.940926293655e+01 
       3.613972126813e-01       3.860832216546e+01 
       3.647088758422e-01       3.784161494133e+01 
       3.680205394621e-01       3.711206976374e+01 
       3.713322035287e-01       3.642056349411e+01 
       3.746438680301e-01       3.576607017244e+01 
       3.779555329547e-01       3.514515235688e+01 
       3.812671982916e-01       3.455290307877e+01 
       3.845788640301e-01       3.398361193848e+01 
       3.878905301597e-01       3.343171656573e+01 
       3.912021966706e-01       3.289237889101e+01 
       3.945138635530e-01       3.236191595267e+01 
       3.978255307977e-01       3.183764394604e+01 
       4.011371983957e-01       3.131778256805e+01 
       4.044488663382e-01       3.080105035943e+01 
       4.077605346168e-01       3.028705741017e+01 
       4.110722032234e-01       2.977608272329e+01 
       4.143838721501e-01       2.926933729710e+01 
       4.176955413892e-01       2.876866848757e+01 
       4.210072109333e-01       2.827648298645e+01 
       4.243188807752e-01       2.779503829521e+01 
       4.276305509081e-01       2.732617649849e+01 
       4.309422213251e-01       2.687104787098e+01 
       4.342538920198e-01       2.643010795990e+01 
       4.375655629858e-01       2.600329642341e+01 
       4.408772342170e-01       2.559038408939e+01 
       4.441889057074e-01       2.519093930280e+01 
       4.475005774513e-01       2.480441782318e+01 
       4.508122494430e-01       2.442998062239e+01 
       4.541239216771e-01       2.406648255049e+01 
       4.574355941484e-01       2.371239796461e+01 
       4.607472668516e-01       2.336602319255e+01 
       4.640589397819e-01       2.302581825134e+01 
       4.673706129343e-01       2.269056796506e+01 
       4.706822863041e-01       2.235962780678e+01 
       4.739939598869e-01       2.203273653509e+01 
       4.773056336780e-01       2.170996052688e+01 
       4.806173076733e-01       2.139142743641e+01 
       4.839289818685e-01       2.107728688620e+01 
       4.872406562596e-01       2.076778013519e+01 
       4.905523308424e-01       2.046322981523e+01 
       4.938640056133e-01       2.016412425413e+01 
       4.971756805683e-01       1.987109129263e+01 
       5.004873557039e-01       1.958491802943e+01 
       5.037990310164e-01       1.930595969316e+01 
       5.071107065024e-01       1.903433275357e+01 
       5.104223821585e-01       1.877000752971e+01 
       5.137340579814e-01       1.851232996257e+01 
       5.170457339678e-01       1.826073904626e+01 
       5.203574101147e-01       1.801471547744e+01 
       5.236690864190e-01       1.777377883173e+01 
       5.269807628778e-01       1.753761371486e+01 
       5.302924394880e-01       1.730589317802e+01 
       5.336041162469e-01       1.707824942655e+01 
       5.369157931517e-01       1.685425142967e+01 
       5.402274701998e-01       1.663349858619e+01 
       5.435391473885e-01       1.641570772000e+01 
       5.468508247152e-01       1.620093069102e+01 
       5.501625021775e-01       1.598924178779e+01 
       5.534741797728e-01       1.578095754874e+01 
       5.567858574989e-01       1.557627127309e+01 
       5.600975353534e-01       1.537531567208e+01 
       5.634092133340e-01       1.517808336174e+01 
       5.667208914385e-01       1.498447327582e+01 
       5.700325696648e-01       1.479439643744e+01 
       5.733442480106e-01       1.460782521352e+01 
       5.766559264741e-01       1.442481779864e+01 
       5.799676050531e-01       1.424544355257e+01 
       5.832792837456e-01       1.406968909048e+01 
       5.865909625498e-01       1.389743847929e+01 
       5.899026414637e-01       1.372841944301e+01 
       5.932143204855e-01       1.356242783015e+01 
       5.965259996135e-01       1.339913956571e+01 
       5.998376788458e-01       1.323842621719e+01 
       6.031493581807e-01       1.308025911945e+01 
       6.064610376165e-01       1.292464259601e+01 
       6.097727171517e-01       1.277155214331e+01 
       6.130843967845e-01       1.262090089855e+01 
       6.163960765134e-01       1.247255916360e+01 
       6.197077563368e-01       1.232637439613e+01 
       6.230194362533e-01       1.218227574981e+01 
       6.263311162613e-01       1.204026775291e+01 
       6.296427963595e-01       1.190045586523e+01 
       6.329544765463e-01       1.176294808300e+01 
       6.362661568205e-01       1.162781739595e+01 
       6.395778371805e-01       1.149503765254e+01 
       6.428895176252e-01       1.136451251224e+01 
       6.462011981532e-01       1.123610781047e+01 
       6.495128787633e-01       1.110972716892e+01 
       6.528245594541e-01       1.098533601847e+01 
       6.561362402245e-01       1.086294698049e+01 
       6.594479210732e-01       1.074258510947e+01 
       6.627596019991e-01       1.062423305107e+01 
       6.660712830010e-01       1.050780179002e+01 
       6.693829640778e-01       1.039316157733e+01 
       6.726946452283e-01       1.028017466724e+01 
       6.760063264516e-01       1.016874453447e+01 
       6.793180077465e-01       1.005886153977e+01 
       6.826296891120e-01       9.950544576883e+00 
       6.859413705470e-01       9.843884159525e+00 
       6.892530520506e-01       9.738852514095e+00 
       6.925647336217e-01       9.635417307524e+00 
       6.958764152595e-01       9.533486343817e+00 
       6.991880969629e-01       9.432986807939e+00 
       7.024997787310e-01       9.333864199642e+00 
       7.058114605629e-01       9.236124556616e+00 
       7.091231424578e-01       9.139830707293e+00 
       7.124348244147e-01       9.045010866244e+00 
       7.157465064327e-01       8.951664621308e+00 
       7.190581885111e-01       8.859766007625e+00 
       7.223698706489e-01       8.769215353604e+00 
       7.256815528454e-01       8.679918522039e+00 
       7.289932350998e-01       8.591833050851e+00 
       7.323049174113e-01       8.504939167423e+00 
       7.356165997791e-01       8.419284065148e+00 
       7.389282822025e-01       8.334875705133e+00 
       7.422399646806e-01       8.251712463313e+00 
       7.455516472128e-01       8.169747205302e+00 
       7.488633297984e-01       8.088894809758e+00 
       7.521750124367e-01       8.009080901237e+00 
       7.554866951269e-01       7.930283854075e+00 
       8.198102721918e-01       6.593129670467e+00 
       9.096865378917e-01       5.200287761741e+00 
       1.048113480481e+00       3.749795066205e+00 
       1.272309008191e+00       2.380947797000e+00 
       1.594812285659e+00       1.389708909755e+00 
       2.007541292717e+00       7.957565240668e-01 
       2.527343447222e+00       4.517750426598e-01 
       3.181736888759e+00       2.545645549266e-01 
       4.005569422901e+00       1.424588644285e-01 
       5.042713135196e+00       7.922510023949e-02 
       6.348399710287e+00       4.380723092514e-02 
       7.992161719507e+00       2.409647426203e-02 
       1.006153548386e+01       1.319021428487e-02 
       1.266672270229e+01       7.188005312577e-03 
       1.594645909407e+01       3.900756887161e-03 
       2.007540258166e+01       2.108653960743e-03 
       2.527343446205e+01       1.135706788425e-03 
       3.181736888759e+01       6.095353242683e-04 
       4.005569422901e+01       3.260345023555e-04 
       5.042713135196e+01       1.737972180487e-04 
       6.348399710287e+01       9.231744027429e-05 
       7.992161719507e+01       4.884870717041e-05 
       1.006153548386e+02       2.573221649592e-05 
       1.266672270229e+02       1.348045743670e-05 
       1.594645909407e+02       7.012035019177e-06 
       2.007540258166e+02       3.612646717780e-06 
       2.527343446205e+02       1.837349261553e-06 
       3.181736888759e+02       9.186258412719e-07 
       4.005569422901e+02       4.496612841446e-07 
       5.042713135196e+02       2.151374621278e-07 
       6.348399710287e+02       1.009738482279e-07 
       7.992161719507e+02       4.692249528727e-08 
       1.006153548386e+03       2.177679866741e-08 
