# Matter power spectrum P(k) at redshift z=5
# for k=1.04575e-05 to 1006.15 h/Mpc,
# number of wavenumbers equal to 625
#    1:k (h/Mpc)              2:P (Mpc/h)^3        
       1.045749810485e-05       2.003247443665e+00 
       2.373043761528e-05       4.485121389205e+00 
       3.705205197341e-05       6.947954629365e+00 
       5.046040160262e-05       9.408407230955e+00 
       6.399420676399e-05       1.187783689773e+01 
       7.769321405898e-05       1.436583717764e+01 
       9.159857522556e-05       1.688129944864e+01 
       1.057532435558e-04       1.943288355721e+01 
       1.202023933008e-04       2.202928517046e+01 
       1.349938674647e-04       2.467941785738e+01 
       1.501786593808e-04       2.739255628892e+01 
       1.658114333596e-04       3.017846233513e+01 
       1.819510894196e-04       3.304750271779e+01 
       1.986613765579e-04       3.601076577488e+01 
       2.160115580438e-04       3.908017934925e+01 
       2.340771306401e-04       4.226863248178e+01 
       2.529405972213e-04       4.559010013745e+01 
       2.726922886571e-04       4.905977148220e+01 
       2.934312256600e-04       5.269417939823e+01 
       3.152660040981e-04       5.651132749455e+01 
       3.383156775180e-04       6.053080979191e+01 
       3.627105977775e-04       6.477391441669e+01 
       3.885931583209e-04       6.926370162935e+01 
       4.161183645581e-04       7.402504049836e+01 
       4.454541324261e-04       7.908458688539e+01 
       4.767811907995e-04       8.447067965131e+01 
       5.102924387431e-04       9.021312881175e+01 
       5.461915893473e-04       9.634286673638e+01 
       5.846909251320e-04       1.028914343667e+02 
       6.260080050474e-04       1.098902786184e+02 
       6.703612104985e-04       1.173698477327e+02 
       7.179641068864e-04       1.253584900735e+02 
       7.690187318622e-04       1.338811899056e+02 
       8.237080952403e-04       1.429582043583e+02 
       8.821883665213e-04       1.526037019825e+02 
       9.445813962622e-04       1.628245273948e+02 
       1.010968318642e-03       1.736192399041e+02 
       1.081384969221e-03       1.849775488697e+02 
       1.155819700313e-03       1.968802436956e+02 
       1.234213899658e-03       2.092996543424e+02 
       1.316465168833e-03       2.222006004500e+02 
       1.402432774394e-03       2.355417331687e+02 
       1.491944724558e-03       2.492771272059e+02 
       1.584805697329e-03       2.633579485976e+02 
       1.680805061300e-03       2.777340525828e+02 
       1.779724358910e-03       2.923554116698e+02 
       1.881343813733e-03       3.071732795450e+02 
       1.985447627100e-03       3.221410712748e+02 
       2.091828006459e-03       3.372149864171e+02 
       2.200287998256e-03       3.523543791025e+02 
       2.310643277916e-03       3.675214629821e+02 
       2.422723085604e-03       3.826827309931e+02 
       2.536370500476e-03       3.978076704277e+02 
       2.651442230081e-03       4.128688964420e+02 
       2.767808065318e-03       4.278420644695e+02 
       2.885350122018e-03       4.427056643549e+02 
       3.003961962112e-03       4.574408220148e+02 
       3.123547662764e-03       4.720310922055e+02 
       3.244020881646e-03       4.864622202773e+02 
       3.365303950641e-03       5.007219308124e+02 
       3.487327018288e-03       5.147997289499e+02 
       3.610027252458e-03       5.286866888362e+02 
       3.733348108622e-03       5.423753665446e+02 
       3.857238664757e-03       5.558594512639e+02 
       3.981653021215e-03       5.691337482610e+02 
       4.106549762154e-03       5.821941178113e+02 
       4.231891474164e-03       5.950370995266e+02 
       4.357644317282e-03       6.076602412292e+02 
       4.483777643502e-03       6.200615051284e+02 
       4.610263657980e-03       6.322397301630e+02 
       4.737077118433e-03       6.441940427758e+02 
       4.864195068510e-03       6.559242061312e+02 
       4.991596601329e-03       6.674304463192e+02 
       5.119262649698e-03       6.787131242982e+02 
       5.247175799933e-03       6.897732455176e+02 
       5.375320126495e-03       7.006117259117e+02 
       5.503681045008e-03       7.112299485935e+02 
       5.632245181484e-03       7.216296215513e+02 
       5.761000255846e-03       7.318122975049e+02 
       5.889934978076e-03       7.417798656043e+02 
       6.019038955502e-03       7.515343112091e+02 
       6.148302609931e-03       7.610776537901e+02 
       6.277717103485e-03       7.704121936407e+02 
       6.407274272154e-03       7.795403477550e+02 
       6.536966566162e-03       7.884641083060e+02 
       6.666786996400e-03       7.971860922679e+02 
       6.796729086234e-03       8.057085898407e+02 
       6.926786828089e-03       8.140341177188e+02 
       7.056954644300e-03       8.221653813797e+02 
       7.187227351743e-03       8.301047500298e+02 
       7.317600129859e-03       8.378546372176e+02 
       7.448068491705e-03       8.454177004782e+02 
       7.578628257697e-03       8.527964836811e+02 
       7.709275531791e-03       8.599930250410e+02 
       7.840006679834e-03       8.670104664894e+02 
       7.970818309857e-03       8.738510618104e+02 
       8.101707254141e-03       8.805169604910e+02 
       8.232670552846e-03       8.870111867285e+02 
       8.363705439076e-03       8.933360891276e+02 
       8.494809325229e-03       8.994935440813e+02 
       8.625979790500e-03       9.054864871112e+02 
       8.757214569446e-03       9.113172773640e+02 
       8.888511541496e-03       9.169881735958e+02 
       9.019868721331e-03       9.225013410985e+02 
       9.151284250039e-03       9.278593917817e+02 
       9.282756386994e-03       9.330642784264e+02 
       9.414283502372e-03       9.381184562095e+02 
       9.545864070270e-03       9.430238937665e+02 
       9.677496662351e-03       9.477828847098e+02 
       9.809179941995e-03       9.523976583668e+02 
       9.940912658886e-03       9.568699935304e+02 
       1.007269364402e-02       9.612021938475e+02 
       1.020452180510e-02       9.653963138815e+02 
       1.033639612222e-02       9.694541706512e+02 
       1.046831564399e-02       9.733780947426e+02 
       1.060027948378e-02       9.771693517707e+02 
       1.073228681639e-02       9.808307476492e+02 
       1.086433687490e-02       9.843647457990e+02 
       1.099642894770e-02       9.877709682081e+02 
       1.112856237583e-02       9.910524512745e+02 
       1.126073655044e-02       9.942106750749e+02 
       1.139295091047e-02       9.972480109013e+02 
       1.152520494046e-02       1.000165637207e+03 
       1.165749816853e-02       1.002965092843e+03 
       1.178983016452e-02       1.005649025214e+03 
       1.192220053825e-02       1.008218082389e+03 
       1.205460893787e-02       1.010674208643e+03 
       1.218705504840e-02       1.013019365287e+03 
       1.231953859028e-02       1.015255228930e+03 
       1.245205931810e-02       1.017382109357e+03 
       1.258461701939e-02       1.019403242603e+03 
       1.271721151347e-02       1.021319132972e+03 
       1.284984265044e-02       1.023131547893e+03 
       1.298251031021e-02       1.024841407916e+03 
       1.311521440158e-02       1.026451410379e+03 
       1.324795486143e-02       1.027962247450e+03 
       1.338073165393e-02       1.029375153585e+03 
       1.351354476986e-02       1.030692155571e+03 
       1.364639422595e-02       1.031914307821e+03 
       1.377928006424e-02       1.033042867586e+03 
       1.391220235156e-02       1.034079473979e+03 
       1.404516117903e-02       1.035025394136e+03 
       1.417815666155e-02       1.035882356748e+03 
       1.431118893742e-02       1.036650758752e+03 
       1.444425816794e-02       1.037333357286e+03 
       1.457736453706e-02       1.037929947832e+03 
       1.471050825103e-02       1.038442686620e+03 
       1.484368953822e-02       1.038872215258e+03 
       1.497690864875e-02       1.039220414978e+03 
       1.511016585436e-02       1.039487810590e+03 
       1.524346144820e-02       1.039676540825e+03 
       1.537679574464e-02       1.039787271785e+03 
       1.551016907917e-02       1.039821238371e+03 
       1.564358180828e-02       1.039779940420e+03 
       1.577703430938e-02       1.039664142110e+03 
       1.591052698073e-02       1.039475315414e+03 
       1.604406024142e-02       1.039214592530e+03 
       1.617763453133e-02       1.038883111002e+03 
       1.631125031118e-02       1.038481731070e+03 
       1.644490806251e-02       1.038011864985e+03 
       1.657860828775e-02       1.037474638344e+03 
       1.671235151029e-02       1.036871134421e+03 
       1.684613827459e-02       1.036202457998e+03 
       1.697996914622e-02       1.035468783637e+03 
       1.711384471207e-02       1.034672066566e+03 
       1.724776558040e-02       1.033814165649e+03 
       1.738173238109e-02       1.032895297968e+03 
       1.751574576578e-02       1.031915494424e+03 
       1.764980640804e-02       1.030876872943e+03 
       1.778391500363e-02       1.029780306530e+03 
       1.791807227070e-02       1.028626915697e+03 
       1.805227895006e-02       1.027417137972e+03 
       1.818653580541e-02       1.026152650784e+03 
       1.832084362365e-02       1.024833636313e+03 
       1.845520321520e-02       1.023461607873e+03 
       1.858961541424e-02       1.022036889232e+03 
       1.872408107911e-02       1.020561316859e+03 
       1.885860109264e-02       1.019035424070e+03 
       1.899317636251e-02       1.017459100999e+03 
       1.912780782161e-02       1.015834895022e+03 
       1.926249642850e-02       1.014161867914e+03 
       1.939724316775e-02       1.012443972362e+03 
       1.953204905044e-02       1.010677218980e+03 
       1.966691511458e-02       1.008868387667e+03 
       1.980184242558e-02       1.007013190626e+03 
       1.993683207674e-02       1.005115398247e+03 
       2.007188518977e-02       1.003175276405e+03 
       2.020700291530e-02       1.001191818346e+03 
       2.034218643342e-02       9.991678927095e+02 
       2.047743695426e-02       9.971043302836e+02 
       2.061275571856e-02       9.950013186122e+02 
       2.074814399829e-02       9.928594119651e+02 
       2.088360309724e-02       9.906795688569e+02 
       2.101913435170e-02       9.884625556090e+02 
       2.115473913110e-02       9.862090629628e+02 
       2.129041883873e-02       9.839220448810e+02 
       2.142617491241e-02       9.815981772241e+02 
       2.156200882525e-02       9.792414894798e+02 
       2.169792208640e-02       9.768510862698e+02 
       2.183391624183e-02       9.744280307550e+02 
       2.196999287514e-02       9.719738776067e+02 
       2.210615360838e-02       9.694869512524e+02 
       2.224240010293e-02       9.669719702288e+02 
       2.237873406036e-02       9.644251760223e+02 
       2.251515722336e-02       9.618499642552e+02 
       2.265167137665e-02       9.592486345636e+02 
       2.278827834800e-02       9.566176743251e+02 
       2.292498000920e-02       9.539596808294e+02 
       2.306177827706e-02       9.512767536697e+02 
       2.319867511457e-02       9.485670681904e+02 
       2.333567253186e-02       9.458335100878e+02 
       2.347277258747e-02       9.430745441248e+02 
       2.360997738941e-02       9.402932169786e+02 
       2.374728909641e-02       9.374879917873e+02 
       2.388470991917e-02       9.346623523827e+02 
       2.402224212160e-02       9.318141496067e+02 
       2.415988802217e-02       9.289445136256e+02 
       2.429764999526e-02       9.260528427783e+02 
       2.443553047256e-02       9.231432553717e+02 
       2.457353194453e-02       9.202153978622e+02 
       2.471165696187e-02       9.172674392429e+02 
       2.484990813710e-02       9.143013931556e+02 
       2.498828814611e-02       9.113186732715e+02 
       2.512679972984e-02       9.083173861120e+02 
       2.526544569592e-02       9.053009303538e+02 
       2.540422892050e-02       9.022692245343e+02 
       2.554315234997e-02       8.992211063587e+02 
       2.568221900292e-02       8.961577355349e+02 
       2.582143197196e-02       8.930796686651e+02 
       2.596079442580e-02       8.899886706311e+02 
       2.610030961129e-02       8.868847949818e+02 
       2.623998085549e-02       8.837697307933e+02 
       2.637981156794e-02       8.806392823815e+02 
       2.651980524290e-02       8.774987798054e+02 
       2.665996546168e-02       8.743455468458e+02 
       2.680029589511e-02       8.711831083080e+02 
       2.694080030602e-02       8.680082854411e+02 
       2.708148255186e-02       8.648253294669e+02 
       2.722234658737e-02       8.616328326693e+02 
       2.736339646738e-02       8.584297376530e+02 
       2.750463634970e-02       8.552171038665e+02 
       2.764607049807e-02       8.519992792641e+02 
       2.778770328530e-02       8.487703799816e+02 
       2.792953919641e-02       8.455383419187e+02 
       2.807158283200e-02       8.422956559268e+02 
       2.821383891169e-02       8.390460738799e+02 
       2.835631227763e-02       8.357907663187e+02 
       2.849900789825e-02       8.325302928396e+02 
       2.864193087208e-02       8.292654392305e+02 
       2.878508643170e-02       8.259921136040e+02 
       2.892847994792e-02       8.227165426329e+02 
       2.907211693401e-02       8.194341174960e+02 
       2.921600305018e-02       8.161527428647e+02 
       2.936014410820e-02       8.128619545653e+02 
       2.950454607619e-02       8.095699087504e+02 
       2.964921508358e-02       8.062740157626e+02 
       2.979415742637e-02       8.029773527628e+02 
       2.993937957245e-02       7.996762242925e+02 
       3.008488816723e-02       7.963729516276e+02 
       3.023069003948e-02       7.930678473941e+02 
       3.037679220740e-02       7.897609025294e+02 
       3.052320188494e-02       7.864524939647e+02 
       3.066992648838e-02       7.831439137840e+02 
       3.081697364318e-02       7.798355787360e+02 
       3.096435119115e-02       7.765225184143e+02 
       3.111206719787e-02       7.732109585325e+02 
       3.126012996051e-02       7.699005786523e+02 
       3.140854801586e-02       7.665923297415e+02 
       3.155733014887e-02       7.632814856822e+02 
       3.170648540141e-02       7.599716916574e+02 
       3.185602308155e-02       7.566632707560e+02 
       3.200595277315e-02       7.533584403917e+02 
       3.215628434598e-02       7.500516632047e+02 
       3.230702796621e-02       7.467482443731e+02 
       3.245819410741e-02       7.434464258059e+02 
       3.260979356215e-02       7.401439987131e+02 
       3.276183745398e-02       7.368465536783e+02 
       3.291433725013e-02       7.335519684824e+02 
       3.306730477471e-02       7.302584618347e+02 
       3.322075222260e-02       7.269656588417e+02 
       3.337469217403e-02       7.236791804279e+02 
       3.352913760980e-02       7.203971442950e+02 
       3.368410192736e-02       7.171149355387e+02 
       3.383959895760e-02       7.138372932749e+02 
       3.399564298254e-02       7.105633178648e+02 
       3.415224875396e-02       7.072920490060e+02 
       3.430943151287e-02       7.040268426759e+02 
       3.446720701016e-02       7.007618056618e+02 
       3.462559152820e-02       6.975046843036e+02 
       3.478460190367e-02       6.942494607739e+02 
       3.494425555159e-02       6.909997222697e+02 
       3.510457049068e-02       6.877527503884e+02 
       3.526556537007e-02       6.845139930985e+02 
       3.542725949757e-02       6.812765617119e+02 
       3.558967286947e-02       6.780442206874e+02 
       3.575282620204e-02       6.748156235565e+02 
       3.591674096486e-02       6.715930544489e+02 
       3.608143941613e-02       6.683756159799e+02 
       3.624694463996e-02       6.651626625715e+02 
       3.641328058594e-02       6.619560971902e+02 
       3.658047211114e-02       6.587532767023e+02 
       3.674854502456e-02       6.555565517277e+02 
       3.691752613441e-02       6.523629842880e+02 
       3.708744329831e-02       6.491751151185e+02 
       3.725832547669e-02       6.459921501377e+02 
       3.743020278953e-02       6.428148602140e+02 
       3.760310657689e-02       6.396420761753e+02 
       3.777706946333e-02       6.364775284890e+02 
       3.795212542663e-02       6.333138743943e+02 
       3.812830987117e-02       6.301569253674e+02 
       3.830565970624e-02       6.270049777365e+02 
       3.848421342989e-02       6.238599580512e+02 
       3.866401121852e-02       6.207182059796e+02 
       3.884509502293e-02       6.175798495153e+02 
       3.902750867120e-02       6.144496677170e+02 
       3.921129797920e-02       6.113232717647e+02 
       3.939651086917e-02       6.081995728267e+02 
       3.958319749728e-02       6.050810680210e+02 
       3.977141039084e-02       6.019686488951e+02 
       3.996120459624e-02       5.988603318595e+02 
       4.015263783837e-02       5.957561402083e+02 
       4.034577069283e-02       5.926546769960e+02 
       4.054066677207e-02       5.895589762435e+02 
       4.073739292676e-02       5.864652146835e+02 
       4.093601946408e-02       5.833765012458e+02 
       4.113662038440e-02       5.802929204445e+02 
       4.133927363850e-02       5.772115024798e+02 
       4.154406140720e-02       5.741310000609e+02 
       4.175107040600e-02       5.710612798556e+02 
       4.196039221729e-02       5.679825026407e+02 
       4.217212365321e-02       5.649120119248e+02 
       4.238636715250e-02       5.618428203622e+02 
       4.260323121533e-02       5.587737984303e+02 
       4.282283088035e-02       5.557105238446e+02 
       4.304528824899e-02       5.526436171981e+02 
       4.327073306268e-02       5.495808956970e+02 
       4.349930333937e-02       5.465189765618e+02 
       4.373114607684e-02       5.434543149878e+02 
       4.396641803108e-02       5.403905497355e+02 
       4.420528657961e-02       5.373262265054e+02 
       4.444793068082e-02       5.342598198574e+02 
       4.469454194227e-02       5.311916567427e+02 
       4.494532581288e-02       5.281198387860e+02 
       4.520050291638e-02       5.250471716215e+02 
       4.546031054620e-02       5.219685048062e+02 
       4.572500434546e-02       5.188859484664e+02 
       4.599486019958e-02       5.157966507586e+02 
       4.627017637418e-02       5.127018702932e+02 
       4.655127593643e-02       5.096004415904e+02 
       4.683850950528e-02       5.064923260087e+02 
       4.713225838436e-02       5.033732689840e+02 
       4.743293814168e-02       5.002446566603e+02 
       4.774100271297e-02       4.971047272309e+02 
       4.805694912064e-02       4.939517149076e+02 
       4.838132291952e-02       4.907855850273e+02 
       4.871472450393e-02       4.876051171262e+02 
       4.905781643925e-02       4.844042575415e+02 
       4.941133201783e-02       4.811866317746e+02 
       4.977608528353e-02       4.779471384842e+02 
       5.015298282618e-02       4.746850960588e+02 
       5.054303771845e-02       4.713961162959e+02 
       5.094738605757e-02       4.680782355012e+02 
       5.136730668884e-02       4.647298379405e+02 
       5.180424483333e-02       4.613466124453e+02 
       5.225984052739e-02       4.579226045596e+02 
       5.273596301788e-02       4.544556928477e+02 
       5.323475255774e-02       4.509380544357e+02 
       5.375867142783e-02       4.473642198012e+02 
       5.431056648953e-02       4.437259575430e+02 
       5.489374616450e-02       4.400153837396e+02 
       5.551207544877e-02       4.362217385035e+02 
       5.617009337761e-02       4.323302926104e+02 
       5.687315818582e-02       4.283247882300e+02 
       5.762762604582e-02       4.241837455957e+02 
       5.844106924229e-02       4.198821068998e+02 
       5.932253797381e-02       4.153849695591e+02 
       6.028286471725e-02       4.106478420052e+02 
       6.133499760901e-02       4.056126656122e+02 
       6.249432323971e-02       4.002022832750e+02 
       6.377888977286e-02       3.943143931857e+02 
       6.520935658723e-02       3.878119844546e+02 
       6.680837282307e-02       3.805171337171e+02 
       6.859895815143e-02       3.722068644228e+02 
       7.060145446358e-02       3.626184869682e+02 
       7.282900509302e-02       3.514848018743e+02 
       7.528254764851e-02       3.385990066621e+02 
       7.794763165265e-02       3.239051454372e+02 
       8.079557122545e-02       3.075782428193e+02 
       8.378925639194e-02       2.900519196445e+02 
       8.689081350409e-02       2.719604834707e+02 
       9.006747864852e-02       2.540236395468e+02 
       9.329408122598e-02       2.369233932569e+02 
       9.655282505597e-02       2.212157816422e+02 
       9.983181243342e-02       2.072761272721e+02 
       1.031233738652e-01       1.952920818456e+02 
       1.064226786357e-01       1.852742683256e+02 
       1.097267276976e-01       1.770875271703e+02 
       1.130336756109e-01       1.704865383787e+02 
       1.163423928821e-01       1.651505115089e+02 
       1.196521903954e-01       1.607186120015e+02 
       1.229626484529e-01       1.568223695230e+02 
       1.262735116499e-01       1.531170482804e+02 
       1.295846245788e-01       1.493114390680e+02 
       1.328958926300e-01       1.451896442139e+02 
       1.362072581392e-01       1.406262612544e+02 
       1.395186858906e-01       1.355902850982e+02 
       1.428301543108e-01       1.301357761326e+02 
       1.461416501217e-01       1.243849328326e+02 
       1.494531650939e-01       1.185031800377e+02 
       1.527646940752e-01       1.126730442738e+02 
       1.560762337931e-01       1.070707853572e+02 
       1.593877821275e-01       1.018462828086e+02 
       1.626993376673e-01       9.711137162084e+01 
       1.660108994417e-01       9.293225548743e+01 
       1.693224667555e-01       8.932950787169e+01 
       1.726340390885e-01       8.628155559263e+01 
       1.759456160339e-01       8.373119602684e+01 
       1.792571972603e-01       8.159472166465e+01 
       1.825687824880e-01       7.977131562869e+01 
       1.858803714740e-01       7.815317196225e+01 
       1.891919640029e-01       7.664756553282e+01 
       1.925035598800e-01       7.515591868504e+01 
       1.958151589280e-01       7.359140059004e+01 
       1.991267609837e-01       7.189950777300e+01 
       2.024383658960e-01       7.005340110222e+01 
       2.057499735245e-01       6.805498114780e+01 
       2.090615837384e-01       6.593141730006e+01 
       2.123731964151e-01       6.372775874350e+01 
       2.156848114401e-01       6.149827491028e+01 
       2.189964287058e-01       5.929843673763e+01 
       2.223080481113e-01       5.717837535617e+01 
       2.256196695617e-01       5.517903891774e+01 
       2.289312929674e-01       5.333039899686e+01 
       2.322429182442e-01       5.165141438970e+01 
       2.355545453127e-01       5.014903998928e+01 
       2.388661740978e-01       4.881972813446e+01 
       2.421778045285e-01       4.764919901701e+01 
       2.454894365379e-01       4.661380404520e+01 
       2.488010700625e-01       4.568358111553e+01 
       2.521127050422e-01       4.482517888542e+01 
       2.554243414200e-01       4.400574899752e+01 
       2.587359791419e-01       4.319617751878e+01 
       2.620476181567e-01       4.237373201326e+01 
       2.653592584155e-01       4.152296485567e+01 
       2.686708998722e-01       4.063586266497e+01 
       2.719825424827e-01       3.971137313589e+01 
       2.752941862052e-01       3.875414346429e+01 
       2.786058309997e-01       3.777423333801e+01 
       2.819174768282e-01       3.678540549456e+01 
       2.852291236545e-01       3.580406078727e+01 
       2.885407714441e-01       3.484689711954e+01 
       2.918524201640e-01       3.392917150215e+01 
       2.951640697827e-01       3.306266553769e+01 
       2.984757202702e-01       3.225466662714e+01 
       3.017873715976e-01       3.150775495423e+01 
       3.050990237374e-01       3.082010624953e+01 
       3.084106766634e-01       3.018676747539e+01 
       3.117223303504e-01       2.960056396391e+01 
       3.150339847742e-01       2.905304228517e+01 
       3.183456399118e-01       2.853515144820e+01 
       3.216572957409e-01       2.803765823636e+01 
       3.249689522404e-01       2.755166721258e+01 
       3.282806093897e-01       2.706932956478e+01 
       3.315922671695e-01       2.658457150757e+01 
       3.349039255608e-01       2.609365181067e+01 
       3.382155845457e-01       2.559546126224e+01 
       3.415272441067e-01       2.509126826942e+01 
       3.448389042272e-01       2.458417910732e+01 
       3.481505648911e-01       2.407832768420e+01 
       3.514622260831e-01       2.357814340457e+01 
       3.547738877882e-01       2.308790828988e+01 
       3.580855499922e-01       2.261145107184e+01 
       3.613972126813e-01       2.215196631649e+01 
       3.647088758422e-01       2.171211384051e+01 
       3.680205394621e-01       2.129355932911e+01 
       3.713322035287e-01       2.089687476459e+01 
       3.746438680301e-01       2.052140165742e+01 
       3.779555329547e-01       2.016518903283e+01 
       3.812671982916e-01       1.982541627106e+01 
       3.845788640301e-01       1.949880919908e+01 
       3.878905301597e-01       1.918218073557e+01 
       3.912021966706e-01       1.887278666076e+01 
       3.945138635530e-01       1.856847098131e+01 
       3.978255307977e-01       1.826770434772e+01 
       4.011371983957e-01       1.796944023752e+01 
       4.044488663382e-01       1.767298267132e+01 
       4.077605346168e-01       1.737809178217e+01 
       4.110722032234e-01       1.708493042647e+01 
       4.143838721501e-01       1.679421495588e+01 
       4.176955413892e-01       1.650697315461e+01 
       4.210072109333e-01       1.622459289310e+01 
       4.243188807752e-01       1.594837609211e+01 
       4.276305509081e-01       1.567938639525e+01 
       4.309422213251e-01       1.541825574093e+01 
       4.342538920198e-01       1.516527642821e+01 
       4.375655629858e-01       1.492040240623e+01 
       4.408772342170e-01       1.468349848852e+01 
       4.441889057074e-01       1.445432434578e+01 
       4.475005774513e-01       1.423256106590e+01 
       4.508122494430e-01       1.401773481552e+01 
       4.541239216771e-01       1.380918617350e+01 
       4.574355941484e-01       1.360602886210e+01 
       4.607472668516e-01       1.340730142061e+01 
       4.640589397818e-01       1.321211632674e+01 
       4.673706129343e-01       1.301976359321e+01 
       4.706822863041e-01       1.282989934978e+01 
       4.739939598869e-01       1.264233301056e+01 
       4.773056336780e-01       1.245714242515e+01 
       4.806173076733e-01       1.227436801906e+01 
       4.839289818685e-01       1.209414639721e+01 
       4.872406562596e-01       1.191657047959e+01 
       4.905523308424e-01       1.174182735308e+01 
       4.938640056133e-01       1.157021183377e+01 
       4.971756805683e-01       1.140208078933e+01 
       5.004873557039e-01       1.123788702143e+01 
       5.037990310164e-01       1.107783260139e+01 
       5.071107065024e-01       1.092198164338e+01 
       5.104223821585e-01       1.077032397793e+01 
       5.137340579814e-01       1.062247498298e+01 
       5.170457339678e-01       1.047812313886e+01 
       5.203574101147e-01       1.033696258148e+01 
       5.236690864190e-01       1.019872164579e+01 
       5.269807628778e-01       1.006323456108e+01 
       5.302924394880e-01       9.930268135651e+00 
       5.336041162469e-01       9.799649530221e+00 
       5.369157931517e-01       9.671126003521e+00 
       5.402274701998e-01       9.544464429773e+00 
       5.435391473885e-01       9.419502053486e+00 
       5.468508247152e-01       9.296270858912e+00 
       5.501625021775e-01       9.174806047137e+00 
       5.534741797728e-01       9.055300033724e+00 
       5.567858574989e-01       8.937853180331e+00 
       5.600975353534e-01       8.822552101687e+00 
       5.634092133340e-01       8.709382431391e+00 
       5.667208914385e-01       8.598293164574e+00 
       5.700325696648e-01       8.489230827940e+00 
       5.733442480106e-01       8.382179369258e+00 
       5.766559264741e-01       8.277173711119e+00 
       5.799676050531e-01       8.174251920644e+00 
       5.832792837456e-01       8.073405297124e+00 
       5.865909625498e-01       7.974572506792e+00 
       5.899026414637e-01       7.877592166779e+00 
       5.932143204855e-01       7.782347966093e+00 
       5.965259996135e-01       7.688655474232e+00 
       5.998376788458e-01       7.596440850888e+00 
       6.031493581807e-01       7.505686917024e+00 
       6.064610376165e-01       7.416395502472e+00 
       6.097727171517e-01       7.328554182730e+00 
       6.130843967845e-01       7.242112530472e+00 
       6.163960765134e-01       7.156994856858e+00 
       6.197077563368e-01       7.073115938239e+00 
       6.230194362533e-01       6.990432632122e+00 
       6.263311162613e-01       6.908950055135e+00 
       6.296427963595e-01       6.828728097645e+00 
       6.329544765463e-01       6.749830681261e+00 
       6.362661568205e-01       6.672288711712e+00 
       6.395778371805e-01       6.596100122380e+00 
       6.428895176252e-01       6.521205849588e+00 
       6.462011981532e-01       6.447527590328e+00 
       6.495128787633e-01       6.375011024160e+00 
       6.528245594541e-01       6.303635768388e+00 
       6.561362402245e-01       6.233408752591e+00 
       6.594479210732e-01       6.164346252540e+00 
       6.627596019991e-01       6.096434802146e+00 
       6.660712830010e-01       6.029627023629e+00 
       6.693829640778e-01       5.963847096224e+00 
       6.726946452283e-01       5.899014447697e+00 
       6.760063264516e-01       5.835076693291e+00 
       6.793180077465e-01       5.772025589628e+00 
       6.826296891120e-01       5.709873295249e+00 
       6.859413705470e-01       5.648670951055e+00 
       6.892530520506e-01       5.588403639632e+00 
       6.925647336217e-01       5.529051895452e+00 
       6.958764152595e-01       5.470564208891e+00 
       6.991880969629e-01       5.412896808042e+00 
       7.024997787310e-01       5.356021072445e+00 
       7.058114605629e-01       5.299936950888e+00 
       7.091231424578e-01       5.244682004027e+00 
       7.124348244147e-01       5.190274357408e+00 
       7.157465064327e-01       5.136711893691e+00 
       7.190581885111e-01       5.083980094502e+00 
       7.223698706489e-01       5.032021469453e+00 
       7.256815528454e-01       4.980781704333e+00 
       7.289932350998e-01       4.930238311196e+00 
       7.323049174113e-01       4.880377404855e+00 
       7.356165997791e-01       4.831227968537e+00 
       7.389282822025e-01       4.782793436330e+00 
       7.422399646806e-01       4.735073801808e+00 
       7.455516472128e-01       4.688041478013e+00 
       7.488633297984e-01       4.641647362215e+00 
       7.521750124367e-01       4.595849834173e+00 
       7.554866951269e-01       4.550635077184e+00 
       8.198102721918e-01       3.783357309237e+00 
       9.096865378917e-01       2.984116280693e+00 
       1.048113480481e+00       2.151784114423e+00 
       1.272309008191e+00       1.366293029478e+00 
       1.594812285659e+00       7.974804480804e-01 
       2.007541292717e+00       4.566441261292e-01 
       2.527343447222e+00       2.592518205342e-01 
       3.181736888759e+00       1.460822949723e-01 
       4.005569422901e+00       8.175039561960e-02 
       5.042713135196e+00       4.546375147551e-02 
       6.348399710287e+00       2.513902370759e-02 
       7.992161719507e+00       1.382795421535e-02 
       1.006153548386e+01       7.569364668397e-03 
       1.266672270229e+01       4.124965697624e-03 
       1.594645909407e+01       2.238557242921e-03 
       2.007540258166e+01       1.210140894637e-03 
       2.527343446205e+01       6.518010431674e-04 
       3.181736888759e+01       3.498455857994e-04 
       4.005569422901e+01       1.871485517439e-04 
       5.042713135196e+01       9.977855409949e-05 
       6.348399710287e+01       5.301426723942e-05 
       7.992161719507e+01       2.806344536393e-05 
       1.006153548386e+02       1.479255507628e-05 
       1.266672270229e+02       7.757359249951e-06 
       1.594645909407e+02       4.041524547736e-06 
       2.007540258166e+02       2.087301738943e-06 
       2.527343446205e+02       1.065517897201e-06 
       3.181736888759e+02       5.356718764991e-07 
       4.005569422901e+02       2.643092531477e-07 
       5.042713135196e+02       1.278693095702e-07 
       6.348399710287e+02       6.092349461588e-08 
       7.992161719507e+02       2.887232677089e-08 
       1.006153548386e+03       1.371943138965e-08 
