# Matter power spectrum P(k) at redshift z=4
# for k=1.04575e-05 to 1006.15 h/Mpc,
# number of wavenumbers equal to 625
#    1:k (h/Mpc)              2:P (Mpc/h)^3        
       1.045749810485e-05       2.880170071369e+00 
       2.373043761528e-05       6.448483440086e+00 
       3.705205197341e-05       9.989415868746e+00 
       5.046040160262e-05       1.352691741098e+01 
       6.399420676399e-05       1.707731455816e+01 
       7.769321405898e-05       2.065439705338e+01 
       9.159857522556e-05       2.427094470710e+01 
       1.057532435558e-04       2.793940408942e+01 
       1.202023933008e-04       3.167227263302e+01 
       1.349938674647e-04       3.548236025203e+01 
       1.501786593808e-04       3.938299532989e+01 
       1.658114333596e-04       4.338820543401e+01 
       1.819510894196e-04       4.751288651363e+01 
       1.986613765579e-04       5.177297042924e+01 
       2.160115580438e-04       5.618559402697e+01 
       2.340771306401e-04       6.076927367169e+01 
       2.529405972213e-04       6.554408413746e+01 
       2.726922886571e-04       7.053184244350e+01 
       2.934312256600e-04       7.575629327101e+01 
       3.152660040981e-04       8.124329063688e+01 
       3.383156775180e-04       8.702096911905e+01 
       3.627105977775e-04       9.311989156432e+01 
       3.885931583209e-04       9.957315996241e+01 
       4.161183645581e-04       1.064164667360e+02 
       4.454541324261e-04       1.136880614385e+02 
       4.767811907995e-04       1.214285998758e+02 
       5.102924387431e-04       1.296808382128e+02 
       5.461915893473e-04       1.384891305169e+02 
       5.846909251320e-04       1.478986901607e+02 
       6.260080050474e-04       1.579545809434e+02 
       6.703612104985e-04       1.687004201085e+02 
       7.179641068864e-04       1.801768020950e+02 
       7.690187318622e-04       1.924194910322e+02 
       8.237080952403e-04       2.054574767182e+02 
       8.821883665213e-04       2.193110369090e+02 
       9.445813962622e-04       2.339899855094e+02 
       1.010968318642e-03       2.494923163142e+02 
       1.081384969221e-03       2.658034163090e+02 
       1.155819700313e-03       2.828959854418e+02 
       1.234213899658e-03       3.007307071920e+02 
       1.316465168833e-03       3.192576089803e+02 
       1.402432774394e-03       3.384179677479e+02 
       1.491944724558e-03       3.581465598931e+02 
       1.584805697329e-03       3.783740058320e+02 
       1.680805061300e-03       3.990290095404e+02 
       1.779724358910e-03       4.200403552589e+02 
       1.881343813733e-03       4.413385384730e+02 
       1.985447627100e-03       4.628570072766e+02 
       2.091828006459e-03       4.845330567845e+02 
       2.200287998256e-03       5.063083811732e+02 
       2.310643277916e-03       5.281286858531e+02 
       2.422723085604e-03       5.499457731902e+02 
       2.536370500476e-03       5.717157353234e+02 
       2.651442230081e-03       5.933991852330e+02 
       2.767808065318e-03       6.149611256049e+02 
       2.885350122018e-03       6.363706609819e+02 
       3.003961962112e-03       6.576007428379e+02 
       3.123547662764e-03       6.786277721271e+02 
       3.244020881646e-03       6.994312789460e+02 
       3.365303950641e-03       7.199935858757e+02 
       3.487327018288e-03       7.402995138439e+02 
       3.610027252458e-03       7.603360769509e+02 
       3.733348108622e-03       7.800923691362e+02 
       3.857238664757e-03       7.995590808551e+02 
       3.981653021215e-03       8.187284955853e+02 
       4.106549762154e-03       8.375944181465e+02 
       4.231891474164e-03       8.561516493808e+02 
       4.357644317282e-03       8.743964619620e+02 
       4.483777643502e-03       8.923257437109e+02 
       4.610263657980e-03       9.099376564040e+02 
       4.737077118433e-03       9.272307777113e+02 
       4.864195068510e-03       9.442045955237e+02 
       4.991596601329e-03       9.608592564545e+02 
       5.119262649698e-03       9.771950881027e+02 
       5.247175799933e-03       9.932133432693e+02 
       5.375320126495e-03       1.008915146316e+03 
       5.503681045008e-03       1.024302302390e+03 
       5.632245181484e-03       1.039377100626e+03 
       5.761000255846e-03       1.054141623422e+03 
       5.889934978076e-03       1.068598454990e+03 
       6.019038955502e-03       1.082750333153e+03 
       6.148302609931e-03       1.096600055033e+03 
       6.277717103485e-03       1.110150827256e+03 
       6.407274272154e-03       1.123406027575e+03 
       6.536966566162e-03       1.136368426230e+03 
       6.666786996400e-03       1.149041690059e+03 
       6.796729086234e-03       1.161428998688e+03 
       6.926786828089e-03       1.173533880087e+03 
       7.056954644300e-03       1.185360123160e+03 
       7.187227351743e-03       1.196911103466e+03 
       7.317600129859e-03       1.208190207782e+03 
       7.448068491705e-03       1.219201087829e+03 
       7.578628257697e-03       1.229947432090e+03 
       7.709275531791e-03       1.240432250904e+03 
       7.840006679834e-03       1.250659938955e+03 
       7.970818309857e-03       1.260633614008e+03 
       8.101707254141e-03       1.270356248258e+03 
       8.232670552846e-03       1.279832084117e+03 
       8.363705439076e-03       1.289064394141e+03 
       8.494809325229e-03       1.298055770845e+03 
       8.625979790500e-03       1.306810360469e+03 
       8.757214569446e-03       1.315331478918e+03 
       8.888511541496e-03       1.323622301524e+03 
       9.019868721331e-03       1.331685879132e+03 
       9.151284250039e-03       1.339525907534e+03 
       9.282756386994e-03       1.347145139873e+03 
       9.414283502372e-03       1.354547054123e+03 
       9.545864070270e-03       1.361734419909e+03 
       9.677496662351e-03       1.368710475709e+03 
       9.809179941995e-03       1.375480185590e+03 
       9.940912658886e-03       1.382043407500e+03 
       1.007269364402e-02       1.388403830354e+03 
       1.020452180510e-02       1.394564832975e+03 
       1.033639612222e-02       1.400529015761e+03 
       1.046831564399e-02       1.406299704528e+03 
       1.060027948378e-02       1.411878665675e+03 
       1.073228681639e-02       1.417269470940e+03 
       1.086433687490e-02       1.422474628376e+03 
       1.099642894770e-02       1.427496651511e+03 
       1.112856237583e-02       1.432338384983e+03 
       1.126073655044e-02       1.437001942644e+03 
       1.139295091047e-02       1.441490738730e+03 
       1.152520494046e-02       1.445806465893e+03 
       1.165749816853e-02       1.449951338234e+03 
       1.178983016452e-02       1.453929171998e+03 
       1.192220053825e-02       1.457740892626e+03 
       1.205460893787e-02       1.461389299507e+03 
       1.218705504840e-02       1.464877216513e+03 
       1.231953859028e-02       1.468207055011e+03 
       1.245205931810e-02       1.471379249906e+03 
       1.258461701939e-02       1.474398468366e+03 
       1.271721151347e-02       1.477265427522e+03 
       1.284984265044e-02       1.479982671342e+03 
       1.298251031021e-02       1.482551520075e+03 
       1.311521440158e-02       1.484975864043e+03 
       1.324795486143e-02       1.487256694788e+03 
       1.338073165393e-02       1.489395784697e+03 
       1.351354476986e-02       1.491396056660e+03 
       1.364639422595e-02       1.493259022229e+03 
       1.377928006424e-02       1.494986490860e+03 
       1.391220235156e-02       1.496580825019e+03 
       1.404516117903e-02       1.498043894594e+03 
       1.417815666155e-02       1.499378066613e+03 
       1.431118893742e-02       1.500583884133e+03 
       1.444425816794e-02       1.501665321886e+03 
       1.457736453706e-02       1.502622103131e+03 
       1.471050825103e-02       1.503457329333e+03 
       1.484368953822e-02       1.504171900931e+03 
       1.497690864875e-02       1.504768519866e+03 
       1.511016585436e-02       1.505247908453e+03 
       1.524346144820e-02       1.505613155477e+03 
       1.537679574464e-02       1.505865195109e+03 
       1.551016907917e-02       1.506005795281e+03 
       1.564358180828e-02       1.506037103495e+03 
       1.577703430938e-02       1.505960208335e+03 
       1.591052698073e-02       1.505777220593e+03 
       1.604406024142e-02       1.505489763482e+03 
       1.617763453133e-02       1.505099461433e+03 
       1.631125031118e-02       1.504607547355e+03 
       1.644490806251e-02       1.504016052086e+03 
       1.657860828775e-02       1.503326584879e+03 
       1.671235151029e-02       1.502540708273e+03 
       1.684613827459e-02       1.501660004307e+03 
       1.697996914622e-02       1.500684717503e+03 
       1.711384471207e-02       1.499617668936e+03 
       1.724776558040e-02       1.498461543225e+03 
       1.738173238109e-02       1.497216645860e+03 
       1.751574576578e-02       1.495883013727e+03 
       1.764980640804e-02       1.494463706337e+03 
       1.778391500363e-02       1.492959983088e+03 
       1.791807227070e-02       1.491373463599e+03 
       1.805227895006e-02       1.489704774909e+03 
       1.818653580541e-02       1.487956343960e+03 
       1.832084362365e-02       1.486128427665e+03 
       1.845520321520e-02       1.484223215504e+03 
       1.858961541424e-02       1.482241172206e+03 
       1.872408107911e-02       1.480184950742e+03 
       1.885860109264e-02       1.478055322401e+03 
       1.899317636251e-02       1.475852122246e+03 
       1.912780782161e-02       1.473579033855e+03 
       1.926249642850e-02       1.471234691525e+03 
       1.939724316775e-02       1.468824818551e+03 
       1.953204905044e-02       1.466343621858e+03 
       1.966691511458e-02       1.463800926584e+03 
       1.980184242558e-02       1.461190496240e+03 
       1.993683207674e-02       1.458517799825e+03 
       2.007188518977e-02       1.455783203524e+03 
       2.020700291530e-02       1.452985236906e+03 
       2.034218643342e-02       1.450128049279e+03 
       2.047743695426e-02       1.447212827841e+03 
       2.061275571856e-02       1.444239834231e+03 
       2.074814399829e-02       1.441209856529e+03 
       2.088360309724e-02       1.438124268252e+03 
       2.101913435170e-02       1.434984165893e+03 
       2.115473913110e-02       1.431790532187e+03 
       2.129041883873e-02       1.428547638390e+03 
       2.142617491241e-02       1.425250645610e+03 
       2.156200882525e-02       1.421905378001e+03 
       2.169792208640e-02       1.418510520864e+03 
       2.183391624183e-02       1.415067599677e+03 
       2.196999287514e-02       1.411578854665e+03 
       2.210615360838e-02       1.408041829880e+03 
       2.224240010293e-02       1.404463364954e+03 
       2.237873406036e-02       1.400837982477e+03 
       2.251515722336e-02       1.397170593922e+03 
       2.265167137665e-02       1.393464528455e+03 
       2.278827834800e-02       1.389714666202e+03 
       2.292498000920e-02       1.385924762858e+03 
       2.306177827706e-02       1.382097859404e+03 
       2.319867511457e-02       1.378231289914e+03 
       2.333567253186e-02       1.374329239008e+03 
       2.347277258747e-02       1.370389451664e+03 
       2.360997738941e-02       1.366416363002e+03 
       2.374728909641e-02       1.362407722192e+03 
       2.388470991917e-02       1.358368585025e+03 
       2.402224212160e-02       1.354295827597e+03 
       2.415988802217e-02       1.350191085719e+03 
       2.429764999526e-02       1.346053478385e+03 
       2.443553047256e-02       1.341888992815e+03 
       2.457353194453e-02       1.337697116780e+03 
       2.471165696187e-02       1.333475187543e+03 
       2.484990813710e-02       1.329226129411e+03 
       2.498828814611e-02       1.324952011386e+03 
       2.512679972984e-02       1.320650083812e+03 
       2.526544569592e-02       1.316325280563e+03 
       2.540422892050e-02       1.311977501518e+03 
       2.554315234997e-02       1.307605062327e+03 
       2.568221900292e-02       1.303209658725e+03 
       2.582143197196e-02       1.298792108807e+03 
       2.596079442580e-02       1.294354997891e+03 
       2.610030961129e-02       1.289898390792e+03 
       2.623998085549e-02       1.285424784873e+03 
       2.637981156794e-02       1.280928074086e+03 
       2.651980524290e-02       1.276416026388e+03 
       2.665996546168e-02       1.271884762609e+03 
       2.680029589511e-02       1.267339417584e+03 
       2.694080030602e-02       1.262775398467e+03 
       2.708148255186e-02       1.258198891294e+03 
       2.722234658737e-02       1.253607864155e+03 
       2.736339646738e-02       1.249000790243e+03 
       2.750463634970e-02       1.244379229169e+03 
       2.764607049807e-02       1.239749511167e+03 
       2.778770328530e-02       1.235103106052e+03 
       2.792953919641e-02       1.230451566098e+03 
       2.807158283200e-02       1.225783978752e+03 
       2.821383891169e-02       1.221105813046e+03 
       2.835631227763e-02       1.216418790494e+03 
       2.849900789825e-02       1.211723739628e+03 
       2.864193087208e-02       1.207021801941e+03 
       2.878508643170e-02       1.202307054913e+03 
       2.892847994792e-02       1.197588555315e+03 
       2.907211693401e-02       1.192859609872e+03 
       2.921600305018e-02       1.188131725189e+03 
       2.936014410820e-02       1.183389698771e+03 
       2.950454607619e-02       1.178645410516e+03 
       2.964921508358e-02       1.173895069626e+03 
       2.979415742637e-02       1.169143206759e+03 
       2.993937957245e-02       1.164384419875e+03 
       3.008488816723e-02       1.159622103835e+03 
       3.023069003948e-02       1.154856708585e+03 
       3.037679220740e-02       1.150088249291e+03 
       3.052320188494e-02       1.145317280389e+03 
       3.066992648838e-02       1.140545668312e+03 
       3.081697364318e-02       1.135774031051e+03 
       3.096435119115e-02       1.130995142861e+03 
       3.111206719787e-02       1.126218070012e+03 
       3.126012996051e-02       1.121442352882e+03 
       3.140854801586e-02       1.116669379483e+03 
       3.155733014887e-02       1.111892267223e+03 
       3.170648540141e-02       1.107116334653e+03 
       3.185602308155e-02       1.102342043152e+03 
       3.200595277315e-02       1.097572648892e+03 
       3.215628434598e-02       1.092800070248e+03 
       3.230702796621e-02       1.088032045924e+03 
       3.245819410741e-02       1.083266013113e+03 
       3.260979356215e-02       1.078498758485e+03 
       3.276183745398e-02       1.073738431630e+03 
       3.291433725013e-02       1.068981948720e+03 
       3.306730477471e-02       1.064226702683e+03 
       3.322075222260e-02       1.059472157145e+03 
       3.337469217403e-02       1.054726503662e+03 
       3.352913760980e-02       1.049987005930e+03 
       3.368410192736e-02       1.045246937268e+03 
       3.383959895760e-02       1.040513204388e+03 
       3.399564298254e-02       1.035784510707e+03 
       3.415224875396e-02       1.031059437860e+03 
       3.430943151287e-02       1.026342888138e+03 
       3.446720701016e-02       1.021626276092e+03 
       3.462559152820e-02       1.016920889604e+03 
       3.478460190367e-02       1.012217961160e+03 
       3.494425555159e-02       1.007522722549e+03 
       3.510457049068e-02       1.002831202764e+03 
       3.526556537007e-02       9.981513522363e+02 
       3.542725949757e-02       9.934731159840e+02 
       3.558967286947e-02       9.888019665442e+02 
       3.575282620204e-02       9.841359840472e+02 
       3.591674096486e-02       9.794784815672e+02 
       3.608143941613e-02       9.748281442407e+02 
       3.624694463996e-02       9.701840229860e+02 
       3.641328058594e-02       9.655488941757e+02 
       3.658047211114e-02       9.609188972649e+02 
       3.674854502456e-02       9.562974657099e+02 
       3.691752613441e-02       9.516803022117e+02 
       3.708744329831e-02       9.470711071379e+02 
       3.725832547669e-02       9.424687072529e+02 
       3.743020278953e-02       9.378742417571e+02 
       3.760310657689e-02       9.332859934532e+02 
       3.777706946333e-02       9.287093952850e+02 
       3.795212542663e-02       9.241337278759e+02 
       3.812830987117e-02       9.195674637165e+02 
       3.830565970624e-02       9.150081084630e+02 
       3.848421342989e-02       9.104584765613e+02 
       3.866401121852e-02       9.059132123988e+02 
       3.884509502293e-02       9.013725018603e+02 
       3.902750867120e-02       8.968433000519e+02 
       3.921129797920e-02       8.923192088589e+02 
       3.939651086917e-02       8.877986384902e+02 
       3.958319749728e-02       8.832852176375e+02 
       3.977141039084e-02       8.787802371093e+02 
       3.996120459624e-02       8.742808059454e+02 
       4.015263783837e-02       8.697869592922e+02 
       4.034577069283e-02       8.652966538892e+02 
       4.054066677207e-02       8.608143181126e+02 
       4.073739292676e-02       8.563343678052e+02 
       4.093601946408e-02       8.518613491851e+02 
       4.113662038440e-02       8.473953797182e+02 
       4.133927363850e-02       8.429321496780e+02 
       4.154406140720e-02       8.384698233677e+02 
       4.175107040600e-02       8.340228169693e+02 
       4.196039221729e-02       8.295621749894e+02 
       4.217212365321e-02       8.251132463235e+02 
       4.238636715250e-02       8.206658324588e+02 
       4.260323121533e-02       8.162183046884e+02 
       4.282283088035e-02       8.117788268141e+02 
       4.304528824899e-02       8.073337188507e+02 
       4.327073306268e-02       8.028944226124e+02 
       4.349930333937e-02       7.984560278359e+02 
       4.373114607684e-02       7.940133821176e+02 
       4.396641803108e-02       7.895718310162e+02 
       4.420528657961e-02       7.851292768136e+02 
       4.444793068082e-02       7.806835323781e+02 
       4.469454194227e-02       7.762351134610e+02 
       4.494532581288e-02       7.717812739938e+02 
       4.520050291638e-02       7.673261613656e+02 
       4.546031054620e-02       7.628622815042e+02 
       4.572500434546e-02       7.583927656112e+02 
       4.599486019958e-02       7.539134764479e+02 
       4.627017637418e-02       7.494262968451e+02 
       4.655127593643e-02       7.449295662909e+02 
       4.683850950528e-02       7.404232653220e+02 
       4.713225838436e-02       7.359012089167e+02 
       4.743293814168e-02       7.313654612319e+02 
       4.774100271297e-02       7.268134803639e+02 
       4.805694912064e-02       7.222427126623e+02 
       4.838132291952e-02       7.176531411371e+02 
       4.871472450393e-02       7.130429882028e+02 
       4.905781643925e-02       7.084034281880e+02 
       4.941133201783e-02       7.037397892341e+02 
       4.977608528353e-02       6.990446095969e+02 
       5.015298282618e-02       6.943168983392e+02 
       5.054303771845e-02       6.895502601430e+02 
       5.094738605757e-02       6.847418212212e+02 
       5.136730668884e-02       6.798892180549e+02 
       5.180424483333e-02       6.749861532727e+02 
       5.225984052739e-02       6.700239470036e+02 
       5.273596301788e-02       6.649995067776e+02 
       5.323475255774e-02       6.599014321861e+02 
       5.375867142783e-02       6.547217618068e+02 
       5.431056648953e-02       6.494485720118e+02 
       5.489374616450e-02       6.440703988397e+02 
       5.551207544877e-02       6.385716608023e+02 
       5.617009337761e-02       6.329310255702e+02 
       5.687315818582e-02       6.271249361682e+02 
       5.762762604582e-02       6.211222432815e+02 
       5.844106924229e-02       6.148866294500e+02 
       5.932253797381e-02       6.083673836911e+02 
       6.028286471725e-02       6.014997189227e+02 
       6.133499760901e-02       5.941988996308e+02 
       6.249432323971e-02       5.863519781757e+02 
       6.377888977286e-02       5.778088255127e+02 
       6.520935658723e-02       5.683680541773e+02 
       6.680837282307e-02       5.577681331681e+02 
       6.859895815143e-02       5.456817528570e+02 
       7.060145446358e-02       5.317236137188e+02 
       7.282900509302e-02       5.155002683709e+02 
       7.528254764851e-02       4.967037464724e+02 
       7.794763165265e-02       4.752470672887e+02 
       8.079557122545e-02       4.513853869828e+02 
       8.378925639194e-02       4.257521475382e+02 
       8.689081350409e-02       3.992746981401e+02 
       9.006747864852e-02       3.730107972650e+02 
       9.329408122598e-02       3.479624277747e+02 
       9.655282505597e-02       3.249467032016e+02 
       9.983181243342e-02       3.045181400145e+02 
       1.031233738652e-01       2.869536274625e+02 
       1.064226786357e-01       2.722707708581e+02 
       1.097267276976e-01       2.602732595611e+02 
       1.130336756109e-01       2.506012132821e+02 
       1.163423928821e-01       2.427848284286e+02 
       1.196521903954e-01       2.362944051816e+02 
       1.229626484529e-01       2.305885350342e+02 
       1.262735116499e-01       2.251612247687e+02 
       1.295846245788e-01       2.195840444245e+02 
       1.328958926300e-01       2.135397877368e+02 
       1.362072581392e-01       2.068441687211e+02 
       1.395186858906e-01       1.994512731349e+02 
       1.428301543108e-01       1.914409861384e+02 
       1.461416501217e-01       1.829928857032e+02 
       1.494531650939e-01       1.743504164172e+02 
       1.527646940752e-01       1.657824231317e+02 
       1.560762337931e-01       1.575481231448e+02 
       1.593877821275e-01       1.498684492158e+02 
       1.626993376673e-01       1.429080717149e+02 
       1.660108994417e-01       1.367645391027e+02 
       1.693224667555e-01       1.314684789259e+02 
       1.726340390885e-01       1.269881263783e+02 
       1.759456160339e-01       1.232395560530e+02 
       1.792571972603e-01       1.200996753968e+02 
       1.825687824880e-01       1.174200998094e+02 
       1.858803714740e-01       1.150423531265e+02 
       1.891919640029e-01       1.128298711429e+02 
       1.925035598800e-01       1.106376320610e+02 
       1.958151589280e-01       1.083378521028e+02 
       1.991267609837e-01       1.058502114722e+02 
       2.024383658960e-01       1.031353092632e+02 
       2.057499735245e-01       1.001958540729e+02 
       2.090615837384e-01       9.707187728724e+01 
       2.123731964151e-01       9.382974321522e+01 
       2.156848114401e-01       9.054928468525e+01 
       2.189964287058e-01       8.731227745684e+01 
       2.223080481113e-01       8.419249873896e+01 
       2.256196695617e-01       8.125026659396e+01 
       2.289312929674e-01       7.852978253455e+01 
       2.322429182442e-01       7.605891690248e+01 
       2.355545453127e-01       7.384799764327e+01 
       2.388661740978e-01       7.189179330389e+01 
       2.421778045285e-01       7.016928128600e+01 
       2.454894365379e-01       6.864569972225e+01 
       2.488010700625e-01       6.727688364924e+01 
       2.521127050422e-01       6.601377049303e+01 
       2.554243414200e-01       6.480797948243e+01 
       2.587359791419e-01       6.361661928706e+01 
       2.620476181567e-01       6.240625898193e+01 
       2.653592584155e-01       6.115410192609e+01 
       2.686708998722e-01       5.984837822159e+01 
       2.719825424827e-01       5.848753617183e+01 
       2.752941862052e-01       5.707839781225e+01 
       2.786058309997e-01       5.563581757074e+01 
       2.819174768282e-01       5.418003470569e+01 
       2.852291236545e-01       5.273522367963e+01 
       2.885407714441e-01       5.132598724146e+01 
       2.918524201640e-01       4.997477749362e+01 
       2.951640697827e-01       4.869898265837e+01 
       2.984757202702e-01       4.750931691360e+01 
       3.017873715976e-01       4.640959137944e+01 
       3.050990237374e-01       4.539713456074e+01 
       3.084106766634e-01       4.446463171560e+01 
       3.117223303504e-01       4.360154293249e+01 
       3.150339847742e-01       4.279540176624e+01 
       3.183456399118e-01       4.203288017608e+01 
       3.216572957409e-01       4.130039270327e+01 
       3.249689522404e-01       4.058481699185e+01 
       3.282806093897e-01       3.987461121581e+01 
       3.315922671695e-01       3.916081916174e+01 
       3.349039255608e-01       3.843792742607e+01 
       3.382155845457e-01       3.770431694897e+01 
       3.415272441067e-01       3.696183850481e+01 
       3.448389042272e-01       3.621508212670e+01 
       3.481505648911e-01       3.547013430351e+01 
       3.514622260831e-01       3.473351323808e+01 
       3.547738877882e-01       3.401154262308e+01 
       3.580855499922e-01       3.330984794164e+01 
       3.613972126813e-01       3.263314659915e+01 
       3.647088758422e-01       3.198535556888e+01 
       3.680205394621e-01       3.136892358819e+01 
       3.713322035287e-01       3.078470636461e+01 
       3.746438680301e-01       3.023172134917e+01 
       3.779555329547e-01       2.970710299194e+01 
       3.812671982916e-01       2.920669741892e+01 
       3.845788640301e-01       2.872567357628e+01 
       3.878905301597e-01       2.825934861077e+01 
       3.912021966706e-01       2.780367065584e+01 
       3.945138635530e-01       2.735546709585e+01 
       3.978255307977e-01       2.691248876805e+01 
       4.011371983957e-01       2.647318539239e+01 
       4.044488663382e-01       2.603654229804e+01 
       4.077605346168e-01       2.560219875326e+01 
       4.110722032234e-01       2.517039669487e+01 
       4.143838721501e-01       2.474219557504e+01 
       4.176955413892e-01       2.431910279799e+01 
       4.210072109333e-01       2.390317059271e+01 
       4.243188807752e-01       2.349631220204e+01 
       4.276305509081e-01       2.310009621013e+01 
       4.309422213251e-01       2.271545671998e+01 
       4.342538920198e-01       2.234281914998e+01 
       4.375655629858e-01       2.198212123739e+01 
       4.408772342170e-01       2.163316119515e+01 
       4.441889057074e-01       2.129558431466e+01 
       4.475005774513e-01       2.096892566840e+01 
       4.508122494430e-01       2.065248089286e+01 
       4.541239216771e-01       2.034528343672e+01 
       4.574355941484e-01       2.004602668903e+01 
       4.607472668516e-01       1.975329131620e+01 
       4.640589397818e-01       1.946577555272e+01 
       4.673706129343e-01       1.918242701408e+01 
       4.706822863041e-01       1.890274362209e+01 
       4.739939598869e-01       1.862644436622e+01 
       4.773056336780e-01       1.835364026274e+01 
       4.806173076733e-01       1.808439704553e+01 
       4.839289818685e-01       1.781891062214e+01 
       4.872406562596e-01       1.755732028811e+01 
       4.905523308424e-01       1.729990300105e+01 
       4.938640056133e-01       1.704708990933e+01 
       4.971756805683e-01       1.679941076351e+01 
       5.004873557039e-01       1.655752956059e+01 
       5.037990310164e-01       1.632174535344e+01 
       5.071107065024e-01       1.609215400046e+01 
       5.104223821585e-01       1.586873744887e+01 
       5.137340579814e-01       1.565093297797e+01 
       5.170457339678e-01       1.543827840793e+01 
       5.203574101147e-01       1.523032422182e+01 
       5.236690864190e-01       1.502667196104e+01 
       5.269807628778e-01       1.482707372711e+01 
       5.302924394880e-01       1.463118988209e+01 
       5.336041162469e-01       1.443876373436e+01 
       5.369157931517e-01       1.424942251396e+01 
       5.402274701998e-01       1.406282500912e+01 
       5.435391473885e-01       1.387872826634e+01 
       5.468508247152e-01       1.369718250430e+01 
       5.501625021775e-01       1.351823821343e+01 
       5.534741797728e-01       1.334217809394e+01 
       5.567858574989e-01       1.316915270808e+01 
       5.600975353534e-01       1.299928611996e+01 
       5.634092133340e-01       1.283256017661e+01 
       5.667208914385e-01       1.266889888870e+01 
       5.700325696648e-01       1.250822183830e+01 
       5.733442480106e-01       1.235050888778e+01 
       5.766559264741e-01       1.219580833619e+01 
       5.799676050531e-01       1.204417776771e+01 
       5.832792837456e-01       1.189560460337e+01 
       5.865909625498e-01       1.174999659090e+01 
       5.899026414637e-01       1.160711899196e+01 
       5.932143204855e-01       1.146679776882e+01 
       5.965259996135e-01       1.132876253511e+01 
       5.998376788458e-01       1.119290448946e+01 
       6.031493581807e-01       1.105919746396e+01 
       6.064610376165e-01       1.092764593870e+01 
       6.097727171517e-01       1.079822979441e+01 
       6.130843967845e-01       1.067087526789e+01 
       6.163960765134e-01       1.054547151219e+01 
       6.197077563368e-01       1.042189158161e+01 
       6.230194362533e-01       1.030007441660e+01 
       6.263311162613e-01       1.018002506210e+01 
       6.296427963595e-01       1.006183257720e+01 
       6.329544765463e-01       9.945591910676e+00 
       6.362661568205e-01       9.831347375862e+00 
       6.395778371805e-01       9.719097276563e+00 
       6.428895176252e-01       9.608753468062e+00 
       6.462011981532e-01       9.500200447158e+00 
       6.495128787633e-01       9.393360161752e+00 
       6.528245594541e-01       9.288200115742e+00 
       6.561362402245e-01       9.184732275788e+00 
       6.594479210732e-01       9.082979521199e+00 
       6.627596019991e-01       8.982922492560e+00 
       6.660712830010e-01       8.884492033049e+00 
       6.693829640778e-01       8.787574755691e+00 
       6.726946452283e-01       8.692053707203e+00 
       6.760063264516e-01       8.597850745139e+00 
       6.793180077465e-01       8.504953705334e+00 
       6.826296891120e-01       8.413381282601e+00 
       6.859413705470e-01       8.323207831512e+00 
       6.892530520506e-01       8.234412324974e+00 
       6.925647336217e-01       8.146965563258e+00 
       6.958764152595e-01       8.060791340995e+00 
       6.991880969629e-01       7.975825972353e+00 
       7.024997787310e-01       7.892026571882e+00 
       7.058114605629e-01       7.809393449766e+00 
       7.091231424578e-01       7.727982452947e+00 
       7.124348244147e-01       7.647818988394e+00 
       7.157465064327e-01       7.568901327193e+00 
       7.190581885111e-01       7.491206913171e+00 
       7.223698706489e-01       7.414651655757e+00 
       7.256815528454e-01       7.339155870318e+00 
       7.289932350998e-01       7.264685271959e+00 
       7.323049174113e-01       7.191220673170e+00 
       7.356165997791e-01       7.118804187211e+00 
       7.389282822025e-01       7.047440500409e+00 
       7.422399646806e-01       6.977130848694e+00 
       7.455516472128e-01       6.907833122589e+00 
       7.488633297984e-01       6.839476026631e+00 
       7.521750124367e-01       6.771997922794e+00 
       7.554866951269e-01       6.705378032673e+00 
       8.198102721918e-01       5.574853178693e+00 
       9.096865378917e-01       4.397207363796e+00 
       1.048113480481e+00       3.170774434783e+00 
       1.272309008191e+00       2.013334290202e+00 
       1.594812285659e+00       1.175157767403e+00 
       2.007541292717e+00       6.729094400288e-01 
       2.527343447222e+00       3.820338630460e-01 
       3.181736888759e+00       2.152676631954e-01 
       4.005569422901e+00       1.204679328561e-01 
       5.042713135196e+00       6.699570740180e-02 
       6.348399710287e+00       3.704498957685e-02 
       7.992161719507e+00       2.037689414411e-02 
       1.006153548386e+01       1.115418148902e-02 
       1.266672270229e+01       6.078489717923e-03 
       1.594645909407e+01       3.298670567036e-03 
       2.007540258166e+01       1.783196506968e-03 
       2.527343446205e+01       9.604317414555e-04 
       3.181736888759e+01       5.154768015820e-04 
       4.005569422901e+01       2.757335045405e-04 
       5.042713135196e+01       1.469918823761e-04 
       6.348399710287e+01       7.808628179200e-05 
       7.992161719507e+01       4.132434216246e-05 
       1.006153548386e+02       2.177328691696e-05 
       1.266672270229e+02       1.141053647395e-05 
       1.594645909407e+02       5.938651506362e-06 
       2.007540258166e+02       3.062206953123e-06 
       2.527343446205e+02       1.559396043222e-06 
       3.181736888759e+02       7.811371337942e-07 
       4.005569422901e+02       3.834208013352e-07 
       5.042713135196e+02       1.841457485755e-07 
       6.348399710287e+02       8.687015897468e-08 
       7.992161719507e+02       4.062927905644e-08 
       1.006153548386e+03       1.899293290212e-08 
