# Matter power spectrum P(k) at redshift z=3.5
# for k=1.04575e-05 to 1006.15 h/Mpc,
# number of wavenumbers equal to 625
#    1:k (h/Mpc)              2:P (Mpc/h)^3        
       1.045749810485e-05       3.549548529660e+00 
       2.373043761528e-05       7.947168780296e+00 
       3.705205197341e-05       1.231103863724e+01 
       5.046040160262e-05       1.667067108407e+01 
       6.399420676399e-05       2.104618346409e+01 
       7.769321405898e-05       2.545456655301e+01 
       9.159857522556e-05       2.991156605771e+01 
       1.057532435558e-04       3.443251651375e+01 
       1.202023933008e-04       3.903281436108e+01 
       1.349938674647e-04       4.372824040631e+01 
       1.501786593808e-04       4.853521331349e+01 
       1.658114333596e-04       5.347101215776e+01 
       1.819510894196e-04       5.855398467099e+01 
       1.986613765579e-04       6.380375330547e+01 
       2.160115580438e-04       6.924142328977e+01 
       2.340771306401e-04       7.488979701548e+01 
       2.529405972213e-04       8.077359407914e+01 
       2.726922886571e-04       8.691967696702e+01 
       2.934312256600e-04       9.335727867180e+01 
       3.152660040981e-04       1.001182254764e+02 
       3.383156775180e-04       1.072371465078e+02 
       3.627105977775e-04       1.147516543023e+02 
       3.885931583209e-04       1.227024794458e+02 
       4.161183645581e-04       1.311335315457e+02 
       4.454541324261e-04       1.400918556709e+02 
       4.767811907995e-04       1.496274435515e+02 
       5.102924387431e-04       1.597928535855e+02 
       5.461915893473e-04       1.706425885897e+02 
       5.846909251320e-04       1.822321828923e+02 
       6.260080050474e-04       1.946169567684e+02 
       6.703612104985e-04       2.078504174680e+02 
       7.179641068864e-04       2.219823177792e+02 
       7.690187318622e-04       2.370564322897e+02 
       8.237080952403e-04       2.531081689227e+02 
       8.821883665213e-04       2.701621915863e+02 
       9.445813962622e-04       2.882302752797e+02 
       1.010968318642e-03       3.073096504616e+02 
       1.081384969221e-03       3.273820490042e+02 
       1.155819700313e-03       3.484136178108e+02 
       1.234213899658e-03       3.703557503907e+02 
       1.316465168833e-03       3.931467604474e+02 
       1.402432774394e-03       4.167142159848e+02 
       1.491944724558e-03       4.409776899642e+02 
       1.584805697329e-03       4.658516221437e+02 
       1.680805061300e-03       4.912480532421e+02 
       1.779724358910e-03       5.170790664126e+02 
       1.881343813733e-03       5.432587904854e+02 
       1.985447627100e-03       5.697049393939e+02 
       2.091828006459e-03       5.963399355528e+02 
       2.200287998256e-03       6.230916229242e+02 
       2.310643277916e-03       6.498928251326e+02 
       2.422723085604e-03       6.766839387616e+02 
       2.536370500476e-03       7.034107305655e+02 
       2.651442230081e-03       7.300246232252e+02 
       2.767808065318e-03       7.564825375564e+02 
       2.885350122018e-03       7.827464941915e+02 
       3.003961962112e-03       8.087832978868e+02 
       3.123547662764e-03       8.345640189933e+02 
       3.244020881646e-03       8.600635841627e+02 
       3.365303950641e-03       8.852603562453e+02 
       3.487327018288e-03       9.101357747376e+02 
       3.610027252458e-03       9.346739891304e+02 
       3.733348108622e-03       9.588617298507e+02 
       3.857238664757e-03       9.826877212766e+02 
       3.981653021215e-03       1.006142680302e+03 
       4.106549762154e-03       1.029219224337e+03 
       4.231891474164e-03       1.051911216662e+03 
       4.357644317282e-03       1.074214339435e+03 
       4.483777643502e-03       1.096125029899e+03 
       4.610263657980e-03       1.117641281222e+03 
       4.737077118433e-03       1.138761583494e+03 
       4.864195068510e-03       1.159485531896e+03 
       4.991596601329e-03       1.179813521780e+03 
       5.119262649698e-03       1.199746164342e+03 
       5.247175799933e-03       1.219285206718e+03 
       5.375320126495e-03       1.238432238051e+03 
       5.503681045008e-03       1.257189681505e+03 
       5.632245181484e-03       1.275560549449e+03 
       5.761000255846e-03       1.293547590988e+03 
       5.889934978076e-03       1.311154157200e+03 
       6.019038955502e-03       1.328383772460e+03 
       6.148302609931e-03       1.345240019246e+03 
       6.277717103485e-03       1.361727005617e+03 
       6.407274272154e-03       1.377849013952e+03 
       6.536966566162e-03       1.393609737340e+03 
       6.666786996400e-03       1.409013497009e+03 
       6.796729086234e-03       1.424064423206e+03 
       6.926786828089e-03       1.438767062390e+03 
       7.056954644300e-03       1.453126240810e+03 
       7.187227351743e-03       1.467146259412e+03 
       7.317600129859e-03       1.480831436528e+03 
       7.448068491705e-03       1.494186395566e+03 
       7.578628257697e-03       1.507215799622e+03 
       7.709275531791e-03       1.519923463651e+03 
       7.840006679834e-03       1.532314895512e+03 
       7.970818309857e-03       1.544394033201e+03 
       8.101707254141e-03       1.556164632015e+03 
       8.232670552846e-03       1.567631999452e+03 
       8.363705439076e-03       1.578800249394e+03 
       8.494809325229e-03       1.589672653529e+03 
       8.625979790500e-03       1.600254387471e+03 
       8.757214569446e-03       1.610549599499e+03 
       8.888511541496e-03       1.620562258112e+03 
       9.019868721331e-03       1.630296176901e+03 
       9.151284250039e-03       1.639755929198e+03 
       9.282756386994e-03       1.648947264048e+03 
       9.414283502372e-03       1.657870640577e+03 
       9.545864070270e-03       1.666530796517e+03 
       9.677496662351e-03       1.674932063570e+03 
       9.809179941995e-03       1.683078370486e+03 
       9.940912658886e-03       1.690972838591e+03 
       1.007269364402e-02       1.698619528318e+03 
       1.020452180510e-02       1.706022070390e+03 
       1.033639612222e-02       1.713183666157e+03 
       1.046831564399e-02       1.720108425172e+03 
       1.060027948378e-02       1.726798540251e+03 
       1.073228681639e-02       1.733258405487e+03 
       1.086433687490e-02       1.739491118576e+03 
       1.099642894770e-02       1.745499777567e+03 
       1.112856237583e-02       1.751287884899e+03 
       1.126073655044e-02       1.756858047705e+03 
       1.139295091047e-02       1.762214458128e+03 
       1.152520494046e-02       1.767359203055e+03 
       1.165749816853e-02       1.772295006596e+03 
       1.178983016452e-02       1.777026547959e+03 
       1.192220053825e-02       1.781554972532e+03 
       1.205460893787e-02       1.785883715240e+03 
       1.218705504840e-02       1.790016240080e+03 
       1.231953859028e-02       1.793955506546e+03 
       1.245205931810e-02       1.797702059320e+03 
       1.258461701939e-02       1.801261615824e+03 
       1.271721151347e-02       1.804635067614e+03 
       1.284984265044e-02       1.807825539331e+03 
       1.298251031021e-02       1.810834663099e+03 
       1.311521440158e-02       1.813667211845e+03 
       1.324795486143e-02       1.816324419105e+03 
       1.338073165393e-02       1.818808473904e+03 
       1.351354476986e-02       1.821122973542e+03 
       1.364639422595e-02       1.823269790848e+03 
       1.377928006424e-02       1.825251165989e+03 
       1.391220235156e-02       1.827070015799e+03 
       1.404516117903e-02       1.828728681855e+03 
       1.417815666155e-02       1.830230027650e+03 
       1.431118893742e-02       1.831574743339e+03 
       1.444425816794e-02       1.832767713252e+03 
       1.457736453706e-02       1.833808652509e+03 
       1.471050825103e-02       1.834701381486e+03 
       1.484368953822e-02       1.835447029644e+03 
       1.497690864875e-02       1.836048927690e+03 
       1.511016585436e-02       1.836507986108e+03 
       1.524346144820e-02       1.836828008296e+03 
       1.537679574464e-02       1.837010166773e+03 
       1.551016907917e-02       1.837056649861e+03 
       1.564358180828e-02       1.836970106168e+03 
       1.577703430938e-02       1.836751895403e+03 
       1.591052698073e-02       1.836404620865e+03 
       1.604406024142e-02       1.835930288585e+03 
       1.617763453133e-02       1.835330907325e+03 
       1.631125031118e-02       1.834608005256e+03 
       1.644490806251e-02       1.833764082414e+03 
       1.657860828775e-02       1.832801124772e+03 
       1.671235151029e-02       1.831721056053e+03 
       1.684613827459e-02       1.830525827738e+03 
       1.697996914622e-02       1.829215754389e+03 
       1.711384471207e-02       1.827794294491e+03 
       1.724776558040e-02       1.826264734358e+03 
       1.738173238109e-02       1.824627461406e+03 
       1.751574576578e-02       1.822882537254e+03 
       1.764980640804e-02       1.821033701119e+03 
       1.778391500363e-02       1.819082502893e+03 
       1.791807227070e-02       1.817030925576e+03 
       1.805227895006e-02       1.814879746845e+03 
       1.818653580541e-02       1.812631933439e+03 
       1.832084362365e-02       1.810287810577e+03 
       1.845520321520e-02       1.807850056174e+03 
       1.858961541424e-02       1.805319246703e+03 
       1.872408107911e-02       1.802698625875e+03 
       1.885860109264e-02       1.799989144356e+03 
       1.899317636251e-02       1.797190614601e+03 
       1.912780782161e-02       1.794307533151e+03 
       1.926249642850e-02       1.791338251073e+03 
       1.939724316775e-02       1.788289751241e+03 
       1.953204905044e-02       1.785154996421e+03 
       1.966691511458e-02       1.781945962021e+03 
       1.980184242558e-02       1.778655071949e+03 
       1.993683207674e-02       1.775289003688e+03 
       2.007188518977e-02       1.771848217535e+03 
       2.020700291530e-02       1.768330947401e+03 
       2.034218643342e-02       1.764742259626e+03 
       2.047743695426e-02       1.761083620534e+03 
       2.061275571856e-02       1.757355368588e+03 
       2.074814399829e-02       1.753558487563e+03 
       2.088360309724e-02       1.749694671932e+03 
       2.101913435170e-02       1.745765275422e+03 
       2.115473913110e-02       1.741771518799e+03 
       2.129041883873e-02       1.737718621144e+03 
       2.142617491241e-02       1.733600722933e+03 
       2.156200882525e-02       1.729424927742e+03 
       2.169792208640e-02       1.725189667070e+03 
       2.183391624183e-02       1.720896813723e+03 
       2.196999287514e-02       1.716549118200e+03 
       2.210615360838e-02       1.712143620236e+03 
       2.224240010293e-02       1.707688651852e+03 
       2.237873406036e-02       1.703177581056e+03 
       2.251515722336e-02       1.698616400483e+03 
       2.265167137665e-02       1.694009170539e+03 
       2.278827834800e-02       1.689349693193e+03 
       2.292498000920e-02       1.684642551587e+03 
       2.306177827706e-02       1.679891450930e+03 
       2.319867511457e-02       1.675093174575e+03 
       2.333567253186e-02       1.670252822376e+03 
       2.347277258747e-02       1.665367655931e+03 
       2.360997738941e-02       1.660443086175e+03 
       2.374728909641e-02       1.655476384073e+03 
       2.388470991917e-02       1.650473700330e+03 
       2.402224212160e-02       1.645431244860e+03 
       2.415988802217e-02       1.640351011399e+03 
       2.429764999526e-02       1.635231929325e+03 
       2.443553047256e-02       1.630081275610e+03 
       2.457353194453e-02       1.624898428037e+03 
       2.471165696187e-02       1.619680153168e+03 
       2.484990813710e-02       1.614429990879e+03 
       2.498828814611e-02       1.609150450488e+03 
       2.512679972984e-02       1.603838200165e+03 
       2.526544569592e-02       1.598499204268e+03 
       2.540422892050e-02       1.593133350737e+03 
       2.554315234997e-02       1.587738567206e+03 
       2.568221900292e-02       1.582316915884e+03 
       2.582143197196e-02       1.576869372722e+03 
       2.596079442580e-02       1.571399070569e+03 
       2.610030961129e-02       1.565906060314e+03 
       2.623998085549e-02       1.560393368295e+03 
       2.637981156794e-02       1.554853566890e+03 
       2.651980524290e-02       1.549296068996e+03 
       2.665996546168e-02       1.543716149865e+03 
       2.680029589511e-02       1.538120026888e+03 
       2.694080030602e-02       1.532502109695e+03 
       2.708148255186e-02       1.526869890426e+03 
       2.722234658737e-02       1.521220885306e+03 
       2.736339646738e-02       1.515553224925e+03 
       2.750463634970e-02       1.509868787891e+03 
       2.764607049807e-02       1.504175236999e+03 
       2.778770328530e-02       1.498462202762e+03 
       2.792953919641e-02       1.492743697410e+03 
       2.807158283200e-02       1.487006459066e+03 
       2.821383891169e-02       1.481257110717e+03 
       2.835631227763e-02       1.475497725476e+03 
       2.849900789825e-02       1.469729298030e+03 
       2.864193087208e-02       1.463953188669e+03 
       2.878508643170e-02       1.458162221460e+03 
       2.892847994792e-02       1.452367352116e+03 
       2.907211693401e-02       1.446560457950e+03 
       2.921600305018e-02       1.440755475345e+03 
       2.936014410820e-02       1.434933976954e+03 
       2.950454607619e-02       1.429110344500e+03 
       2.964921508358e-02       1.423279966617e+03 
       2.979415742637e-02       1.417448353213e+03 
       2.993937957245e-02       1.411608926174e+03 
       3.008488816723e-02       1.405765799947e+03 
       3.023069003948e-02       1.399919505411e+03 
       3.037679220740e-02       1.394070070638e+03 
       3.052320188494e-02       1.388218160313e+03 
       3.066992648838e-02       1.382366018415e+03 
       3.081697364318e-02       1.376514393518e+03 
       3.096435119115e-02       1.370654527200e+03 
       3.111206719787e-02       1.364797403088e+03 
       3.126012996051e-02       1.358942456947e+03 
       3.140854801586e-02       1.353091367953e+03 
       3.155733014887e-02       1.347235791679e+03 
       3.170648540141e-02       1.341382171621e+03 
       3.185602308155e-02       1.335531055507e+03 
       3.200595277315e-02       1.329686399881e+03 
       3.215628434598e-02       1.323838399600e+03 
       3.230702796621e-02       1.317996433989e+03 
       3.245819410741e-02       1.312157388809e+03 
       3.260979356215e-02       1.306317372374e+03 
       3.276183745398e-02       1.300486253342e+03 
       3.291433725013e-02       1.294660298275e+03 
       3.306730477471e-02       1.288836330189e+03 
       3.322075222260e-02       1.283013717693e+03 
       3.337469217403e-02       1.277202372237e+03 
       3.352913760980e-02       1.271398974944e+03 
       3.368410192736e-02       1.265595379878e+03 
       3.383959895760e-02       1.259799952331e+03 
       3.399564298254e-02       1.254011113742e+03 
       3.415224875396e-02       1.248227148700e+03 
       3.430943151287e-02       1.242453985004e+03 
       3.446720701016e-02       1.236681240400e+03 
       3.462559152820e-02       1.230922571207e+03 
       3.478460190367e-02       1.225167365737e+03 
       3.494425555159e-02       1.219421952447e+03 
       3.510457049068e-02       1.213681529783e+03 
       3.526556537007e-02       1.207955720861e+03 
       3.542725949757e-02       1.202232353959e+03 
       3.558967286947e-02       1.196518071406e+03 
       3.575282620204e-02       1.190810523236e+03 
       3.591674096486e-02       1.185113722774e+03 
       3.608143941613e-02       1.179426095440e+03 
       3.624694463996e-02       1.173746490475e+03 
       3.641328058594e-02       1.168078270103e+03 
       3.658047211114e-02       1.162416771913e+03 
       3.674854502456e-02       1.156766136659e+03 
       3.691752613441e-02       1.151121185432e+03 
       3.708744329831e-02       1.145486399234e+03 
       3.725832547669e-02       1.139860360911e+03 
       3.743020278953e-02       1.134244453153e+03 
       3.760310657689e-02       1.128636599628e+03 
       3.777706946333e-02       1.123043383281e+03 
       3.795212542663e-02       1.117451840667e+03 
       3.812830987117e-02       1.111872225176e+03 
       3.830565970624e-02       1.106301524864e+03 
       3.848421342989e-02       1.100743147796e+03 
       3.866401121852e-02       1.095190622650e+03 
       3.884509502293e-02       1.089644174565e+03 
       3.902750867120e-02       1.084112224466e+03 
       3.921129797920e-02       1.078587034440e+03 
       3.939651086917e-02       1.073066683300e+03 
       3.958319749728e-02       1.067555563857e+03 
       3.977141039084e-02       1.062055230978e+03 
       3.996120459624e-02       1.056562198118e+03 
       4.015263783837e-02       1.051076494310e+03 
       4.034577069283e-02       1.045595655613e+03 
       4.054066677207e-02       1.040125016140e+03 
       4.073739292676e-02       1.034657836205e+03 
       4.093601946408e-02       1.029199591796e+03 
       4.113662038440e-02       1.023750415967e+03 
       4.133927363850e-02       1.018305083900e+03 
       4.154406140720e-02       1.012861374233e+03 
       4.175107040600e-02       1.007436679639e+03 
       4.196039221729e-02       1.001995999680e+03 
       4.217212365321e-02       9.965699358570e+02 
       4.238636715250e-02       9.911461444099e+02 
       4.260323121533e-02       9.857226346225e+02 
       4.282283088035e-02       9.803092318409e+02 
       4.304528824899e-02       9.748893875923e+02 
       4.327073306268e-02       9.694768831290e+02 
       4.349930333937e-02       9.640657555604e+02 
       4.373114607684e-02       9.586497450390e+02 
       4.396641803108e-02       9.532352645208e+02 
       4.420528657961e-02       9.478197385290e+02 
       4.444793068082e-02       9.424004845089e+02 
       4.469454194227e-02       9.369780812833e+02 
       4.494532581288e-02       9.315491652993e+02 
       4.520050291638e-02       9.261187008292e+02 
       4.546031054620e-02       9.206775889730e+02 
       4.572500434546e-02       9.152295640734e+02 
       4.599486019958e-02       9.097695899521e+02 
       4.627017637418e-02       9.042998880477e+02 
       4.655127593643e-02       8.988184136897e+02 
       4.683850950528e-02       8.933250972601e+02 
       4.713225838436e-02       8.878124347799e+02 
       4.743293814168e-02       8.822828793357e+02 
       4.774100271297e-02       8.767333217790e+02 
       4.805694912064e-02       8.711606494771e+02 
       4.838132291952e-02       8.655648205956e+02 
       4.871472450393e-02       8.599436477934e+02 
       4.905781643925e-02       8.542864670641e+02 
       4.941133201783e-02       8.485996726514e+02 
       4.977608528353e-02       8.428742644118e+02 
       5.015298282618e-02       8.371090055009e+02 
       5.054303771845e-02       8.312961700331e+02 
       5.094738605757e-02       8.254322636287e+02 
       5.136730668884e-02       8.195144005153e+02 
       5.180424483333e-02       8.135349377523e+02 
       5.225984052739e-02       8.074833583442e+02 
       5.273596301788e-02       8.013558609003e+02 
       5.323475255774e-02       7.951386077151e+02 
       5.375867142783e-02       7.888218487811e+02 
       5.431056648953e-02       7.823910667110e+02 
       5.489374616450e-02       7.758322289487e+02 
       5.551207544877e-02       7.691262877332e+02 
       5.617009337761e-02       7.622472263206e+02 
       5.687315818582e-02       7.551662927803e+02 
       5.762762604582e-02       7.478455042633e+02 
       5.844106924229e-02       7.402406636122e+02 
       5.932253797381e-02       7.322902042734e+02 
       6.028286471725e-02       7.239156793562e+02 
       6.133499760901e-02       7.150147501751e+02 
       6.249432323971e-02       7.054514105611e+02 
       6.377888977286e-02       6.950452715805e+02 
       6.520935658723e-02       6.835546218039e+02 
       6.680837282307e-02       6.706655447782e+02 
       6.859895815143e-02       6.559848945254e+02 
       7.060145446358e-02       6.390504267993e+02 
       7.282900509302e-02       6.193928034795e+02 
       7.528254764851e-02       5.966487750453e+02 
       7.794763165265e-02       5.707198428859e+02 
       8.079557122545e-02       5.419160639408e+02 
       8.378925639194e-02       5.110038713109e+02 
       8.689081350409e-02       4.791004397595e+02 
       9.006747864852e-02       4.474740039609e+02 
       9.329408122598e-02       4.173267283747e+02 
       9.655282505597e-02       3.896365115223e+02 
       9.983181243342e-02       3.650643622368e+02 
       1.031233738652e-01       3.439401608829e+02 
       1.064226786357e-01       3.262812584597e+02 
       1.097267276976e-01       3.118496820902e+02 
       1.130336756109e-01       3.002124037641e+02 
       1.163423928821e-01       2.908040639889e+02 
       1.196521903954e-01       2.829893306577e+02 
       1.229626484529e-01       2.761186227853e+02 
       1.262735116499e-01       2.695852146732e+02 
       1.295846245788e-01       2.628761925978e+02 
       1.328958926300e-01       2.556112044971e+02 
       1.362072581392e-01       2.475698798114e+02 
       1.395186858906e-01       2.386972462735e+02 
       1.428301543108e-01       2.290887004869e+02 
       1.461416501217e-01       2.189594060054e+02 
       1.494531650939e-01       2.086002743353e+02 
       1.527646940752e-01       1.983329167509e+02 
       1.560762337931e-01       1.884672615998e+02 
       1.593877821275e-01       1.792671362867e+02 
       1.626993376673e-01       1.709294245986e+02 
       1.660108994417e-01       1.635703231155e+02 
       1.693224667555e-01       1.572262075162e+02 
       1.726340390885e-01       1.518588724843e+02 
       1.759456160339e-01       1.473675702619e+02 
       1.792571972603e-01       1.436050530207e+02 
       1.825687824880e-01       1.403936324281e+02 
       1.858803714740e-01       1.375437222077e+02 
       1.891919640029e-01       1.348920245990e+02 
       1.925035598800e-01       1.322649981840e+02 
       1.958151589280e-01       1.295099591642e+02 
       1.991267609837e-01       1.265308145751e+02 
       2.024383658960e-01       1.232804729519e+02 
       2.057499735245e-01       1.197622312481e+02 
       2.090615837384e-01       1.160238515346e+02 
       2.123731964151e-01       1.121447339272e+02 
       2.156848114401e-01       1.082202319048e+02 
       2.189964287058e-01       1.043480527720e+02 
       2.223080481113e-01       1.006163888981e+02 
       2.256196695617e-01       9.709721833680e+01 
       2.289312929674e-01       9.384338636344e+01 
       2.322429182442e-01       9.088812611245e+01 
       2.355545453127e-01       8.824372868474e+01 
       2.388661740978e-01       8.590394970857e+01 
       2.421778045285e-01       8.384357693614e+01 
       2.454894365379e-01       8.202109206047e+01 
       2.488010700625e-01       8.038368088020e+01 
       2.521127050422e-01       7.887268922469e+01 
       2.554243414200e-01       7.743033768907e+01 
       2.587359791419e-01       7.600532380515e+01 
       2.620476181567e-01       7.455773807405e+01 
       2.653592584155e-01       7.306032728948e+01 
       2.686708998722e-01       7.149901529815e+01 
       2.719825424827e-01       6.987197858038e+01 
       2.752941862052e-01       6.818732877468e+01 
       2.786058309997e-01       6.646283834770e+01 
       2.819174768282e-01       6.472267278626e+01 
       2.852291236545e-01       6.299569427121e+01 
       2.885407714441e-01       6.131131335765e+01 
       2.918524201640e-01       5.969631557042e+01 
       2.951640697827e-01       5.817148531052e+01 
       2.984757202702e-01       5.674960806954e+01 
       3.017873715976e-01       5.543521635119e+01 
       3.050990237374e-01       5.422513656523e+01 
       3.084106766634e-01       5.311059956858e+01 
       3.117223303504e-01       5.207902745311e+01 
       3.150339847742e-01       5.111552212549e+01 
       3.183456399118e-01       5.020414775183e+01 
       3.216572957409e-01       4.932869636180e+01 
       3.249689522404e-01       4.847347123065e+01 
       3.282806093897e-01       4.762469693394e+01 
       3.315922671695e-01       4.677167564432e+01 
       3.349039255608e-01       4.590780974487e+01 
       3.382155845457e-01       4.503118270732e+01 
       3.415272441067e-01       4.414398698451e+01 
       3.448389042272e-01       4.325171296453e+01 
       3.481505648911e-01       4.236163004717e+01 
       3.514622260831e-01       4.148151060154e+01 
       3.547738877882e-01       4.061892158994e+01 
       3.580855499922e-01       3.978056607482e+01 
       3.613972126813e-01       3.897208343869e+01 
       3.647088758422e-01       3.819815087939e+01 
       3.680205394621e-01       3.746168301277e+01 
       3.713322035287e-01       3.676371224195e+01 
       3.746438680301e-01       3.610305197614e+01 
       3.779555329547e-01       3.547628531375e+01 
       3.812671982916e-01       3.487845160585e+01 
       3.845788640301e-01       3.430377214073e+01 
       3.878905301597e-01       3.374666556107e+01 
       3.912021966706e-01       3.320228258085e+01 
       3.945138635530e-01       3.266683815986e+01 
       3.978255307977e-01       3.213764804757e+01 
       4.011371983957e-01       3.161285311101e+01 
       4.044488663382e-01       3.109125104984e+01 
       4.077605346168e-01       3.057240209594e+01 
       4.110722032234e-01       3.005659863266e+01 
       4.143838721501e-01       2.954510728714e+01 
       4.176955413892e-01       2.903972159129e+01 
       4.210072109333e-01       2.854289919407e+01 
       4.243188807752e-01       2.805691849437e+01 
       4.276305509081e-01       2.758365389972e+01 
       4.309422213251e-01       2.712422333427e+01 
       4.342538920198e-01       2.667912791572e+01 
       4.375655629858e-01       2.624829953311e+01 
       4.408772342170e-01       2.583149241406e+01 
       4.441889057074e-01       2.542828347375e+01 
       4.475005774513e-01       2.503812032208e+01 
       4.508122494430e-01       2.466015555902e+01 
       4.541239216771e-01       2.429324070771e+01 
       4.574355941484e-01       2.393581182817e+01 
       4.607472668516e-01       2.358617430773e+01 
       4.640589397818e-01       2.324277606039e+01 
       4.673706129343e-01       2.290435529431e+01 
       4.706822863041e-01       2.257031768020e+01 
       4.739939598869e-01       2.224032487354e+01 
       4.773056336780e-01       2.191450800523e+01 
       4.806173076733e-01       2.159294906317e+01 
       4.839289818685e-01       2.127587757905e+01 
       4.872406562596e-01       2.096346356941e+01 
       4.905523308424e-01       2.065603504232e+01 
       4.938640056133e-01       2.035410678892e+01 
       4.971756805683e-01       2.005831351536e+01 
       5.004873557039e-01       1.976944417728e+01 
       5.037990310164e-01       1.948785932245e+01 
       5.071107065024e-01       1.921367109771e+01 
       5.104223821585e-01       1.894685694901e+01 
       5.137340579814e-01       1.868674855733e+01 
       5.170457339678e-01       1.843278927970e+01 
       5.203574101147e-01       1.818444607236e+01 
       5.236690864190e-01       1.794124098705e+01 
       5.269807628778e-01       1.770287822512e+01 
       5.302924394880e-01       1.746895430071e+01 
       5.336041162469e-01       1.723915855467e+01 
       5.369157931517e-01       1.701304950301e+01 
       5.402274701998e-01       1.679021782034e+01 
       5.435391473885e-01       1.657037361331e+01 
       5.468508247152e-01       1.635357793248e+01 
       5.501625021775e-01       1.613988882564e+01 
       5.534741797728e-01       1.592964596539e+01 
       5.567858574989e-01       1.572302793741e+01 
       5.600975353534e-01       1.552018194041e+01 
       5.634092133340e-01       1.532108873447e+01 
       5.667208914385e-01       1.512565441858e+01 
       5.700325696648e-01       1.493378583722e+01 
       5.733442480106e-01       1.474545748573e+01 
       5.766559264741e-01       1.456072565173e+01 
       5.799676050531e-01       1.437966216058e+01 
       5.832792837456e-01       1.420224875645e+01 
       5.865909625498e-01       1.402837763954e+01 
       5.899026414637e-01       1.385776712427e+01 
       5.932143204855e-01       1.369020950969e+01 
       5.965259996135e-01       1.352538341394e+01 
       5.998376788458e-01       1.336315607767e+01 
       6.031493581807e-01       1.320349937777e+01 
       6.064610376165e-01       1.304641649107e+01 
       6.097727171517e-01       1.289188359062e+01 
       6.130843967845e-01       1.273981403809e+01 
       6.163960765134e-01       1.259007285084e+01 
       6.197077563368e-01       1.244251117536e+01 
       6.230194362533e-01       1.229705477528e+01 
       6.263311162613e-01       1.215370904631e+01 
       6.296427963595e-01       1.201258198044e+01 
       6.329544765463e-01       1.187378519137e+01 
       6.362661568205e-01       1.173737252211e+01 
       6.395778371805e-01       1.160334189484e+01 
       6.428895176252e-01       1.147158723079e+01 
       6.462011981532e-01       1.134197203052e+01 
       6.495128787633e-01       1.121440150717e+01 
       6.528245594541e-01       1.108883788894e+01 
       6.561362402245e-01       1.096529540213e+01 
       6.594479210732e-01       1.084380006520e+01 
       6.627596019991e-01       1.072433143677e+01 
       6.660712830010e-01       1.060680399351e+01 
       6.693829640778e-01       1.049108413443e+01 
       6.726946452283e-01       1.037703187472e+01 
       6.760063264516e-01       1.026455269100e+01 
       6.793180077465e-01       1.015363452337e+01 
       6.826296891120e-01       1.004429740678e+01 
       6.859413705470e-01       9.936630719390e+00 
       6.892530520506e-01       9.830610485512e+00 
       6.925647336217e-01       9.726199541596e+00 
       6.958764152595e-01       9.623309694517e+00 
       6.991880969629e-01       9.521862439424e+00 
       7.024997787310e-01       9.421807743151e+00 
       7.058114605629e-01       9.323146342079e+00 
       7.091231424578e-01       9.225943287415e+00 
       7.124348244147e-01       9.130231362194e+00 
       7.157465064327e-01       9.036006066780e+00 
       7.190581885111e-01       8.943241763435e+00 
       7.223698706489e-01       8.851837992164e+00 
       7.256815528454e-01       8.761698711623e+00 
       7.289932350998e-01       8.672784446848e+00 
       7.323049174113e-01       8.585070802132e+00 
       7.356165997791e-01       8.498608497774e+00 
       7.389282822025e-01       8.413404752607e+00 
       7.422399646806e-01       8.329458319286e+00 
       7.455516472128e-01       8.246721051240e+00 
       7.488633297984e-01       8.165106655033e+00 
       7.521750124367e-01       8.084541484816e+00 
       7.554866951269e-01       8.005002065264e+00 
       8.198102721918e-01       6.655248904157e+00 
       9.096865378917e-01       5.249284153805e+00 
       1.048113480481e+00       3.785124752571e+00 
       1.272309008191e+00       2.403380702507e+00 
       1.594812285659e+00       1.402802528658e+00 
       2.007541292717e+00       8.032539184580e-01 
       2.527343447222e+00       4.560320076814e-01 
       3.181736888759e+00       2.569630112316e-01 
       4.005569422901e+00       1.438010450835e-01 
       5.042713135196e+00       7.997169272734e-02 
       6.348399710287e+00       4.421994007307e-02 
       7.992161719507e+00       2.432347237572e-02 
       1.006153548386e+01       1.331446663594e-02 
       1.266672270229e+01       7.255704585304e-03 
       1.594645909407e+01       3.937490410466e-03 
       2.007540258166e+01       2.128504069822e-03 
       2.527343446205e+01       1.146392853212e-03 
       3.181736888759e+01       6.152660448246e-04 
       4.005569422901e+01       3.290959768084e-04 
       5.042713135196e+01       1.754258153925e-04 
       6.348399710287e+01       9.318005090644e-05 
       7.992161719507e+01       4.930286914900e-05 
       1.006153548386e+02       2.596936312092e-05 
       1.266672270229e+02       1.360320848426e-05 
       1.594645909407e+02       7.074711196993e-06 
       2.007540258166e+02       3.643938381915e-06 
       2.527343446205e+02       1.852499812913e-06 
       3.181736888759e+02       9.256350412563e-07 
       4.005569422901e+02       4.527139642661e-07 
       5.042713135196e+02       2.163466121057e-07 
       6.348399710287e+02       1.013910390124e-07 
       7.992161719507e+02       4.703062717150e-08 
       1.006153548386e+03       2.178776415481e-08 
