# Matter power spectrum P(k) at redshift z=5
# for k=1.05459e-05 to 1007.8 h/Mpc,
# number of wavenumbers equal to 624
#    1:k (h/Mpc)              2:P (Mpc/h)^3        
       1.054587662383e-05       1.938141970044e+00 
       2.395760700461e-05       4.344113085169e+00 
       3.741949231070e-05       6.731774448635e+00 
       5.097080407504e-05       9.117431073491e+00 
       6.465150826923e-05       1.151224060888e+01 
       7.850265151649e-05       1.392565455409e+01 
       9.256676051055e-05       1.636645199577e+01 
       1.068882603665e-04       1.884319960299e+01 
       1.215139176705e-04       2.136451391259e+01 
       1.364933140282e-04       2.393924152201e+01 
       1.518793559007e-04       2.657660188593e+01 
       1.677288263856e-04       2.928631320901e+01 
       1.841029842806e-04       3.207871130366e+01 
       2.010682151256e-04       3.496486762221e+01 
       2.186967378032e-04       3.795670894678e+01 
       2.370673684701e-04       4.106714025277e+01 
       2.562663408111e-04       4.431017229068e+01 
       2.763881774971e-04       4.770105135026e+01 
       2.975366018308e-04       5.125639027754e+01 
       3.198254703706e-04       5.499429676725e+01 
       3.433796962236e-04       5.893449206745e+01 
       3.683361181409e-04       6.309841280995e+01 
       3.948442520610e-04       6.750928387305e+01 
       4.230668392529e-04       7.219214516624e+01 
       4.531800792723e-04       7.717381580499e+01 
       4.853734083030e-04       8.248276756932e+01 
       5.198486575588e-04       8.814888291210e+01 
       5.568184080411e-04       9.420306698201e+01 
       5.965033555038e-04       1.006766826033e+02 
       6.391285237414e-04       1.076007916265e+02 
       6.849182269121e-04       1.150051863492e+02 
       7.340897917152e-04       1.229172297650e+02 
       7.868462095924e-04       1.313605430945e+02 
       8.433680859967e-04       1.403536205056e+02 
       9.038054586522e-04       1.499084829341e+02 
       9.682702230937e-04       1.600295031144e+02 
       1.036829977312e-03       1.707125570339e+02 
       1.109504033623e-03       1.819446157805e+02 
       1.186262131037e-03       1.937038579681e+02 
       1.267026045480e-03       2.059603181593e+02 
       1.351673909154e-03       2.186770042089e+02 
       1.440046703627e-03       2.318113531247e+02 
       1.531956161098e-03       2.453168901516e+02 
       1.627193233137e-03       2.591448880796e+02 
       1.725536357866e-03       2.732459183453e+02 
       1.826758931240e-03       2.875711838180e+02 
       1.930635607428e-03       3.020735620732e+02 
       2.036947265403e-03       3.167083837268e+02 
       2.145484649649e-03       3.314339274726e+02 
       2.256050808962e-03       3.462116071991e+02 
       2.368462520340e-03       3.610059352402e+02 
       2.482550905970e-03       3.757855340204e+02 
       2.598161443598e-03       3.905218218938e+02 
       2.715153546563e-03       4.051893289155e+02 
       2.833399858872e-03       4.197653970823e+02 
       2.952785379160e-03       4.342301892870e+02 
       3.073206498732e-03       4.485662240266e+02 
       3.194570014728e-03       4.627583450091e+02 
       3.316792160165e-03       4.767934545365e+02 
       3.439797677790e-03       4.906602411685e+02 
       3.563518953785e-03       5.043491476117e+02 
       3.687895219483e-03       5.178519303036e+02 
       3.812871823923e-03       5.311617674246e+02 
       3.938399576414e-03       5.442729067493e+02 
       4.064434156076e-03       5.571805989848e+02 
       4.190935583973e-03       5.698810156212e+02 
       4.317867752807e-03       5.823710836011e+02 
       4.445198008897e-03       5.946485135674e+02 
       4.572896781262e-03       6.067115186287e+02 
       4.700937252832e-03       6.185589981932e+02 
       4.829295069163e-03       6.301902474958e+02 
       4.957948080421e-03       6.416052347897e+02 
       5.086876112798e-03       6.528038574647e+02 
       5.216060765905e-03       6.637868182719e+02 
       5.345485233097e-03       6.745549744446e+02 
       5.475134141982e-03       6.851091868985e+02 
       5.604993412735e-03       6.954509328532e+02 
       5.735050132083e-03       7.055817081777e+02 
       5.865292441105e-03       7.155029899421e+02 
       5.995709435225e-03       7.252167768981e+02 
       6.126291074934e-03       7.347247521422e+02 
       6.257028106021e-03       7.440289785098e+02 
       6.387911988181e-03       7.531317481900e+02 
       6.518934831047e-03       7.620350277253e+02 
       6.650089336797e-03       7.707411301751e+02 
       6.781368748589e-03       7.792523333821e+02 
       6.912766804167e-03       7.875708088759e+02 
       7.044277694073e-03       7.956992920072e+02 
       7.175896023947e-03       8.036400889443e+02 
       7.307616780480e-03       8.113954261562e+02 
       7.439435300621e-03       8.189677580349e+02 
       7.571347243688e-03       8.263596775741e+02 
       7.703348566092e-03       8.335730818133e+02 
       7.835435498379e-03       8.406108011309e+02 
       7.967604524376e-03       8.474754840605e+02 
       8.099852362201e-03       8.541689347482e+02 
       8.232175946977e-03       8.606933981801e+02 
       8.364572415055e-03       8.670519991471e+02 
       8.497039089610e-03       8.732463283113e+02 
       8.629573467480e-03       8.792788019122e+02 
       8.762173207120e-03       8.851517762576e+02 
       8.894836117563e-03       8.908679737392e+02 
       9.027560148310e-03       8.964290803300e+02 
       9.160343380039e-03       9.018373066007e+02 
       9.293184016077e-03       9.070948550272e+02 
       9.426080374557e-03       9.122040926020e+02 
       9.559030881197e-03       9.171669272085e+02 
       9.692034062657e-03       9.219855578532e+02 
       9.825088540402e-03       9.266618316299e+02 
       9.958193025054e-03       9.311981611320e+02 
       1.009134631117e-02       9.355960951106e+02 
       1.022454727240e-02       9.398580530717e+02 
       1.035779485708e-02       9.439857316153e+02 
       1.049108808403e-02       9.479808531375e+02 
       1.062442603880e-02       9.518458281764e+02 
       1.075780787008e-02       9.555820912844e+02 
       1.089123278647e-02       9.591926679591e+02 
       1.102470005340e-02       9.626777974629e+02 
       1.115820899032e-02       9.660394905820e+02 
       1.129175896808e-02       9.692797565287e+02 
       1.142534940653e-02       9.724001908268e+02 
       1.155897977221e-02       9.754026865122e+02 
       1.169264957627e-02       9.782890468780e+02 
       1.182635837256e-02       9.810607002295e+02 
       1.196010575577e-02       9.837193828460e+02 
       1.209389135976e-02       9.862664608522e+02 
       1.222771485602e-02       9.887039564043e+02 
       1.236157595218e-02       9.910332471140e+02 
       1.249547439069e-02       9.932555424570e+02 
       1.262940994755e-02       9.953728718193e+02 
       1.276338243113e-02       9.973863273066e+02 
       1.289739168112e-02       9.992974971871e+02 
       1.303143756752e-02       1.001108315693e+03 
       1.316551998968e-02       1.002819371262e+03 
       1.329963887547e-02       1.004432590809e+03 
       1.343379418048e-02       1.005949555690e+03 
       1.356798588725e-02       1.007371022397e+03 
       1.370221400463e-02       1.008699410612e+03 
       1.383647856714e-02       1.009935164468e+03 
       1.397077963436e-02       1.011079790193e+03 
       1.410511729045e-02       1.012135020073e+03 
       1.423949164364e-02       1.013101526449e+03 
       1.437390282580e-02       1.013981704768e+03 
       1.450835099199e-02       1.014775609415e+03 
       1.464283632018e-02       1.015485011389e+03 
       1.477735901085e-02       1.016110860502e+03 
       1.491191928672e-02       1.016654477383e+03 
       1.504651739250e-02       1.017117707294e+03 
       1.518115359463e-02       1.017501233681e+03 
       1.531582818112e-02       1.017806188296e+03 
       1.545054146135e-02       1.018034360291e+03 
       1.558529376592e-02       1.018185790345e+03 
       1.572008544657e-02       1.018262797155e+03 
       1.585491687604e-02       1.018265966756e+03 
       1.598978844802e-02       1.018196582618e+03 
       1.612470057713e-02       1.018055578769e+03 
       1.625965369884e-02       1.017844259495e+03 
       1.639464826954e-02       1.017563730458e+03 
       1.652968476650e-02       1.017215136414e+03 
       1.666476368793e-02       1.016799286246e+03 
       1.679988555307e-02       1.016317186155e+03 
       1.693505090223e-02       1.015770471596e+03 
       1.707026029690e-02       1.015160248554e+03 
       1.720551431989e-02       1.014486652342e+03 
       1.734081357544e-02       1.013751549200e+03 
       1.747615868939e-02       1.012955265433e+03 
       1.761155030937e-02       1.012099097101e+03 
       1.774698910494e-02       1.011184112378e+03 
       1.788247576786e-02       1.010211599983e+03 
       1.801801101224e-02       1.009181896507e+03 
       1.815359557488e-02       1.008096221629e+03 
       1.828923021544e-02       1.006956352080e+03 
       1.842491571677e-02       1.005761278108e+03 
       1.856065288516e-02       1.004514406758e+03 
       1.869644255071e-02       1.003214790378e+03 
       1.883228556761e-02       1.001863482636e+03 
       1.896818281447e-02       1.000462195612e+03 
       1.910413519474e-02       9.990112018502e+02 
       1.924014363703e-02       9.975114976010e+02 
       1.937620909555e-02       9.959645093538e+02 
       1.951233255048e-02       9.943702062884e+02 
       1.964851500844e-02       9.927294788510e+02 
       1.978475750288e-02       9.910443684835e+02 
       1.992106109463e-02       9.893144425556e+02 
       2.005742687230e-02       9.875409732879e+02 
       2.019385595284e-02       9.857250743133e+02 
       2.033034948201e-02       9.838662610513e+02 
       2.046690863496e-02       9.819683221453e+02 
       2.060353461679e-02       9.800273946418e+02 
       2.074022866307e-02       9.780481919487e+02 
       2.087699204052e-02       9.760306560154e+02 
       2.101382604757e-02       9.739750779320e+02 
       2.115073201501e-02       9.718813830096e+02 
       2.128771130666e-02       9.697520334284e+02 
       2.142476532007e-02       9.675861515861e+02 
       2.156189548716e-02       9.653852128427e+02 
       2.169910327504e-02       9.631505469566e+02 
       2.183639018667e-02       9.608807905150e+02 
       2.197375776170e-02       9.585798063395e+02 
       2.211120757723e-02       9.562466831490e+02 
       2.224874124866e-02       9.538810970267e+02 
       2.238636043052e-02       9.514850130761e+02 
       2.252406681738e-02       9.490590322839e+02 
       2.266186214469e-02       9.466037798093e+02 
       2.279974818980e-02       9.441197486212e+02 
       2.293772677283e-02       9.416058700438e+02 
       2.307579975775e-02       9.390675421593e+02 
       2.321396905334e-02       9.365004233688e+02 
       2.335223661426e-02       9.339088656396e+02 
       2.349060444215e-02       9.312901460328e+02 
       2.362907458674e-02       9.286488091240e+02 
       2.376764914702e-02       9.259817237614e+02 
       2.390633027240e-02       9.232904606043e+02 
       2.404512016397e-02       9.205793959745e+02 
       2.418402107576e-02       9.178424933076e+02 
       2.432303531605e-02       9.150864026985e+02 
       2.446216524869e-02       9.123066260546e+02 
       2.460141329453e-02       9.095067077427e+02 
       2.474078193285e-02       9.066884629762e+02 
       2.488027370280e-02       9.038506660133e+02 
       2.501989120497e-02       9.009944100260e+02 
       2.515963710296e-02       8.981184884508e+02 
       2.529951412499e-02       8.952235373391e+02 
       2.543952506557e-02       8.923146648113e+02 
       2.557967278729e-02       8.893875182836e+02 
       2.571996022254e-02       8.864449355047e+02 
       2.586039037538e-02       8.834870798025e+02 
       2.600096632349e-02       8.805132060624e+02 
       2.614169122007e-02       8.775251535530e+02 
       2.628256829594e-02       8.745241633707e+02 
       2.642360086160e-02       8.715089547897e+02 
       2.656479230944e-02       8.684810477164e+02 
       2.670614611595e-02       8.654399297686e+02 
       2.684766584408e-02       8.623876307690e+02 
       2.698935514561e-02       8.593241163623e+02 
       2.713121776367e-02       8.562412726631e+02 
       2.727325753527e-02       8.531627314668e+02 
       2.741547839400e-02       8.500656409735e+02 
       2.755788437276e-02       8.469608888900e+02 
       2.770047960660e-02       8.438452117619e+02 
       2.784326833570e-02       8.407223659843e+02 
       2.798625490840e-02       8.375898794254e+02 
       2.812944378436e-02       8.344472698366e+02 
       2.827283953786e-02       8.312994005690e+02 
       2.841644686117e-02       8.281445563839e+02 
       2.856027056810e-02       8.249809117211e+02 
       2.870431559761e-02       8.218123912321e+02 
       2.884858701765e-02       8.186370937286e+02 
       2.899309002902e-02       8.154560293800e+02 
       2.913782996949e-02       8.122711980349e+02 
       2.928281231802e-02       8.090806798999e+02 
       2.942804269914e-02       8.058833881144e+02 
       2.957352688749e-02       8.026846284971e+02 
       2.971927081260e-02       7.994788755177e+02 
       2.986528056376e-02       7.962736053746e+02 
       3.001156239516e-02       7.930621531492e+02 
       3.015812273119e-02       7.898482698394e+02 
       3.030496817197e-02       7.866323856633e+02 
       3.045210549909e-02       7.834134859759e+02 
       3.059954168162e-02       7.801921973823e+02 
       3.074728388228e-02       7.769689648315e+02 
       3.089533946398e-02       7.737440326948e+02 
       3.104371599653e-02       7.705179304141e+02 
       3.119242126369e-02       7.672919569032e+02 
       3.134146327051e-02       7.640635004548e+02 
       3.149085025095e-02       7.608337577077e+02 
       3.164059067589e-02       7.576078941089e+02 
       3.179069326138e-02       7.543795038641e+02 
       3.194116697741e-02       7.511512130746e+02 
       3.209202105689e-02       7.479239552416e+02 
       3.224326500520e-02       7.446969628136e+02 
       3.239490860999e-02       7.414723541399e+02 
       3.254696195161e-02       7.382470485620e+02 
       3.269943541387e-02       7.350258163240e+02 
       3.285233969536e-02       7.318015380873e+02 
       3.300568582133e-02       7.285825171938e+02 
       3.315948515602e-02       7.253657191095e+02 
       3.331374941570e-02       7.221505518791e+02 
       3.346849068227e-02       7.189382605963e+02 
       3.362372141749e-02       7.157271413099e+02 
       3.377945447800e-02       7.125205164496e+02 
       3.393570313096e-02       7.093136189741e+02 
       3.409248107059e-02       7.061122819035e+02 
       3.424980243545e-02       7.029128435914e+02 
       3.440768182662e-02       6.997167324355e+02 
       3.456613432688e-02       6.965270090334e+02 
       3.472517552076e-02       6.933362744803e+02 
       3.488482151577e-02       6.901526713740e+02 
       3.504508896467e-02       6.869714829451e+02 
       3.520599508896e-02       6.837927770489e+02 
       3.536755770364e-02       6.806213784851e+02 
       3.552979524329e-02       6.774525280254e+02 
       3.569272678970e-02       6.742878263648e+02 
       3.585637210089e-02       6.711271638533e+02 
       3.602075164186e-02       6.679726188925e+02 
       3.618588661713e-02       6.648204001274e+02 
       3.635179900506e-02       6.616732069120e+02 
       3.651851159422e-02       6.585320041018e+02 
       3.668604802199e-02       6.553917738838e+02 
       3.685443281532e-02       6.522593097142e+02 
       3.702369143405e-02       6.491323326272e+02 
       3.719385031690e-02       6.460096276900e+02 
       3.736493693021e-02       6.428890615644e+02 
       3.753697981988e-02       6.397756772344e+02 
       3.771000866645e-02       6.366658817223e+02 
       3.788405434385e-02       6.335626870820e+02 
       3.805914898192e-02       6.304629697922e+02 
       3.823532603303e-02       6.273693769260e+02 
       3.841262034320e-02       6.242784593737e+02 
       3.859106822800e-02       6.211925428292e+02 
       3.877070755366e-02       6.181125123074e+02 
       3.895157782381e-02       6.150364094009e+02 
       3.913372027237e-02       6.119646162120e+02 
       3.931717796296e-02       6.088983759343e+02 
       3.950199589564e-02       6.058362826218e+02 
       3.968822112142e-02       6.027782665058e+02 
       3.987590286525e-02       5.997250804564e+02 
       4.006509265840e-02       5.966749052951e+02 
       4.025584448087e-02       5.936314873131e+02 
       4.044821491497e-02       5.905886443400e+02 
       4.064226331098e-02       5.875517396808e+02 
       4.083805196607e-02       5.845190414934e+02 
       4.103564631778e-02       5.814889069949e+02 
       4.123511515355e-02       5.784611781753e+02 
       4.143653083778e-02       5.754391686058e+02 
       4.163996955825e-02       5.724194377464e+02 
       4.184551159400e-02       5.694027426430e+02 
       4.205324160672e-02       5.663864200985e+02 
       4.226324895833e-02       5.633730366737e+02 
       4.247562805751e-02       5.603641962534e+02 
       4.269047873838e-02       5.573574884209e+02 
       4.290790667488e-02       5.543495275399e+02 
       4.312802383509e-02       5.513445854422e+02 
       4.335094897991e-02       5.483412734855e+02 
       4.357680821155e-02       5.453388066090e+02 
       4.380573557760e-02       5.423345360375e+02 
       4.403787373783e-02       5.393317425802e+02 
       4.427337470117e-02       5.363290497536e+02 
       4.451240064216e-02       5.333247783378e+02 
       4.475512480701e-02       5.303196639928e+02 
       4.500173252126e-02       5.273120422126e+02 
       4.525242231265e-02       5.243027831910e+02 
       4.550740716535e-02       5.212901804228e+02 
       4.576691592387e-02       5.182749142189e+02 
       4.603119486835e-02       5.152548323101e+02 
       4.630050948643e-02       5.122300777919e+02 
       4.657514647133e-02       5.092007479481e+02 
       4.685541598099e-02       5.061635408727e+02 
       4.714165419937e-02       5.031186359467e+02 
       4.743422624862e-02       5.000682138242e+02 
       4.773352951019e-02       4.970061920374e+02 
       4.803999742377e-02       4.939351396783e+02 
       4.835410384715e-02       4.908524078588e+02 
       4.867636807631e-02       4.877576418687e+02 
       4.900736064623e-02       4.846473832411e+02 
       4.934771005787e-02       4.815231901112e+02 
       4.969811060897e-02       4.783808106269e+02 
       5.005933154553e-02       4.752194353424e+02 
       5.043222780019e-02       4.720367334353e+02 
       5.081775264617e-02       4.688300076308e+02 
       5.121697267352e-02       4.655969753993e+02 
       5.163108559379e-02       4.623359382037e+02 
       5.206144150519e-02       4.590428630995e+02 
       5.250956841086e-02       4.557110074853e+02 
       5.297720298715e-02       4.523418321595e+02 
       5.346632785954e-02       4.489266336395e+02 
       5.397921697521e-02       4.454589792902e+02 
       5.451849107999e-02       4.419360840027e+02 
       5.508718583123e-02       4.383448845536e+02 
       5.568883571964e-02       4.346791332920e+02 
       5.632757773207e-02       4.309267491514e+02 
       5.700827952619e-02       4.270740727486e+02 
       5.773669768945e-02       4.231022928978e+02 
       5.851967213224e-02       4.189902025603e+02 
       5.936536219292e-02       4.147075661329e+02 
       6.028352733112e-02       4.102191418740e+02 
       6.128584787603e-02       4.054753219517e+02 
       6.238626463459e-02       4.004136986339e+02 
       6.360128259309e-02       3.949500546624e+02 
       6.495012236302e-02       3.889697495923e+02 
       6.645450250004e-02       3.823225754431e+02 
       6.813770127376e-02       3.748158445828e+02 
       7.002243922811e-02       3.662116650190e+02 
       7.212722542103e-02       3.562418545422e+02 
       7.446142262325e-02       3.446514338815e+02 
       7.702053145351e-02       3.312746841009e+02 
       7.978433087909e-02       3.161289682375e+02 
       8.271989015338e-02       2.994809705028e+02 
       8.578856585917e-02       2.818423067285e+02 
       8.895344673463e-02       2.638868434480e+02 
       9.218408918513e-02       2.463304735805e+02 
       9.545788095992e-02       2.298151023673e+02 
       9.875919777221e-02       2.148330278306e+02 
       1.020777504877e-01       2.016922690549e+02 
       1.054069702552e-01       1.905129961964e+02 
       1.087427445693e-01       1.812529264563e+02 
       1.120825297907e-01       1.737327671302e+02 
       1.154247642707e-01       1.676792007478e+02 
       1.187684935102e-01       1.627547234063e+02 
       1.221131356166e-01       1.585949005032e+02 
       1.254583363398e-01       1.548375812975e+02 
       1.288038801349e-01       1.511563726293e+02 
       1.321496358393e-01       1.472858001331e+02 
       1.354955235818e-01       1.430428956232e+02 
       1.388414946566e-01       1.383367202475e+02 
       1.421875192942e-01       1.331686433502e+02 
       1.455335792347e-01       1.276196861691e+02 
       1.488796632185e-01       1.218302728697e+02 
       1.522257642475e-01       1.159742966723e+02 
       1.555718779233e-01       1.102342221433e+02 
       1.589180014364e-01       1.047779590102e+02 
       1.622641329528e-01       9.974271144101e+01 
       1.656102712400e-01       9.522376887106e+01 
       1.689564154398e-01       9.127086388195e+01 
       1.723025649293e-01       8.788865253777e+01 
       1.756487192360e-01       8.504195370865e+01 
       1.789948779852e-01       8.266320333215e+01 
       1.823410408682e-01       8.066182002045e+01 
       1.856872076219e-01       7.893367786861e+01 
       1.890333780159e-01       7.737104649527e+01 
       1.923795518446e-01       7.589237239372e+01 
       1.957257289221e-01       7.438915468662e+01 
       1.990719090778e-01       7.279037572742e+01 
       2.024180921548e-01       7.105121599391e+01 
       2.057642780074e-01       6.915577583686e+01 
       2.091104665003e-01       6.711527652824e+01 
       2.124566575070e-01       6.496460950576e+01 
       2.158028509092e-01       6.275280021945e+01 
       2.191490465961e-01       6.053514850838e+01 
       2.224952444637e-01       5.836605807947e+01 
       2.258414444142e-01       5.629235728857e+01 
       2.291876463558e-01       5.435099825185e+01 
       2.325338502017e-01       5.256789943095e+01 
       2.358800558705e-01       5.095778295352e+01 
       2.392262632849e-01       4.952381695188e+01 
       2.425724723724e-01       4.825824923903e+01 
       2.459186830640e-01       4.714350051298e+01 
       2.492648952949e-01       4.615324196885e+01 
       2.526111090033e-01       4.525598064719e+01 
       2.559573241311e-01       4.441803603451e+01 
       2.593035406228e-01       4.360793650374e+01 
       2.626497584261e-01       4.279857144461e+01 
       2.659959774911e-01       4.196985256124e+01 
       2.693421977705e-01       4.110915224554e+01 
       2.726884192193e-01       4.021093119487e+01 
       2.760346417947e-01       3.927647094681e+01 
       2.793808654561e-01       3.831241820759e+01 
       2.827270901646e-01       3.733020594769e+01 
       2.860733158833e-01       3.634490254815e+01 
       2.894195425769e-01       3.537307592444e+01 
       2.927657702118e-01       3.443108399802e+01 
       2.961119987560e-01       3.353328863466e+01 
       2.994582281787e-01       3.268959841266e+01 
       3.028044584507e-01       3.190578194640e+01 
       3.061506895440e-01       3.118262491652e+01 
       3.094969214318e-01       3.051718114638e+01 
       3.128431540885e-01       2.990345636912e+01 
       3.161893874895e-01       2.933383522718e+01 
       3.195356216114e-01       2.879954107985e+01 
       3.228818564315e-01       2.829144910484e+01 
       3.262280919284e-01       2.780040884562e+01 
       3.295743280812e-01       2.731783572214e+01 
       3.329205648702e-01       2.683648382855e+01 
       3.362668022762e-01       2.635104298558e+01 
       3.396130402809e-01       2.585872869070e+01 
       3.429592788666e-01       2.535936790679e+01 
       3.463055180166e-01       2.485494679850e+01 
       3.496517577144e-01       2.434903222810e+01 
       3.529979979445e-01       2.384596553750e+01 
       3.563442386917e-01       2.335011478171e+01 
       3.596904799416e-01       2.286560622444e+01 
       3.630367216802e-01       2.239609224892e+01 
       3.663829638941e-01       2.194452411633e+01 
       3.697292065703e-01       2.151328649372e+01 
       3.730754496962e-01       2.110364069950e+01 
       3.764216932599e-01       2.071569706490e+01 
       3.797679372498e-01       2.034834784350e+01 
       3.831141816545e-01       1.999926244554e+01 
       3.864604264634e-01       1.966542874236e+01 
       3.898066716659e-01       1.934355953754e+01 
       3.931529172519e-01       1.903058016993e+01 
       3.964991632117e-01       1.872396291704e+01 
       3.998454095359e-01       1.842177126075e+01 
       4.031916562153e-01       1.812269128027e+01 
       4.065379032412e-01       1.782583601100e+01 
       4.098841506050e-01       1.753062772057e+01 
       4.132303982986e-01       1.723697830668e+01 
       4.165766463138e-01       1.694526563381e+01 
       4.199228946430e-01       1.665630817859e+01 
       4.232691432787e-01       1.637130798623e+01 
       4.266153922138e-01       1.609163590630e+01 
       4.299616414410e-01       1.581854572152e+01 
       4.333078909538e-01       1.555293188782e+01 
       4.366541407454e-01       1.529532210058e+01 
       4.400003908095e-01       1.504580915219e+01 
       4.433466411398e-01       1.480439611232e+01 
       4.466928917305e-01       1.457083677931e+01 
       4.500391425756e-01       1.434487996397e+01 
       4.533853936696e-01       1.412617780114e+01 
       4.567316450068e-01       1.391418650533e+01 
       4.600778965821e-01       1.370813370067e+01 
       4.634241483901e-01       1.350713490678e+01 
       4.667704004260e-01       1.331020233431e+01 
       4.701166526848e-01       1.311652646411e+01 
       4.734629051617e-01       1.292551660385e+01 
       4.768091578522e-01       1.273689331248e+01 
       4.801554107517e-01       1.255057870582e+01 
       4.835016638560e-01       1.236664683117e+01 
       4.868479171607e-01       1.218517212579e+01 
       4.901941706619e-01       1.200626540605e+01 
       4.935404243553e-01       1.183005834265e+01 
       4.968866782373e-01       1.165677310955e+01 
       5.002329323039e-01       1.148671648920e+01 
       5.035791865514e-01       1.132032649946e+01 
       5.069254409764e-01       1.115795989279e+01 
       5.102716955752e-01       1.099978369084e+01 
       5.136179503445e-01       1.084579469356e+01 
       5.169642052809e-01       1.069584606005e+01 
       5.203104603812e-01       1.054960989859e+01 
       5.236567156423e-01       1.040673673416e+01 
       5.270029710611e-01       1.026695195723e+01 
       5.303492266345e-01       1.013000493393e+01 
       5.336954823597e-01       9.995725921769e+00 
       5.370417382339e-01       9.863919671067e+00 
       5.403879942542e-01       9.734354971471e+00 
       5.437342504179e-01       9.606789087727e+00 
       5.470805067225e-01       9.481019204817e+00 
       5.504267631652e-01       9.356912859585e+00 
       5.537730197437e-01       9.234564052580e+00 
       5.571192764555e-01       9.114034277174e+00 
       5.604655332981e-01       8.995502355181e+00 
       5.638117902692e-01       8.879070158711e+00 
       5.671580473666e-01       8.764773441010e+00 
       5.705043045880e-01       8.652595957103e+00 
       5.738505619313e-01       8.542464412652e+00 
       5.771968193943e-01       8.434344809871e+00 
       5.805430769749e-01       8.328242380935e+00 
       5.838893346711e-01       8.224197310432e+00 
       5.872355924810e-01       8.122235447922e+00 
       5.905818504025e-01       8.022331861844e+00 
       5.939281084339e-01       7.924384663824e+00 
       5.972743665732e-01       7.828250472747e+00 
       6.006206248187e-01       7.733759876321e+00 
       6.039668831685e-01       7.640795185324e+00 
       6.073131416210e-01       7.549291596551e+00 
       6.106594001744e-01       7.459245248101e+00 
       6.140056588271e-01       7.370655386651e+00 
       6.173519175775e-01       7.283500870752e+00 
       6.206981764240e-01       7.197719693858e+00 
       6.240444353650e-01       7.113228015916e+00 
       6.273906943991e-01       7.029949766752e+00 
       6.307369535247e-01       6.947857696015e+00 
       6.340832127404e-01       6.866981202868e+00 
       6.374294720447e-01       6.787386784701e+00 
       6.407757314364e-01       6.709131770383e+00 
       6.441219909139e-01       6.632235617275e+00 
       6.474682504760e-01       6.556672567670e+00 
       6.508145101214e-01       6.482370820209e+00 
       6.541607698488e-01       6.409263717761e+00 
       6.575070296569e-01       6.337300342234e+00 
       6.608532895445e-01       6.266478621335e+00 
       6.641995495104e-01       6.196805682876e+00 
       6.675458095534e-01       6.128300385611e+00 
       6.708920696723e-01       6.060925427966e+00 
       6.742383298661e-01       5.994627304886e+00 
       6.775845901337e-01       5.929323957974e+00 
       6.809308504738e-01       5.864943723517e+00 
       6.842771108855e-01       5.801448866797e+00 
       6.876233713677e-01       5.738843517566e+00 
       6.909696319194e-01       5.677153456018e+00 
       6.943158925395e-01       5.616405469925e+00 
       6.976621532272e-01       5.556588081895e+00 
       7.010084139813e-01       5.497669809313e+00 
       7.043546748011e-01       5.439598143679e+00 
       7.077009356855e-01       5.382323570650e+00 
       7.110471966336e-01       5.325840354749e+00 
       7.143934576445e-01       5.270161917065e+00 
       7.177397187173e-01       5.215317027574e+00 
       7.210859798513e-01       5.161313413786e+00 
       7.244322410455e-01       5.108166265521e+00 
       7.277785022990e-01       5.055820883003e+00 
       7.311247636112e-01       5.004223797649e+00 
       7.344710249811e-01       4.953336536359e+00 
       7.378172864080e-01       4.903136574035e+00 
       7.411635478912e-01       4.853625438416e+00 
       7.445098094298e-01       4.804824781521e+00 
       7.478560710231e-01       4.756742292823e+00 
       7.512023326704e-01       4.709369315113e+00 
       7.545485943709e-01       4.662658869696e+00 
       7.578948561240e-01       4.616573808516e+00 
       7.612411179289e-01       4.571075175822e+00 
       8.255242890965e-01       3.806112310979e+00 
       9.150365981868e-01       3.009806383585e+00 
       1.052403375793e+00       2.179658639767e+00 
       1.275062645248e+00       1.390609886795e+00 
       1.597451717746e+00       8.129600723230e-01 
       2.010825176724e+00       4.656846410429e-01 
       2.531477267697e+00       2.644662390219e-01 
       3.186941059935e+00       1.490619134902e-01 
       4.012121086243e+00       8.343907613063e-02 
       5.050961190666e+00       4.641298978712e-02 
       6.358783396916e+00       2.566949903985e-02 
       8.005234006472e+00       1.412244762110e-02 
       1.007799251811e+01       7.731758002354e-03 
       1.268744088092e+01       4.214242538022e-03 
       1.597254173562e+01       2.287379998589e-03 
       2.010823868192e+01       1.236677526393e-03 
       2.531477266309e+01       6.662038023360e-04 
       3.186941059935e+01       3.576248410423e-04 
       4.012121086243e+01       1.913341270076e-04 
       5.050961190666e+01       1.020232639511e-04 
       6.358783396916e+01       5.421532720646e-05 
       8.005234006472e+01       2.870367463308e-05 
       1.007799251811e+02       1.513335705597e-05 
       1.268744088092e+02       7.938232349588e-06 
       1.597254173562e+02       4.137200674611e-06 
       2.010823868192e+02       2.137815739307e-06 
       2.531477266309e+02       1.092059749266e-06 
       3.186941059935e+02       5.495301855035e-07 
       4.012121086243e+02       2.714595535261e-07 
       5.050961190666e+02       1.315002568923e-07 
       6.358783396916e+02       6.272995832261e-08 
       8.005234006472e+02       2.976287013967e-08 
       1.007799251811e+03       1.416147060419e-08 
