# Matter power spectrum P(k) at redshift z=4.5
# for k=1.05459e-05 to 1007.8 h/Mpc,
# number of wavenumbers equal to 624
#    1:k (h/Mpc)              2:P (Mpc/h)^3        
       1.054587662383e-05       2.305428269847e+00 
       2.395760700461e-05       5.167340269802e+00 
       3.741949231070e-05       8.007470295612e+00 
       5.097080407504e-05       1.084521183096e+01 
       6.465150826923e-05       1.369383542910e+01 
       7.850265151649e-05       1.656458206740e+01 
       9.256676051055e-05       1.946789276211e+01 
       1.068882603665e-04       2.241395554340e+01 
       1.215139176705e-04       2.541301750346e+01 
       1.364933140282e-04       2.847559903146e+01 
       1.518793559007e-04       3.161266358909e+01 
       1.677288263856e-04       3.483576732291e+01 
       1.841029842806e-04       3.815720039501e+01 
       2.010682151256e-04       4.159012714539e+01 
       2.186967378032e-04       4.514872830167e+01 
       2.370673684701e-04       4.884834698822e+01 
       2.562663408111e-04       5.270564006864e+01 
       2.763881774971e-04       5.673873226501e+01 
       2.975366018308e-04       6.096737158913e+01 
       3.198254703706e-04       6.541308138362e+01 
       3.433796962236e-04       7.009930100693e+01 
       3.683361181409e-04       7.505150625775e+01 
       3.948442520610e-04       8.029729509239e+01 
       4.230668392529e-04       8.586641875404e+01 
       4.531800792723e-04       9.179073783812e+01 
       4.853734083030e-04       9.810407080121e+01 
       5.198486575588e-04       1.048419048706e+02 
       5.568184080411e-04       1.120409333699e+02 
       5.965033555038e-04       1.197383829925e+02 
       6.391285237414e-04       1.279711107335e+02 
       6.849182269121e-04       1.367744526067e+02 
       7.340897917152e-04       1.461808455810e+02 
       7.868462095924e-04       1.562182698974e+02 
       8.433680859967e-04       1.669086064598e+02 
       9.038054586522e-04       1.782660433894e+02 
       9.682702230937e-04       1.902956873334e+02 
       1.036829977312e-03       2.029925653719e+02 
       1.109504033623e-03       2.163411497412e+02 
       1.186262131037e-03       2.303155007650e+02 
       1.267026045480e-03       2.448800430345e+02 
       1.351673909154e-03       2.599908942786e+02 
       1.440046703627e-03       2.755975899703e+02 
       1.531956161098e-03       2.916450429447e+02 
       1.627193233137e-03       3.080754989806e+02 
       1.725536357866e-03       3.248303605561e+02 
       1.826758931240e-03       3.418517522258e+02 
       1.930635607428e-03       3.590837466634e+02 
       2.036947265403e-03       3.764732820674e+02 
       2.145484649649e-03       3.939707518042e+02 
       2.256050808962e-03       4.115302353904e+02 
       2.368462520340e-03       4.291094700783e+02 
       2.482550905970e-03       4.466710705324e+02 
       2.598161443598e-03       4.641809881080e+02 
       2.715153546563e-03       4.816088819311e+02 
       2.833399858872e-03       4.989277963467e+02 
       2.952785379160e-03       5.161141579846e+02 
       3.073206498732e-03       5.331472115074e+02 
       3.194570014728e-03       5.500089819081e+02 
       3.316792160165e-03       5.666839445274e+02 
       3.439797677790e-03       5.831586909326e+02 
       3.563518953785e-03       5.994218838072e+02 
       3.687895219483e-03       6.154637316510e+02 
       3.812871823923e-03       6.312761186411e+02 
       3.938399576414e-03       6.468521914666e+02 
       4.064434156076e-03       6.621862868772e+02 
       4.190935583973e-03       6.772738410468e+02 
       4.317867752807e-03       6.921111972081e+02 
       4.445198008897e-03       7.066956416623e+02 
       4.572896781262e-03       7.210250756837e+02 
       4.700937252832e-03       7.350981934921e+02 
       4.829295069163e-03       7.489142070746e+02 
       4.957948080421e-03       7.624730960108e+02 
       5.086876112798e-03       7.757747581079e+02 
       5.216060765905e-03       7.888200402027e+02 
       5.345485233097e-03       8.016099663598e+02 
       5.475134141982e-03       8.141455605885e+02 
       5.604993412735e-03       8.264285767709e+02 
       5.735050132083e-03       8.384607924073e+02 
       5.865292441105e-03       8.502439660027e+02 
       5.995709435225e-03       8.617804798854e+02 
       6.126291074934e-03       8.730723451926e+02 
       6.257028106021e-03       8.841220262301e+02 
       6.387911988181e-03       8.949322603451e+02 
       6.518934831047e-03       9.055053954058e+02 
       6.650089336797e-03       9.158441885613e+02 
       6.781368748589e-03       9.259513511199e+02 
       6.912766804167e-03       9.358294751974e+02 
       7.044277694073e-03       9.454817820490e+02 
       7.175896023947e-03       9.549110414832e+02 
       7.307616780480e-03       9.641198718616e+02 
       7.439435300621e-03       9.731112088663e+02 
       7.571347243688e-03       9.818881197208e+02 
       7.703348566092e-03       9.904528895789e+02 
       7.835435498379e-03       9.988088818859e+02 
       7.967604524376e-03       1.006959249902e+03 
       8.099852362201e-03       1.014906142040e+03 
       8.232175946977e-03       1.022652228466e+03 
       8.364572415055e-03       1.030201223574e+03 
       8.497039089610e-03       1.037555015724e+03 
       8.629573467480e-03       1.044716481001e+03 
       8.762173207120e-03       1.051688416274e+03 
       8.894836117563e-03       1.058474062228e+03 
       9.027560148310e-03       1.065075424957e+03 
       9.160343380039e-03       1.071495135932e+03 
       9.293184016077e-03       1.077735816446e+03 
       9.426080374557e-03       1.083800285067e+03 
       9.559030881197e-03       1.089690811807e+03 
       9.692034062657e-03       1.095410012445e+03 
       9.825088540402e-03       1.100960082794e+03 
       9.958193025054e-03       1.106343890202e+03 
       1.009134631117e-02       1.111563275140e+03 
       1.022454727240e-02       1.116621131373e+03 
       1.035779485708e-02       1.121519801837e+03 
       1.049108808403e-02       1.126262351403e+03 
       1.062442603880e-02       1.130848778376e+03 
       1.075780787008e-02       1.135282343453e+03 
       1.089123278647e-02       1.139565099323e+03 
       1.102470005340e-02       1.143699689044e+03 
       1.115820899032e-02       1.147687895980e+03 
       1.129175896808e-02       1.151531867850e+03 
       1.142534940653e-02       1.155233493282e+03 
       1.155897977221e-02       1.158795023813e+03 
       1.169264957627e-02       1.162218602716e+03 
       1.182635837256e-02       1.165505927270e+03 
       1.196010575577e-02       1.168659060648e+03 
       1.209389135976e-02       1.171679625395e+03 
       1.222771485602e-02       1.174570023746e+03 
       1.236157595218e-02       1.177331891172e+03 
       1.249547439069e-02       1.179966663693e+03 
       1.262940994755e-02       1.182476751509e+03 
       1.276338243113e-02       1.184863451623e+03 
       1.289739168112e-02       1.187128651130e+03 
       1.303143756752e-02       1.189274648593e+03 
       1.316551998968e-02       1.191302143925e+03 
       1.329963887547e-02       1.193213429289e+03 
       1.343379418048e-02       1.195010383980e+03 
       1.356798588725e-02       1.196693911449e+03 
       1.370221400463e-02       1.198266886086e+03 
       1.383647856714e-02       1.199729840329e+03 
       1.397077963436e-02       1.201084587709e+03 
       1.410511729045e-02       1.202333159970e+03 
       1.423949164364e-02       1.203476339640e+03 
       1.437390282580e-02       1.204516969948e+03 
       1.450835099199e-02       1.205455115119e+03 
       1.464283632018e-02       1.206292912807e+03 
       1.477735901085e-02       1.207031474202e+03 
       1.491191928672e-02       1.207672375392e+03 
       1.504651739250e-02       1.208217804138e+03 
       1.518115359463e-02       1.208668574451e+03 
       1.531582818112e-02       1.209026032946e+03 
       1.545054146135e-02       1.209292303932e+03 
       1.558529376592e-02       1.209467437853e+03 
       1.572008544657e-02       1.209554190409e+03 
       1.585491687604e-02       1.209553258348e+03 
       1.598978844802e-02       1.209466166617e+03 
       1.612470057713e-02       1.209294026482e+03 
       1.625965369884e-02       1.209038388712e+03 
       1.639464826954e-02       1.208700566106e+03 
       1.652968476650e-02       1.208281918441e+03 
       1.666476368793e-02       1.207783410565e+03 
       1.679988555307e-02       1.207206234575e+03 
       1.693505090223e-02       1.206552336338e+03 
       1.707026029690e-02       1.205823029188e+03 
       1.720551431989e-02       1.205018474745e+03 
       1.734081357544e-02       1.204140889759e+03 
       1.747615868939e-02       1.203190662492e+03 
       1.761155030937e-02       1.202169332200e+03 
       1.774698910494e-02       1.201078168228e+03 
       1.788247576786e-02       1.199918701812e+03 
       1.801801101224e-02       1.198691332626e+03 
       1.815359557488e-02       1.197397509351e+03 
       1.828923021544e-02       1.196039342329e+03 
       1.842491571677e-02       1.194615633474e+03 
       1.856065288516e-02       1.193130428133e+03 
       1.869644255071e-02       1.191582601167e+03 
       1.883228556761e-02       1.189973404348e+03 
       1.896818281447e-02       1.188304871012e+03 
       1.910413519474e-02       1.186577324782e+03 
       1.924014363703e-02       1.184791949377e+03 
       1.937620909555e-02       1.182950439335e+03 
       1.951233255048e-02       1.181052756491e+03 
       1.964851500844e-02       1.179099960405e+03 
       1.978475750288e-02       1.177094474884e+03 
       1.992106109463e-02       1.175035786782e+03 
       2.005742687230e-02       1.172925407442e+03 
       2.019385595284e-02       1.170764657759e+03 
       2.033034948201e-02       1.168552965526e+03 
       2.046690863496e-02       1.166294829540e+03 
       2.060353461679e-02       1.163985661658e+03 
       2.074022866307e-02       1.161631060912e+03 
       2.087699204052e-02       1.159230957766e+03 
       2.101382604757e-02       1.156785700918e+03 
       2.115073201501e-02       1.154295199836e+03 
       2.128771130666e-02       1.151762380827e+03 
       2.142476532007e-02       1.149186202200e+03 
       2.156189548716e-02       1.146568415949e+03 
       2.169910327504e-02       1.143910602850e+03 
       2.183639018667e-02       1.141211145054e+03 
       2.197375776170e-02       1.138474631165e+03 
       2.211120757723e-02       1.135699976569e+03 
       2.224874124866e-02       1.132886802297e+03 
       2.238636043052e-02       1.130037439844e+03 
       2.252406681738e-02       1.127152603437e+03 
       2.266186214469e-02       1.124233039535e+03 
       2.279974818980e-02       1.121279331585e+03 
       2.293772677283e-02       1.118290212162e+03 
       2.307579975775e-02       1.115272094741e+03 
       2.321396905334e-02       1.112219821447e+03 
       2.335223661426e-02       1.109138561803e+03 
       2.349060444215e-02       1.106025086182e+03 
       2.362907458674e-02       1.102884789070e+03 
       2.376764914702e-02       1.099713951733e+03 
       2.390633027240e-02       1.096514444869e+03 
       2.404512016397e-02       1.093291462587e+03 
       2.418402107576e-02       1.090037837783e+03 
       2.432303531605e-02       1.086761467540e+03 
       2.446216524869e-02       1.083457011103e+03 
       2.460141329453e-02       1.080128679383e+03 
       2.474078193285e-02       1.076778626445e+03 
       2.488027370280e-02       1.073405397616e+03 
       2.501989120497e-02       1.070010291374e+03 
       2.515963710296e-02       1.066591875763e+03 
       2.529951412499e-02       1.063150904564e+03 
       2.543952506557e-02       1.059693445896e+03 
       2.557967278729e-02       1.056214329174e+03 
       2.571996022254e-02       1.052716924901e+03 
       2.586039037538e-02       1.049201427283e+03 
       2.600096632349e-02       1.045666949245e+03 
       2.614169122007e-02       1.042115676949e+03 
       2.628256829594e-02       1.038549087137e+03 
       2.642360086160e-02       1.034965650374e+03 
       2.656479230944e-02       1.031367172533e+03 
       2.670614611595e-02       1.027753049815e+03 
       2.684766584408e-02       1.024125689200e+03 
       2.698935514561e-02       1.020485054687e+03 
       2.713121776367e-02       1.016821502016e+03 
       2.727325753527e-02       1.013163093516e+03 
       2.741547839400e-02       1.009482696744e+03 
       2.755788437276e-02       1.005793241388e+03 
       2.770047960660e-02       1.002090848207e+03 
       2.784326833570e-02       9.983799745458e+02 
       2.798625490840e-02       9.946576890312e+02 
       2.812944378436e-02       9.909234155747e+02 
       2.827283953786e-02       9.871829283059e+02 
       2.841644686117e-02       9.834341909332e+02 
       2.856027056810e-02       9.796750369444e+02 
       2.870431559761e-02       9.759101231866e+02 
       2.884858701765e-02       9.721371931732e+02 
       2.899309002902e-02       9.683574381779e+02 
       2.913782996949e-02       9.645732420617e+02 
       2.928281231802e-02       9.607823206660e+02 
       2.942804269914e-02       9.569833814415e+02 
       2.957352688749e-02       9.531827298237e+02 
       2.971927081260e-02       9.493737966386e+02 
       2.986528056376e-02       9.455654614253e+02 
       3.001156239516e-02       9.417498058077e+02 
       3.015812273119e-02       9.379312942889e+02 
       3.030496817197e-02       9.341104262437e+02 
       3.045210549909e-02       9.302859959910e+02 
       3.059954168162e-02       9.264587573490e+02 
       3.074728388228e-02       9.226292278171e+02 
       3.089533946398e-02       9.187977042161e+02 
       3.104371599653e-02       9.149648103521e+02 
       3.119242126369e-02       9.111320898525e+02 
       3.134146327051e-02       9.072964372194e+02 
       3.149085025095e-02       9.034592820686e+02 
       3.164059067589e-02       8.996267495760e+02 
       3.179069326138e-02       8.957912349046e+02 
       3.194116697741e-02       8.919558566955e+02 
       3.209202105689e-02       8.881217216231e+02 
       3.224326500520e-02       8.842879188046e+02 
       3.239490860999e-02       8.804569662284e+02 
       3.254696195161e-02       8.766252019362e+02 
       3.269943541387e-02       8.727982914455e+02 
       3.285233969536e-02       8.689677798338e+02 
       3.300568582133e-02       8.651435258302e+02 
       3.315948515602e-02       8.613219302919e+02 
       3.331374941570e-02       8.575022818593e+02 
       3.346849068227e-02       8.536860695201e+02 
       3.362372141749e-02       8.498712577183e+02 
       3.377945447800e-02       8.460618001029e+02 
       3.393570313096e-02       8.422520325372e+02 
       3.409248107059e-02       8.384488815034e+02 
       3.424980243545e-02       8.346480003839e+02 
       3.440768182662e-02       8.308510816232e+02 
       3.456613432688e-02       8.270617619076e+02 
       3.472517552076e-02       8.232712543136e+02 
       3.488482151577e-02       8.194892275031e+02 
       3.504508896467e-02       8.157100776708e+02 
       3.520599508896e-02       8.119338905752e+02 
       3.536755770364e-02       8.081663935848e+02 
       3.552979524329e-02       8.044019322350e+02 
       3.569272678970e-02       8.006424107449e+02 
       3.585637210089e-02       7.968876945018e+02 
       3.602075164186e-02       7.931402533798e+02 
       3.618588661713e-02       7.893955868848e+02 
       3.635179900506e-02       7.856569008263e+02 
       3.651851159422e-02       7.819253385085e+02 
       3.668604802199e-02       7.781949421934e+02 
       3.685443281532e-02       7.744737783909e+02 
       3.702369143405e-02       7.707591404128e+02 
       3.719385031690e-02       7.670495894286e+02 
       3.736493693021e-02       7.633425847190e+02 
       3.753697981988e-02       7.596441203831e+02 
       3.771000866645e-02       7.559499299874e+02 
       3.788405434385e-02       7.522635881879e+02 
       3.805914898192e-02       7.485813885392e+02 
       3.823532603303e-02       7.449064715191e+02 
       3.841262034320e-02       7.412347422667e+02 
       3.859106822800e-02       7.375689651476e+02 
       3.877070755366e-02       7.339101902480e+02 
       3.895157782381e-02       7.302560898374e+02 
       3.913372027237e-02       7.266071207934e+02 
       3.931717796296e-02       7.229647618728e+02 
       3.950199589564e-02       7.193273367140e+02 
       3.968822112142e-02       7.156947692824e+02 
       3.987590286525e-02       7.120679506276e+02 
       4.006509265840e-02       7.084447251927e+02 
       4.025584448087e-02       7.048295351039e+02 
       4.044821491497e-02       7.012150444372e+02 
       4.064226331098e-02       6.976076214991e+02 
       4.083805196607e-02       6.940052106710e+02 
       4.103564631778e-02       6.904058621079e+02 
       4.123511515355e-02       6.868093850259e+02 
       4.143653083778e-02       6.832197178230e+02 
       4.163996955825e-02       6.796327762568e+02 
       4.184551159400e-02       6.760494549237e+02 
       4.205324160672e-02       6.724665975067e+02 
       4.226324895833e-02       6.688872469096e+02 
       4.247562805751e-02       6.653133086123e+02 
       4.269047873838e-02       6.617419219459e+02 
       4.290790667488e-02       6.581690649514e+02 
       4.312802383509e-02       6.545998122031e+02 
       4.335094897991e-02       6.510325139968e+02 
       4.357680821155e-02       6.474662343850e+02 
       4.380573557760e-02       6.438978303426e+02 
       4.403787373783e-02       6.403311994713e+02 
       4.427337470117e-02       6.367647013604e+02 
       4.451240064216e-02       6.331963440809e+02 
       4.475512480701e-02       6.296269995528e+02 
       4.500173252126e-02       6.260546911062e+02 
       4.525242231265e-02       6.224804496381e+02 
       4.550740716535e-02       6.189022511951e+02 
       4.576691592387e-02       6.153208951154e+02 
       4.603119486835e-02       6.117338297712e+02 
       4.630050948643e-02       6.081412204149e+02 
       4.657514647133e-02       6.045431821589e+02 
       4.685541598099e-02       6.009357936377e+02 
       4.714165419937e-02       5.973192661987e+02 
       4.743422624862e-02       5.936961858299e+02 
       4.773352951019e-02       5.900593280404e+02 
       4.803999742377e-02       5.864117402160e+02 
       4.835410384715e-02       5.827502781785e+02 
       4.867636807631e-02       5.790745150853e+02 
       4.900736064623e-02       5.753803436765e+02 
       4.934771005787e-02       5.716696167466e+02 
       4.969811060897e-02       5.679372800089e+02 
       5.005933154553e-02       5.641823739235e+02 
       5.043222780019e-02       5.604021264352e+02 
       5.081775264617e-02       5.565933318218e+02 
       5.121697267352e-02       5.527532884664e+02 
       5.163108559379e-02       5.488799698733e+02 
       5.206144150519e-02       5.449685951534e+02 
       5.250956841086e-02       5.410111517546e+02 
       5.297720298715e-02       5.370093766080e+02 
       5.346632785954e-02       5.329529368198e+02 
       5.397921697521e-02       5.288341959641e+02 
       5.451849107999e-02       5.246498468504e+02 
       5.508718583123e-02       5.203843730255e+02 
       5.568883571964e-02       5.160303659351e+02 
       5.632757773207e-02       5.115734700151e+02 
       5.700827952619e-02       5.069974720259e+02 
       5.773669768945e-02       5.022800227473e+02 
       5.851967213224e-02       4.973959459485e+02 
       5.936536219292e-02       4.923093326326e+02 
       6.028352733112e-02       4.869783244476e+02 
       6.128584787603e-02       4.813440196879e+02 
       6.238626463459e-02       4.753323138004e+02 
       6.360128259309e-02       4.688432255199e+02 
       6.495012236302e-02       4.617406712095e+02 
       6.645450250004e-02       4.538463716985e+02 
       6.813770127376e-02       4.449316344356e+02 
       7.002243922811e-02       4.347141110937e+02 
       7.212722542103e-02       4.228754825729e+02 
       7.446142262325e-02       4.091131387943e+02 
       7.702053145351e-02       3.932305436679e+02 
       7.978433087909e-02       3.752484986230e+02 
       8.271989015338e-02       3.554836431369e+02 
       8.578856585917e-02       3.345433431057e+02 
       8.895344673463e-02       3.132275777020e+02 
       9.218408918513e-02       2.923860510515e+02 
       9.545788095992e-02       2.727806389729e+02 
       9.875919777221e-02       2.549956419908e+02 
       1.020777504877e-01       2.393965499113e+02 
       1.054069702552e-01       2.261259420833e+02 
       1.087427445693e-01       2.151335614416e+02 
       1.120825297907e-01       2.062065197123e+02 
       1.154247642707e-01       1.990203792982e+02 
       1.187684935102e-01       1.931745025290e+02 
       1.221131356166e-01       1.882363109896e+02 
       1.254583363398e-01       1.837759528663e+02 
       1.288038801349e-01       1.794060127181e+02 
       1.321496358393e-01       1.748113986340e+02 
       1.354955235818e-01       1.697749463160e+02 
       1.388414946566e-01       1.641887158286e+02 
       1.421875192942e-01       1.580543393726e+02 
       1.455335792347e-01       1.514679719146e+02 
       1.488796632185e-01       1.445962776444e+02 
       1.522257642475e-01       1.376456454864e+02 
       1.555718779233e-01       1.308326273081e+02 
       1.589180014364e-01       1.243565055844e+02 
       1.622641329528e-01       1.183801143750e+02 
       1.656102712400e-01       1.130165402602e+02 
       1.689564154398e-01       1.083248063488e+02 
       1.723025649293e-01       1.043104261275e+02 
       1.756487192360e-01       1.009316426585e+02 
       1.789948779852e-01       9.810826304342e+01 
       1.823410408682e-01       9.573277460916e+01 
       1.856872076219e-01       9.368159661297e+01 
       1.890333780159e-01       9.182686486387e+01 
       1.923795518446e-01       9.007179029494e+01 
       1.957257289221e-01       8.828759548966e+01 
       1.990719090778e-01       8.638999570661e+01 
       2.024180921548e-01       8.432579821302e+01 
       2.057642780074e-01       8.207613112804e+01 
       2.091104665003e-01       7.965431432238e+01 
       2.124566575070e-01       7.710175534672e+01 
       2.158028509092e-01       7.447664046685e+01 
       2.191490465961e-01       7.184460098699e+01 
       2.224952444637e-01       6.927020308591e+01 
       2.258414444142e-01       6.680902396106e+01 
       2.291876463558e-01       6.450491777557e+01 
       2.325338502017e-01       6.238864392678e+01 
       2.358800558705e-01       6.047767512639e+01 
       2.392262632849e-01       5.877576965299e+01 
       2.425724723724e-01       5.727372701846e+01 
       2.459186830640e-01       5.595068301884e+01 
       2.492648952949e-01       5.477538891447e+01 
       2.526111090033e-01       5.371046876563e+01 
       2.559573241311e-01       5.271594881482e+01 
       2.593035406228e-01       5.175447878508e+01 
       2.626497584261e-01       5.079388276177e+01 
       2.659959774911e-01       4.981031918990e+01 
       2.693421977705e-01       4.878880256608e+01 
       2.726884192193e-01       4.772275731452e+01 
       2.760346417947e-01       4.661370460478e+01 
       2.793808654561e-01       4.546953426427e+01 
       2.827270901646e-01       4.430381322516e+01 
       2.860733158833e-01       4.313442559617e+01 
       2.894195425769e-01       4.198103372200e+01 
       2.927657702118e-01       4.086305204316e+01 
       2.961119987560e-01       3.979752465280e+01 
       2.994582281787e-01       3.879621107869e+01 
       3.028044584507e-01       3.786595771480e+01 
       3.061506895440e-01       3.700769607368e+01 
       3.094969214318e-01       3.621793026295e+01 
       3.128431540885e-01       3.548954559349e+01 
       3.161893874895e-01       3.481350421424e+01 
       3.195356216114e-01       3.417939004933e+01 
       3.228818564315e-01       3.357637351955e+01 
       3.262280919284e-01       3.299359461653e+01 
       3.295743280812e-01       3.242086525618e+01 
       3.329205648702e-01       3.184958576770e+01 
       3.362668022762e-01       3.127345435633e+01 
       3.396130402809e-01       3.068916593002e+01 
       3.429592788666e-01       3.009651535782e+01 
       3.463055180166e-01       2.949785983346e+01 
       3.496517577144e-01       2.889743228477e+01 
       3.529979979445e-01       2.830038525325e+01 
       3.563442386917e-01       2.771190252516e+01 
       3.596904799416e-01       2.713688149060e+01 
       3.630367216802e-01       2.657965597250e+01 
       3.663829638941e-01       2.604372927040e+01 
       3.697292065703e-01       2.553193116603e+01 
       3.730754496962e-01       2.504575864026e+01 
       3.764216932599e-01       2.458534267754e+01 
       3.797679372498e-01       2.414936838523e+01 
       3.831141816545e-01       2.373506944110e+01 
       3.864604264634e-01       2.333887173715e+01 
       3.898066716659e-01       2.295687394532e+01 
       3.931529172519e-01       2.258542655942e+01 
       3.964991632117e-01       2.222153025001e+01 
       3.998454095359e-01       2.186288628294e+01 
       4.031916562153e-01       2.150793556241e+01 
       4.065379032412e-01       2.115562526356e+01 
       4.098841506050e-01       2.080526949520e+01 
       4.132303982986e-01       2.045676461228e+01 
       4.165766463138e-01       2.011055796486e+01 
       4.199228946430e-01       1.976762138523e+01 
       4.232691432787e-01       1.942938185215e+01 
       4.266153922138e-01       1.909746557032e+01 
       4.299616414410e-01       1.877336082058e+01 
       4.333078909538e-01       1.845812896973e+01 
       4.366541407454e-01       1.815239649179e+01 
       4.400003908095e-01       1.785627378293e+01 
       4.433466411398e-01       1.756976369555e+01 
       4.466928917305e-01       1.729257486083e+01 
       4.500391425756e-01       1.702440840090e+01 
       4.533853936696e-01       1.676485205409e+01 
       4.567316450068e-01       1.651326003234e+01 
       4.600778965821e-01       1.626871606584e+01 
       4.634241483901e-01       1.603017035950e+01 
       4.667704004260e-01       1.579645037654e+01 
       4.701166526848e-01       1.556659521883e+01 
       4.734629051617e-01       1.533990460138e+01 
       4.768091578522e-01       1.511604616760e+01 
       4.801554107517e-01       1.489492797994e+01 
       4.835016638560e-01       1.467663754164e+01 
       4.868479171607e-01       1.446126310353e+01 
       4.901941706619e-01       1.424893675022e+01 
       4.935404243553e-01       1.403981420450e+01 
       4.968866782373e-01       1.383415934455e+01 
       5.002329323039e-01       1.363233632583e+01 
       5.035791865514e-01       1.343486482934e+01 
       5.069254409764e-01       1.324216839357e+01 
       5.102716955752e-01       1.305444507165e+01 
       5.136179503445e-01       1.287169122071e+01 
       5.169642052809e-01       1.269373251602e+01 
       5.203104603812e-01       1.252017955878e+01 
       5.236567156423e-01       1.235061801045e+01 
       5.270029710611e-01       1.218472165749e+01 
       5.303492266345e-01       1.202219330044e+01 
       5.336954823597e-01       1.186283145850e+01 
       5.370417382339e-01       1.170640404351e+01 
       5.403879942542e-01       1.155263715471e+01 
       5.437342504179e-01       1.140124216041e+01 
       5.470805067225e-01       1.125197894390e+01 
       5.504267631652e-01       1.110469005526e+01 
       5.537730197437e-01       1.095948688130e+01 
       5.571192764555e-01       1.081644245320e+01 
       5.604655332981e-01       1.067576948137e+01 
       5.638117902692e-01       1.053758809724e+01 
       5.671580473666e-01       1.040194130709e+01 
       5.705043045880e-01       1.026880955353e+01 
       5.738505619313e-01       1.013810589180e+01 
       5.771968193943e-01       1.000979018245e+01 
       5.805430769749e-01       9.883868042707e+00 
       5.838893346711e-01       9.760388181847e+00 
       5.872355924810e-01       9.639380272209e+00 
       5.905818504025e-01       9.520815251374e+00 
       5.939281084339e-01       9.404572178705e+00 
       5.972743665732e-01       9.290480347270e+00 
       6.006206248187e-01       9.178339725148e+00 
       6.039668831685e-01       9.068009664519e+00 
       6.073131416210e-01       8.959413755083e+00 
       6.106594001744e-01       8.852547438812e+00 
       6.140056588271e-01       8.747409407567e+00 
       6.173519175775e-01       8.643975048506e+00 
       6.206981764240e-01       8.542170543902e+00 
       6.240444353650e-01       8.441896337544e+00 
       6.273906943991e-01       8.343062249829e+00 
       6.307369535247e-01       8.245635890037e+00 
       6.340832127404e-01       8.149652292827e+00 
       6.374294720447e-01       8.055190243679e+00 
       6.407757314364e-01       7.962317622768e+00 
       6.441219909139e-01       7.871057918223e+00 
       6.474682504760e-01       7.781380117666e+00 
       6.508145101214e-01       7.693199458665e+00 
       6.541607698488e-01       7.606436484274e+00 
       6.575070296569e-01       7.521030878270e+00 
       6.608532895445e-01       7.436980237010e+00 
       6.641995495104e-01       7.354292977959e+00 
       6.675458095534e-01       7.272991440054e+00 
       6.708920696723e-01       7.193031413675e+00 
       6.742383298661e-01       7.114349228088e+00 
       6.775845901337e-01       7.036847786175e+00 
       6.809308504738e-01       6.960441907837e+00 
       6.842771108855e-01       6.885086734331e+00 
       6.876233713677e-01       6.810787209650e+00 
       6.909696319194e-01       6.737573933053e+00 
       6.943158925395e-01       6.665478809078e+00 
       6.976621532272e-01       6.594488073667e+00 
       7.010084139813e-01       6.524564322745e+00 
       7.043546748011e-01       6.455645360236e+00 
       7.077009356855e-01       6.387672484241e+00 
       7.110471966336e-01       6.320638734074e+00 
       7.143934576445e-01       6.254559852876e+00 
       7.177397187173e-01       6.189470577892e+00 
       7.210859798513e-01       6.125379613108e+00 
       7.244322410455e-01       6.062305124340e+00 
       7.277785022990e-01       6.000182107713e+00 
       7.311247636112e-01       5.938947174531e+00 
       7.344710249811e-01       5.878554610005e+00 
       7.378172864080e-01       5.818977851088e+00 
       7.411635478912e-01       5.760218455881e+00 
       7.445098094298e-01       5.702302330804e+00 
       7.478560710231e-01       5.645238418234e+00 
       7.512023326704e-01       5.589016699792e+00 
       7.545485943709e-01       5.533581259380e+00 
       7.578948561240e-01       5.478887837194e+00 
       7.612411179289e-01       5.424890646226e+00 
       8.255242890965e-01       4.517040772460e+00 
       9.150365981868e-01       3.571994325728e+00 
       1.052403375793e+00       2.586785686010e+00 
       1.275062645248e+00       1.650353739089e+00 
       1.597451717746e+00       9.648076774737e-01 
       2.010825176724e+00       5.526667079393e-01 
       2.531477267697e+00       3.138640028247e-01 
       3.186941059935e+00       1.769040763110e-01 
       4.012121086243e+00       9.902400517876e-02 
       5.050961190666e+00       5.508208103050e-02 
       6.358783396916e+00       3.046406667764e-02 
       8.005234006472e+00       1.676023007400e-02 
       1.007799251811e+01       9.175873906402e-03 
       1.268744088092e+01       5.001353859669e-03 
       1.597254173562e+01       2.714591532294e-03 
       2.010823868192e+01       1.467640383324e-03 
       2.531477266309e+01       7.906159325407e-04 
       3.186941059935e+01       4.244031929649e-04 
       4.012121086243e+01       2.270552491156e-04 
       5.050961190666e+01       1.210652660148e-04 
       6.358783396916e+01       6.432988561979e-05 
       8.005234006472e+01       3.405504072487e-05 
       1.007799251811e+02       1.795169795118e-05 
       1.268744088092e+02       9.414095093640e-06 
       1.597254173562e+02       4.904349460353e-06 
       2.010823868192e+02       2.532604072631e-06 
       2.531477266309e+02       1.292470560555e-06 
       3.186941059935e+02       6.494346734137e-07 
       4.012121086243e+02       3.201360175521e-07 
       5.050961190666e+02       1.546211368506e-07 
       6.358783396916e+02       7.345921830551e-08 
       8.005234006472e+02       3.466079169798e-08 
       1.007799251811e+03       1.637358063751e-08 
