# Matter power spectrum P(k) at redshift z=4.5
# for k=1.05459e-05 to 1007.8 h/Mpc,
# number of wavenumbers equal to 624
#    1:k (h/Mpc)              2:P (Mpc/h)^3        
       1.054587662383e-05       2.305511432250e+00 
       2.395760700461e-05       5.167526255553e+00 
       3.741949231070e-05       8.007757363217e+00 
       5.097080407504e-05       1.084559838991e+01 
       6.465150826923e-05       1.369431978478e+01 
       7.850265151649e-05       1.656516229536e+01 
       9.256676051055e-05       1.946856660669e+01 
       1.068882603665e-04       2.241472031453e+01 
       1.215139176705e-04       2.541386995865e+01 
       1.364933140282e-04       2.847653523440e+01 
       1.518793559007e-04       3.161367873802e+01 
       1.677288263856e-04       3.483685553913e+01 
       1.841029842806e-04       3.815835446229e+01 
       2.010682151256e-04       4.159133818524e+01 
       2.186967378032e-04       4.514998536909e+01 
       2.370673684701e-04       4.884963657263e+01 
       2.562663408111e-04       5.270694546345e+01 
       2.763881774971e-04       5.674003278425e+01 
       2.975366018308e-04       6.096864158472e+01 
       3.198254703706e-04       6.541428900913e+01 
       3.433796962236e-04       7.010040667181e+01 
       3.683361181409e-04       7.505246068390e+01 
       3.948442520610e-04       8.029803687094e+01 
       4.230668392529e-04       8.586687129626e+01 
       4.531800792723e-04       9.179080555054e+01 
       4.853734083030e-04       9.810363433444e+01 
       5.198486575588e-04       1.048408152313e+02 
       5.568184080411e-04       1.120390046765e+02 
       5.965033555038e-04       1.197353836555e+02 
       6.391285237414e-04       1.279667528177e+02 
       6.849182269121e-04       1.367683792067e+02 
       7.340897917152e-04       1.461726160733e+02 
       7.868462095924e-04       1.562073430804e+02 
       8.433680859967e-04       1.668943217289e+02 
       9.038054586522e-04       1.782476003302e+02 
       9.682702230937e-04       1.902721243239e+02 
       1.036829977312e-03       2.029627380229e+02 
       1.109504033623e-03       2.163037101794e+02 
       1.186262131037e-03       2.302688788742e+02 
       1.267026045480e-03       2.448224307395e+02 
       1.351673909154e-03       2.599202338452e+02 
       1.440046703627e-03       2.755115670759e+02 
       1.531956161098e-03       2.915410849349e+02 
       1.627193233137e-03       3.079507784765e+02 
       1.725536357866e-03       3.246818042439e+02 
       1.826758931240e-03       3.416760543961e+02 
       1.930635607428e-03       3.588773869691e+02 
       2.036947265403e-03       3.762325467498e+02 
       2.145484649649e-03       3.936917576995e+02 
       2.256050808962e-03       4.112089562721e+02 
       2.368462520340e-03       4.287417647996e+02 
       2.482550905970e-03       4.462527087051e+02 
       2.598161443598e-03       4.637076795200e+02 
       2.715153546563e-03       4.810763042415e+02 
       2.833399858872e-03       4.983316221787e+02 
       2.952785379160e-03       5.154500804572e+02 
       3.073206498732e-03       5.324109688616e+02 
       3.194570014728e-03       5.491963799914e+02 
       3.316792160165e-03       5.657908775290e+02 
       3.439797677790e-03       5.821811602998e+02 
       3.563518953785e-03       5.983560144720e+02 
       3.687895219483e-03       6.143057868355e+02 
       3.812871823923e-03       6.300225115043e+02 
       3.938399576414e-03       6.454994950929e+02 
       4.064434156076e-03       6.607312418186e+02 
       4.190935583973e-03       6.757133605607e+02 
       4.317867752807e-03       6.904423706644e+02 
       4.445198008897e-03       7.049157356365e+02 
       4.572896781262e-03       7.191315340238e+02 
       4.700937252832e-03       7.330886349624e+02 
       4.829295069163e-03       7.467864224503e+02 
       4.957948080421e-03       7.602250427532e+02 
       5.086876112798e-03       7.734045568309e+02 
       5.216060765905e-03       7.863259666488e+02 
       5.345485233097e-03       7.989904452083e+02 
       5.475134141982e-03       8.113991593114e+02 
       5.604993412735e-03       8.235539964460e+02 
       5.735050132083e-03       8.354568607867e+02 
       5.865292441105e-03       8.471096306184e+02 
       5.995709435225e-03       8.585147986724e+02 
       6.126291074934e-03       8.696744810864e+02 
       6.257028106021e-03       8.805912386681e+02 
       6.387911988181e-03       8.912678977690e+02 
       6.518934831047e-03       9.017068908235e+02 
       6.650089336797e-03       9.119110521611e+02 
       6.781368748589e-03       9.218831653564e+02 
       6.912766804167e-03       9.316258905454e+02 
       7.044277694073e-03       9.411425101542e+02 
       7.175896023947e-03       9.504359094341e+02 
       7.307616780480e-03       9.595088201440e+02 
       7.439435300621e-03       9.683640468720e+02 
       7.571347243688e-03       9.770047687869e+02 
       7.703348566092e-03       9.854333757622e+02 
       7.835435498379e-03       9.936533232304e+02 
       7.967604524376e-03       1.001667850719e+03 
       8.099852362201e-03       1.009479191962e+03 
       8.232175946977e-03       1.017090094030e+03 
       8.364572415055e-03       1.024504337122e+03 
       8.497039089610e-03       1.031723880307e+03 
       8.629573467480e-03       1.038751660243e+03 
       8.762173207120e-03       1.045590529915e+03 
       8.894836117563e-03       1.052243779762e+03 
       9.027560148310e-03       1.058713468218e+03 
       9.160343380039e-03       1.065002271696e+03 
       9.293184016077e-03       1.071112852582e+03 
       9.426080374557e-03       1.077048065660e+03 
       9.559030881197e-03       1.082810216798e+03 
       9.692034062657e-03       1.088401952014e+03 
       9.825088540402e-03       1.093825496632e+03 
       9.958193025054e-03       1.099083739785e+03 
       1.009134631117e-02       1.104178547129e+03 
       1.022454727240e-02       1.109112827606e+03 
       1.035779485708e-02       1.113888941225e+03 
       1.049108808403e-02       1.118509964764e+03 
       1.062442603880e-02       1.122975909664e+03 
       1.075780787008e-02       1.127290045079e+03 
       1.089123278647e-02       1.131454429999e+03 
       1.102470005340e-02       1.135471707572e+03 
       1.115820899032e-02       1.139343665296e+03 
       1.129175896808e-02       1.143072450526e+03 
       1.142534940653e-02       1.146659951684e+03 
       1.155897977221e-02       1.150108415934e+03 
       1.169264957627e-02       1.153419981633e+03 
       1.182635837256e-02       1.156596343420e+03 
       1.196010575577e-02       1.159639558212e+03 
       1.209389135976e-02       1.162551245101e+03 
       1.222771485602e-02       1.165333796264e+03 
       1.236157595218e-02       1.167988842815e+03 
       1.249547439069e-02       1.170517818059e+03 
       1.262940994755e-02       1.172923121739e+03 
       1.276338243113e-02       1.175206049553e+03 
       1.289739168112e-02       1.177368483043e+03 
       1.303143756752e-02       1.179412712230e+03 
       1.316551998968e-02       1.181339442364e+03 
       1.329963887547e-02       1.183150958485e+03 
       1.343379418048e-02       1.184849136962e+03 
       1.356798588725e-02       1.186434887637e+03 
       1.370221400463e-02       1.187911074723e+03 
       1.383647856714e-02       1.189278241826e+03 
       1.397077963436e-02       1.190538202880e+03 
       1.410511729045e-02       1.191692989926e+03 
       1.423949164364e-02       1.192743396780e+03 
       1.437390282580e-02       1.193692259894e+03 
       1.450835099199e-02       1.194539662004e+03 
       1.464283632018e-02       1.195287740615e+03 
       1.477735901085e-02       1.195937617653e+03 
       1.491191928672e-02       1.196490875239e+03 
       1.504651739250e-02       1.196949701744e+03 
       1.518115359463e-02       1.197314924447e+03 
       1.531582818112e-02       1.197587897848e+03 
       1.545054146135e-02       1.197770746821e+03 
       1.558529376592e-02       1.197863541266e+03 
       1.572008544657e-02       1.197869030261e+03 
       1.585491687604e-02       1.197787922849e+03 
       1.598978844802e-02       1.197621747652e+03 
       1.612470057713e-02       1.197371622847e+03 
       1.625965369884e-02       1.197039100937e+03 
       1.639464826954e-02       1.196625497751e+03 
       1.652968476650e-02       1.196132174941e+03 
       1.666476368793e-02       1.195560101801e+03 
       1.679988555307e-02       1.194910471921e+03 
       1.693505090223e-02       1.194185223866e+03 
       1.707026029690e-02       1.193385668981e+03 
       1.720551431989e-02       1.192511977946e+03 
       1.734081357544e-02       1.191566354485e+03 
       1.747615868939e-02       1.190549191783e+03 
       1.761155030937e-02       1.189462021398e+03 
       1.774698910494e-02       1.188306106872e+03 
       1.788247576786e-02       1.187082970349e+03 
       1.801801101224e-02       1.185793013635e+03 
       1.815359557488e-02       1.184437676403e+03 
       1.828923021544e-02       1.183019051773e+03 
       1.842491571677e-02       1.181535960343e+03 
       1.856065288516e-02       1.179992409042e+03 
       1.869644255071e-02       1.178387290300e+03 
       1.883228556761e-02       1.176721847809e+03 
       1.896818281447e-02       1.174998098185e+03 
       1.910413519474e-02       1.173216367499e+03 
       1.924014363703e-02       1.171377832498e+03 
       1.937620909555e-02       1.169484175294e+03 
       1.951233255048e-02       1.167535365554e+03 
       1.964851500844e-02       1.165532458289e+03 
       1.978475750288e-02       1.163477858215e+03 
       1.992106109463e-02       1.161371066776e+03 
       2.005742687230e-02       1.159213587257e+03 
       2.019385595284e-02       1.157006735766e+03 
       2.033034948201e-02       1.154749957576e+03 
       2.046690863496e-02       1.152447710148e+03 
       2.060353461679e-02       1.150095471852e+03 
       2.074022866307e-02       1.147698788058e+03 
       2.087699204052e-02       1.145257603402e+03 
       2.101382604757e-02       1.142772276201e+03 
       2.115073201501e-02       1.140242731753e+03 
       2.128771130666e-02       1.137671875497e+03 
       2.142476532007e-02       1.135058693792e+03 
       2.156189548716e-02       1.132404932896e+03 
       2.169910327504e-02       1.129712169625e+03 
       2.183639018667e-02       1.126978822064e+03 
       2.197375776170e-02       1.124209437672e+03 
       2.211120757723e-02       1.121402961205e+03 
       2.224874124866e-02       1.118559033939e+03 
       2.238636043052e-02       1.115679973705e+03 
       2.252406681738e-02       1.112766500821e+03 
       2.266186214469e-02       1.109819366622e+03 
       2.279974818980e-02       1.106839161545e+03 
       2.293772677283e-02       1.103824648264e+03 
       2.307579975775e-02       1.100782170061e+03 
       2.321396905334e-02       1.097706648241e+03 
       2.335223661426e-02       1.094603196562e+03 
       2.349060444215e-02       1.091468637768e+03 
       2.362907458674e-02       1.088308305424e+03 
       2.376764914702e-02       1.085118538408e+03 
       2.390633027240e-02       1.081901190082e+03 
       2.404512016397e-02       1.078661392130e+03 
       2.418402107576e-02       1.075392078488e+03 
       2.432303531605e-02       1.072101044947e+03 
       2.446216524869e-02       1.068783025774e+03 
       2.460141329453e-02       1.065442177250e+03 
       2.474078193285e-02       1.062080625205e+03 
       2.488027370280e-02       1.058696934554e+03 
       2.501989120497e-02       1.055292384731e+03 
       2.515963710296e-02       1.051865561334e+03 
       2.529951412499e-02       1.048417204909e+03 
       2.543952506557e-02       1.044953295202e+03 
       2.557967278729e-02       1.041468728099e+03 
       2.571996022254e-02       1.037966821185e+03 
       2.586039037538e-02       1.034447759042e+03 
       2.600096632349e-02       1.030910659618e+03 
       2.614169122007e-02       1.027357669809e+03 
       2.628256829594e-02       1.023790236314e+03 
       2.642360086160e-02       1.020206841973e+03 
       2.656479230944e-02       1.016609256769e+03 
       2.670614611595e-02       1.012996875034e+03 
       2.684766584408e-02       1.009372058459e+03 
       2.698935514561e-02       1.005734759810e+03 
       2.713121776367e-02       1.002075463669e+03 
       2.727325753527e-02       9.984218135947e+02 
       2.741547839400e-02       9.947470590543e+02 
       2.755788437276e-02       9.910639299620e+02 
       2.770047960660e-02       9.873685917963e+02 
       2.784326833570e-02       9.836654250976e+02 
       2.798625490840e-02       9.799515296497e+02 
       2.812944378436e-02       9.762263269087e+02 
       2.827283953786e-02       9.724954941197e+02 
       2.841644686117e-02       9.687570140623e+02 
       2.856027056810e-02       9.650087415297e+02 
       2.870431559761e-02       9.612552540401e+02 
       2.884858701765e-02       9.574943183664e+02 
       2.899309002902e-02       9.537270985432e+02 
       2.913782996949e-02       9.499559327355e+02 
       2.928281231802e-02       9.461785625129e+02 
       2.942804269914e-02       9.423937069252e+02 
       2.957352688749e-02       9.386075666103e+02 
       2.971927081260e-02       9.348136654064e+02 
       2.986528056376e-02       9.310207398409e+02 
       3.001156239516e-02       9.272209861038e+02 
       3.015812273119e-02       9.234187932629e+02 
       3.030496817197e-02       9.196146472399e+02 
       3.045210549909e-02       9.158073553018e+02 
       3.059954168162e-02       9.119976540458e+02 
       3.074728388228e-02       9.081860482487e+02 
       3.089533946398e-02       9.043728249968e+02 
       3.104371599653e-02       9.005585943569e+02 
       3.119242126369e-02       8.967448712866e+02 
       3.134146327051e-02       8.929285958693e+02 
       3.149085025095e-02       8.891111714951e+02 
       3.164059067589e-02       8.852986220199e+02 
       3.179069326138e-02       8.814834606422e+02 
       3.194116697741e-02       8.776687534000e+02 
       3.209202105689e-02       8.738555872327e+02 
       3.224326500520e-02       8.700430608000e+02 
       3.239490860999e-02       8.662336514985e+02 
       3.254696195161e-02       8.624237521269e+02 
       3.269943541387e-02       8.586189346488e+02 
       3.285233969536e-02       8.548108791486e+02 
       3.300568582133e-02       8.510092813580e+02 
       3.315948515602e-02       8.472105984959e+02 
       3.331374941570e-02       8.434141303213e+02 
       3.346849068227e-02       8.396213351449e+02 
       3.362372141749e-02       8.358302143816e+02 
       3.377945447800e-02       8.320446507578e+02 
       3.393570313096e-02       8.282590738671e+02 
       3.409248107059e-02       8.244802931611e+02 
       3.424980243545e-02       8.207040322183e+02 
       3.440768182662e-02       8.169319556353e+02 
       3.456613432688e-02       8.131676351649e+02 
       3.472517552076e-02       8.094024316995e+02 
       3.488482151577e-02       8.056458499747e+02 
       3.504508896467e-02       8.018923799261e+02 
       3.520599508896e-02       7.981421046348e+02 
       3.536755770364e-02       7.944006549804e+02 
       3.552979524329e-02       7.906624726648e+02 
       3.569272678970e-02       7.869294290661e+02 
       3.585637210089e-02       7.832013942051e+02 
       3.602075164186e-02       7.794808062346e+02 
       3.618588661713e-02       7.757632206042e+02 
       3.635179900506e-02       7.720517976635e+02 
       3.651851159422e-02       7.683476651368e+02 
       3.668604802199e-02       7.646449712423e+02 
       3.685443281532e-02       7.609516442568e+02 
       3.702369143405e-02       7.572650259279e+02 
       3.719385031690e-02       7.535837058943e+02 
       3.736493693021e-02       7.499051911266e+02 
       3.753697981988e-02       7.462353797696e+02 
       3.771000866645e-02       7.425700780315e+02 
       3.788405434385e-02       7.389128047008e+02 
       3.805914898192e-02       7.352599201821e+02 
       3.823532603303e-02       7.316145166406e+02 
       3.841262034320e-02       7.279725784902e+02 
       3.859106822800e-02       7.243368206438e+02 
       3.877070755366e-02       7.207082828901e+02 
       3.895157782381e-02       7.170846832534e+02 
       3.913372027237e-02       7.134664750460e+02 
       3.931717796296e-02       7.098551103658e+02 
       3.950199589564e-02       7.062489611311e+02 
       3.968822112142e-02       7.026479419198e+02 
       3.987590286525e-02       6.990529339467e+02 
       4.006509265840e-02       6.954618288562e+02 
       4.025584448087e-02       6.918789940780e+02 
       4.044821491497e-02       6.882972182548e+02 
       4.064226331098e-02       6.847227597931e+02 
       4.083805196607e-02       6.811536007200e+02 
       4.103564631778e-02       6.775878260558e+02 
       4.123511515355e-02       6.740252479393e+02 
       4.143653083778e-02       6.704697258345e+02 
       4.163996955825e-02       6.669172440264e+02 
       4.184551159400e-02       6.633686830015e+02 
       4.205324160672e-02       6.598209366203e+02 
       4.226324895833e-02       6.562769770892e+02 
       4.247562805751e-02       6.527386651849e+02 
       4.269047873838e-02       6.492031815168e+02 
       4.290790667488e-02       6.456665670562e+02 
       4.312802383509e-02       6.421337833379e+02 
       4.335094897991e-02       6.386031954346e+02 
       4.357680821155e-02       6.350738652465e+02 
       4.380573557760e-02       6.315426889144e+02 
       4.403787373783e-02       6.280134660423e+02 
       4.427337470117e-02       6.244845629971e+02 
       4.451240064216e-02       6.209539997630e+02 
       4.475512480701e-02       6.174226030253e+02 
       4.500173252126e-02       6.138884059457e+02 
       4.525242231265e-02       6.103523887547e+02 
       4.550740716535e-02       6.068125348640e+02 
       4.576691592387e-02       6.032695958428e+02 
       4.603119486835e-02       5.997210348009e+02 
       4.630050948643e-02       5.961669850436e+02 
       4.657514647133e-02       5.926075226002e+02 
       4.685541598099e-02       5.890387731980e+02 
       4.714165419937e-02       5.854609104723e+02 
       4.743422624862e-02       5.818764379490e+02 
       4.773352951019e-02       5.782782465702e+02 
       4.803999742377e-02       5.746692897735e+02 
       4.835410384715e-02       5.710464642547e+02 
       4.867636807631e-02       5.674093235802e+02 
       4.900736064623e-02       5.637538279224e+02 
       4.934771005787e-02       5.600817706497e+02 
       4.969811060897e-02       5.563881844848e+02 
       5.005933154553e-02       5.526721114673e+02 
       5.043222780019e-02       5.489308323200e+02 
       5.081775264617e-02       5.451611968800e+02 
       5.121697267352e-02       5.413605442181e+02 
       5.163108559379e-02       5.375268835222e+02 
       5.206144150519e-02       5.336555208802e+02 
       5.250956841086e-02       5.297385905393e+02 
       5.297720298715e-02       5.257777700964e+02 
       5.346632785954e-02       5.217629089193e+02 
       5.397921697521e-02       5.176864810604e+02 
       5.451849107999e-02       5.135451812619e+02 
       5.508718583123e-02       5.093237255386e+02 
       5.568883571964e-02       5.050147364414e+02 
       5.632757773207e-02       5.006040137111e+02 
       5.700827952619e-02       4.960754835099e+02 
       5.773669768945e-02       4.914070356206e+02 
       5.851967213224e-02       4.865737506764e+02 
       5.936536219292e-02       4.815401781453e+02 
       6.028352733112e-02       4.762650409678e+02 
       6.128584787603e-02       4.706904350095e+02 
       6.238626463459e-02       4.647436986900e+02 
       6.360128259309e-02       4.583270965244e+02 
       6.495012236302e-02       4.513078925900e+02 
       6.645450250004e-02       4.435123882936e+02 
       6.813770127376e-02       4.347176235291e+02 
       7.002243922811e-02       4.246479927998e+02 
       7.212722542103e-02       4.129931254893e+02 
       7.446142262325e-02       3.994600429741e+02 
       7.702053145351e-02       3.838614261142e+02 
       7.978433087909e-02       3.662206968053e+02 
       8.271989015338e-02       3.468485120086e+02 
       8.578856585917e-02       3.263411042592e+02 
       8.895344673463e-02       3.054803803612e+02 
       9.218408918513e-02       2.850937914167e+02 
       9.545788095992e-02       2.659244063963e+02 
       9.875919777221e-02       2.485400396747e+02 
       1.020777504877e-01       2.332947163864e+02 
       1.054069702552e-01       2.203263492662e+02 
       1.087427445693e-01       2.095836215846e+02 
       1.120825297907e-01       2.008578966088e+02 
       1.154247642707e-01       1.938321343659e+02 
       1.187684935102e-01       1.881147265502e+02 
       1.221131356166e-01       1.832841704856e+02 
       1.254583363398e-01       1.789211964956e+02 
       1.288038801349e-01       1.746482789764e+02 
       1.321496358393e-01       1.701587743526e+02 
       1.354955235818e-01       1.652408969292e+02 
       1.388414946566e-01       1.597898118403e+02 
       1.421875192942e-01       1.538070454833e+02 
       1.455335792347e-01       1.473860311702e+02 
       1.488796632185e-01       1.406891277749e+02 
       1.522257642475e-01       1.339168562475e+02 
       1.555718779233e-01       1.272799032426e+02 
       1.589180014364e-01       1.209720221058e+02 
       1.622641329528e-01       1.151513219167e+02 
       1.656102712400e-01       1.099277976859e+02 
       1.689564154398e-01       1.053585626490e+02 
       1.723025649293e-01       1.014488541444e+02 
       1.756487192360e-01       9.815796515967e+01 
       1.789948779852e-01       9.540767338036e+01 
       1.823410408682e-01       9.309343417788e+01 
       1.856872076219e-01       9.109492314186e+01 
       1.890333780159e-01       8.928775292362e+01 
       1.923795518446e-01       8.757782627664e+01 
       1.957257289221e-01       8.583981963125e+01 
       1.990719090778e-01       8.399185590730e+01 
       2.024180921548e-01       8.198217171224e+01 
       2.057642780074e-01       7.979241197548e+01 
       2.091104665003e-01       7.743558201194e+01 
       2.124566575070e-01       7.495186265848e+01 
       2.158028509092e-01       7.239787209066e+01 
       2.191490465961e-01       6.983737737974e+01 
       2.224952444637e-01       6.733310776028e+01 
       2.258414444142e-01       6.493911780071e+01 
       2.291876463558e-01       6.269795679836e+01 
       2.325338502017e-01       6.063954241242e+01 
       2.358800558705e-01       5.878082590327e+01 
       2.392262632849e-01       5.712541570194e+01 
       2.425724723724e-01       5.566439315610e+01 
       2.459186830640e-01       5.437742056798e+01 
       2.492648952949e-01       5.323413752613e+01 
       2.526111090033e-01       5.219820886355e+01 
       2.559573241311e-01       5.123075293663e+01 
       2.593035406228e-01       5.029550094360e+01 
       2.626497584261e-01       4.936114812996e+01 
       2.659959774911e-01       4.840453757649e+01 
       2.693421977705e-01       4.741111172959e+01 
       2.726884192193e-01       4.637445584310e+01 
       2.760346417947e-01       4.529607786763e+01 
       2.793808654561e-01       4.418361904982e+01 
       2.827270901646e-01       4.305027108208e+01 
       2.860733158833e-01       4.191341844923e+01 
       2.894195425769e-01       4.079214340587e+01 
       2.927657702118e-01       3.970533184415e+01 
       2.961119987560e-01       3.866952435053e+01 
       2.994582281787e-01       3.769614699427e+01 
       3.028044584507e-01       3.679185850924e+01 
       3.061506895440e-01       3.595754087749e+01 
       3.094969214318e-01       3.518981342232e+01 
       3.128431540885e-01       3.448174847764e+01 
       3.161893874895e-01       3.382456138945e+01 
       3.195356216114e-01       3.320814107804e+01 
       3.228818564315e-01       3.262194665484e+01 
       3.262280919284e-01       3.205544061227e+01 
       3.295743280812e-01       3.149871555814e+01 
       3.329205648702e-01       3.094341311259e+01 
       3.362668022762e-01       3.038342104675e+01 
       3.396130402809e-01       2.981551310564e+01 
       3.429592788666e-01       2.923950161276e+01 
       3.463055180166e-01       2.865767177415e+01 
       3.496517577144e-01       2.807413106342e+01 
       3.529979979445e-01       2.749389531925e+01 
       3.563442386917e-01       2.692198754048e+01 
       3.596904799416e-01       2.636317401434e+01 
       3.630367216802e-01       2.582166181456e+01 
       3.663829638941e-01       2.530084853461e+01 
       3.697292065703e-01       2.480349212974e+01 
       3.730754496962e-01       2.433103578140e+01 
       3.764216932599e-01       2.388361234606e+01 
       3.797679372498e-01       2.345994363451e+01 
       3.831141816545e-01       2.305733547589e+01 
       3.864604264634e-01       2.267232453126e+01 
       3.898066716659e-01       2.230111154886e+01 
       3.931529172519e-01       2.194015582527e+01 
       3.964991632117e-01       2.158654390537e+01 
       3.998454095359e-01       2.123803670450e+01 
       4.031916562153e-01       2.089312764102e+01 
       4.065379032412e-01       2.055078649312e+01 
       4.098841506050e-01       2.021035003419e+01 
       4.132303982986e-01       1.987171910568e+01 
       4.165766463138e-01       1.953532247032e+01 
       4.199228946430e-01       1.920211078039e+01 
       4.232691432787e-01       1.887346473132e+01 
       4.266153922138e-01       1.855096527339e+01 
       4.299616414410e-01       1.823606078722e+01 
       4.333078909538e-01       1.792977617445e+01 
       4.366541407454e-01       1.763272581511e+01 
       4.400003908095e-01       1.734501280022e+01 
       4.433466411398e-01       1.706664004247e+01 
       4.466928917305e-01       1.679732750902e+01 
       4.500391425756e-01       1.653677930610e+01 
       4.533853936696e-01       1.628459983549e+01 
       4.567316450068e-01       1.604015902428e+01 
       4.600778965821e-01       1.580256608933e+01 
       4.634241483901e-01       1.557080463008e+01 
       4.667704004260e-01       1.534373048240e+01 
       4.701166526848e-01       1.512041474309e+01 
       4.734629051617e-01       1.490017504966e+01 
       4.768091578522e-01       1.468268727453e+01 
       4.801554107517e-01       1.446786571043e+01 
       4.835016638560e-01       1.425579079912e+01 
       4.868479171607e-01       1.404655163344e+01 
       4.901941706619e-01       1.384027528555e+01 
       4.935404243553e-01       1.363711135584e+01 
       4.968866782373e-01       1.343731951281e+01 
       5.002329323039e-01       1.324124952814e+01 
       5.035791865514e-01       1.304940891006e+01 
       5.069254409764e-01       1.286220839547e+01 
       5.102716955752e-01       1.267983835963e+01 
       5.136179503445e-01       1.250229864795e+01 
       5.169642052809e-01       1.232941636328e+01 
       5.203104603812e-01       1.216081533447e+01 
       5.236567156423e-01       1.199609308379e+01 
       5.270029710611e-01       1.183493052069e+01 
       5.303492266345e-01       1.167704231643e+01 
       5.336954823597e-01       1.152222971164e+01 
       5.370417382339e-01       1.137026866044e+01 
       5.403879942542e-01       1.122089360850e+01 
       5.437342504179e-01       1.107382186525e+01 
       5.470805067225e-01       1.092882331255e+01 
       5.504267631652e-01       1.078574238865e+01 
       5.537730197437e-01       1.064468826877e+01 
       5.571192764555e-01       1.050573269614e+01 
       5.604655332981e-01       1.036907988211e+01 
       5.638117902692e-01       1.023484936566e+01 
       5.671580473666e-01       1.010308072258e+01 
       5.705043045880e-01       9.973755405299e+00 
       5.738505619313e-01       9.846790271488e+00 
       5.771968193943e-01       9.722143822677e+00 
       5.805430769749e-01       9.599823983031e+00 
       5.838893346711e-01       9.479876586173e+00 
       5.872355924810e-01       9.362330220052e+00 
       5.905818504025e-01       9.247158380377e+00 
       5.939281084339e-01       9.134241027651e+00 
       5.972743665732e-01       9.023414656784e+00 
       6.006206248187e-01       8.914483763352e+00 
       6.039668831685e-01       8.807311354853e+00 
       6.073131416210e-01       8.701824904301e+00 
       6.106594001744e-01       8.598017632716e+00 
       6.140056588271e-01       8.495890267566e+00 
       6.173519175775e-01       8.395417998806e+00 
       6.206981764240e-01       8.296528654099e+00 
       6.240444353650e-01       8.199127001701e+00 
       6.273906943991e-01       8.103123543433e+00 
       6.307369535247e-01       8.008488303844e+00 
       6.340832127404e-01       7.915254848832e+00 
       6.374294720447e-01       7.823498988149e+00 
       6.407757314364e-01       7.733288111683e+00 
       6.441219909139e-01       7.644643301589e+00 
       6.474682504760e-01       7.557535637188e+00 
       6.508145101214e-01       7.471882671662e+00 
       6.541607698488e-01       7.387606191352e+00 
       6.575070296569e-01       7.304649307701e+00 
       6.608532895445e-01       7.223007993683e+00 
       6.641995495104e-01       7.142691436986e+00 
       6.675458095534e-01       7.063721257029e+00 
       6.708920696723e-01       6.986053647162e+00 
       6.742383298661e-01       6.909628224850e+00 
       6.775845901337e-01       6.834349247317e+00 
       6.809308504738e-01       6.760134678860e+00 
       6.842771108855e-01       6.686941215804e+00 
       6.876233713677e-01       6.614772551100e+00 
       6.909696319194e-01       6.543659930190e+00 
       6.943158925395e-01       6.473633028821e+00 
       6.976621532272e-01       6.404678963902e+00 
       7.010084139813e-01       6.336761840095e+00 
       7.043546748011e-01       6.269820117201e+00 
       7.077009356855e-01       6.203798093658e+00 
       7.110471966336e-01       6.138688073121e+00 
       7.143934576445e-01       6.074505465229e+00 
       7.177397187173e-01       6.011284709409e+00 
       7.210859798513e-01       5.949033061044e+00 
       7.244322410455e-01       5.887769347005e+00 
       7.277785022990e-01       5.827429700186e+00 
       7.311247636112e-01       5.767952550276e+00 
       7.344710249811e-01       5.709294191892e+00 
       7.378172864080e-01       5.651427655780e+00 
       7.411635478912e-01       5.594355610858e+00 
       7.445098094298e-01       5.538102611161e+00 
       7.478560710231e-01       5.482677136859e+00 
       7.512023326704e-01       5.428070302799e+00 
       7.545485943709e-01       5.374226654770e+00 
       7.578948561240e-01       5.321104163596e+00 
       7.612411179289e-01       5.268657994275e+00 
       8.255242890965e-01       4.386895523351e+00 
       9.150365981868e-01       3.469029262704e+00 
       1.052403375793e+00       2.512182235570e+00 
       1.275062645248e+00       1.602733427668e+00 
       1.597451717746e+00       9.369577085081e-01 
       2.010825176724e+00       5.367094944667e-01 
       2.531477267697e+00       3.048003282848e-01 
       3.186941059935e+00       1.717949750243e-01 
       4.012121086243e+00       9.616394876623e-02 
       5.050961190666e+00       5.349111115720e-02 
       6.358783396916e+00       2.958413202943e-02 
       8.005234006472e+00       1.627611400219e-02 
       1.007799251811e+01       8.910827860605e-03 
       1.268744088092e+01       4.856888327044e-03 
       1.597254173562e+01       2.636179467609e-03 
       2.010823868192e+01       1.425246895903e-03 
       2.531477266309e+01       7.677785804915e-04 
       3.186941059935e+01       4.121440737790e-04 
       4.012121086243e+01       2.204966295124e-04 
       5.050961190666e+01       1.175682257591e-04 
       6.358783396916e+01       6.247167919147e-05 
       8.005234006472e+01       3.307134076932e-05 
       1.007799251811e+02       1.743315250592e-05 
       1.268744088092e+02       9.142163353953e-06 
       1.597254173562e+02       4.762684401725e-06 
       2.010823868192e+02       2.459448292066e-06 
       2.531477266309e+02       1.255136776189e-06 
       3.186941059935e+02       6.306753646686e-07 
       4.012121086243e+02       3.108886972629e-07 
       5.050961190666e+02       1.501548128423e-07 
       6.358783396916e+02       7.133730484725e-08 
       8.005234006472e+02       3.365959399685e-08 
       1.007799251811e+03       1.590061996615e-08 
