# Matter power spectrum P(k) at redshift z=5.5
# for k=1.03708e-05 to 1004.54 h/Mpc,
# number of wavenumbers equal to 626
#    1:k (h/Mpc)              2:P (Mpc/h)^3        
       1.037084025954e-05       1.763990873848e+00 
       2.350783343365e-05       3.945150536120e+00 
       3.669207989643e-05       6.109448782757e+00 
       4.996047830342e-05       8.271392398148e+00 
       6.335055460381e-05       1.044083497620e+01 
       7.690081002873e-05       1.262607655897e+01 
       9.065108053222e-05       1.483479294507e+01 
       1.046429126454e-04       1.707444676651e+01 
       1.189199607415e-04       1.935251895410e+01 
       1.335284107432e-04       2.167666639513e+01 
       1.485174353032e-04       2.405484428959e+01 
       1.639396854033e-04       2.649541363475e+01 
       1.798518230764e-04       2.900724091902e+01 
       1.963150994787e-04       3.159979695010e+01 
       2.133959816872e-04       3.428325571820e+01 
       2.311668302169e-04       3.706859705163e+01 
       2.497066271193e-04       3.996771149831e+01 
       2.691017513641e-04       4.299350858257e+01 
       2.894467936671e-04       4.616002561441e+01 
       3.108453966031e-04       4.948253633095e+01 
       3.334110972519e-04       5.297765294812e+01 
       3.572681382947e-04       5.666341704478e+01 
       3.825521989702e-04       6.055937104807e+01 
       4.094109794171e-04       6.468659708742e+01 
       4.380045508699e-04       6.906771108773e+01 
       4.685053609261e-04       7.372679242925e+01 
       5.010977598240e-04       7.868922818497e+01 
       5.359768941802e-04       8.398145011808e+01 
       5.733468048383e-04       8.963053754707e+01 
       6.134175733447e-04       9.566366624942e+01 
       6.564013965590e-04       1.021073917139e+02 
       7.025075400686e-04       1.089867631370e+02 
       7.519362337995e-04       1.163242879170e+02 
       8.048717247371e-04       1.241387967749e+02 
       8.614748765506e-04       1.324442770820e+02 
       9.218758739237e-04       1.412487805346e+02 
       9.861677084840e-04       1.505535118696e+02 
       1.054401149639e-03       1.603522250366e+02 
       1.126581807468e-03       1.706310053713e+02 
       1.202669675553e-03       1.813684942686e+02 
       1.282581235175e-03       1.925365473269e+02 
       1.366193873776e-03       2.041012576495e+02 
       1.453352093645e-03       2.160242404766e+02 
       1.543874818574e-03       2.282640439888e+02 
       1.637563069718e-03       2.407775530384e+02 
       1.734207363089e-03       2.535212751913e+02 
       1.833594340191e-03       2.664524357442e+02 
       1.935512332119e-03       2.795298423457e+02 
       2.039755735168e-03       2.927145055303e+02 
       2.146128216934e-03       3.059700420036e+02 
       2.254444866528e-03       3.192626370076e+02 
       2.364533453504e-03       3.325617319131e+02 
       2.476234976412e-03       3.458398031687e+02 
       2.589403674793e-03       3.590719137395e+02 
       2.703906657843e-03       3.722358267425e+02 
       2.819623276667e-03       3.853117845605e+02 
       2.936444340157e-03       3.982823686054e+02 
       3.054271249918e-03       4.111323497178e+02 
       3.173015108858e-03       4.238483914854e+02 
       3.292595841196e-03       4.364190545293e+02 
       3.412941348707e-03       4.488344410451e+02 
       3.533986718268e-03       4.610861500355e+02 
       3.655673488777e-03       4.731670689133e+02 
       3.777948980598e-03       4.850712589420e+02 
       3.900765687365e-03       4.967937704188e+02 
       4.024080727862e-03       5.083304893406e+02 
       4.147855354391e-03       5.196781973127e+02 
       4.272054513371e-03       5.308343842395e+02 
       4.396646453625e-03       5.417970504264e+02 
       4.521602377807e-03       5.525648422299e+02 
       4.646896132584e-03       5.631368703834e+02 
       4.772503933447e-03       5.735126869036e+02 
       4.898404120356e-03       5.836922786910e+02 
       5.024576940744e-03       5.936758640722e+02 
       5.151004356762e-03       6.034640143634e+02 
       5.277669873967e-03       6.130576238372e+02 
       5.404558388958e-03       6.224575813217e+02 
       5.531656053750e-03       6.316654508561e+02 
       5.658950154934e-03       6.406824795627e+02 
       5.786429005896e-03       6.495102195723e+02 
       5.914081850578e-03       6.581504732196e+02 
       6.041898777443e-03       6.666048013020e+02 
       6.169870642470e-03       6.748752820285e+02 
       6.297989000146e-03       6.829638950346e+02 
       6.426246041543e-03       6.908724285106e+02 
       6.554634538687e-03       6.986030636191e+02 
       6.683147794509e-03       7.061579427848e+02 
       6.811779597769e-03       7.135390649141e+02 
       6.940524182392e-03       7.207486702177e+02 
       7.069376190757e-03       7.277893253810e+02 
       7.198330640496e-03       7.346626712914e+02 
       7.327382894438e-03       7.413711993046e+02 
       7.456528633367e-03       7.479170081875e+02 
       7.585763831294e-03       7.543020474427e+02 
       7.715084732992e-03       7.605290377806e+02 
       7.844487833559e-03       7.666000084105e+02 
       7.973969859803e-03       7.725167938499e+02 
       8.103527753271e-03       7.782815647702e+02 
       8.233158654757e-03       7.838966263020e+02 
       8.362859890148e-03       7.893643127021e+02 
       8.492628957469e-03       7.946859676347e+02 
       8.622463515031e-03       7.998646192685e+02 
       8.752361370560e-03       8.049022328526e+02 
       8.882320471224e-03       8.098004233592e+02 
       9.012338894475e-03       8.145613369022e+02 
       9.142414839628e-03       8.191870359878e+02 
       9.272546620120e-03       8.236795391590e+02 
       9.402732656372e-03       8.280405787883e+02 
       9.532971469217e-03       8.322723257194e+02 
       9.663261673838e-03       8.363765198684e+02 
       9.793601974169e-03       8.403549111635e+02 
       9.923991157724e-03       8.442094366852e+02 
       1.005442809082e-02       8.479418947831e+02 
       1.018491171415e-02       8.515540093743e+02 
       1.031544103870e-02       8.550477698281e+02 
       1.044601514194e-02       8.584244625700e+02 
       1.057663316434e-02       8.616859190163e+02 
       1.070729430608e-02       8.648338478693e+02 
       1.083799782404e-02       8.678699750663e+02 
       1.096874302903e-02       8.707957043919e+02 
       1.109952928310e-02       8.736132631217e+02 
       1.123035599723e-02       8.763244986935e+02 
       1.136122262898e-02       8.789288846913e+02 
       1.149212868049e-02       8.814295379453e+02 
       1.162307369646e-02       8.838276384944e+02 
       1.175405726241e-02       8.861241658965e+02 
       1.188507900295e-02       8.883214238755e+02 
       1.201613858026e-02       8.904200056635e+02 
       1.214723569261e-02       8.924218784544e+02 
       1.227837007303e-02       8.943284235921e+02 
       1.240954148805e-02       8.961405355739e+02 
       1.254074973651e-02       8.978598013847e+02 
       1.267199464853e-02       8.994877645035e+02 
       1.280327608447e-02       9.010256764847e+02 
       1.293459393400e-02       9.024743529579e+02 
       1.306594811524e-02       9.038359386568e+02 
       1.319733857396e-02       9.051110989099e+02 
       1.332876528286e-02       9.063011814759e+02 
       1.346022824085e-02       9.074074346365e+02 
       1.359172747244e-02       9.084311282371e+02 
       1.372326302717e-02       9.093733517067e+02 
       1.385483497905e-02       9.102355819172e+02 
       1.398644342610e-02       9.110189754870e+02 
       1.411808848988e-02       9.117243295649e+02 
       1.424977031510e-02       9.123534773217e+02 
       1.438148906924e-02       9.129067538533e+02 
       1.451324494222e-02       9.133856893441e+02 
       1.464503814612e-02       9.137914391778e+02 
       1.477686891488e-02       9.141248462263e+02 
       1.490873750409e-02       9.143874198216e+02 
       1.504064419080e-02       9.145798836935e+02 
       1.517258927328e-02       9.147036262706e+02 
       1.530457307094e-02       9.147594646562e+02 
       1.543659592419e-02       9.147486771824e+02 
       1.556865819430e-02       9.146719580974e+02 
       1.570076026339e-02       9.145305174386e+02 
       1.583290253432e-02       9.143258411511e+02 
       1.596508543072e-02       9.140582042937e+02 
       1.609730939692e-02       9.137289261396e+02 
       1.622957489802e-02       9.133394478963e+02 
       1.636188241988e-02       9.128896556929e+02 
       1.649423246924e-02       9.123816616757e+02 
       1.662662557371e-02       9.118155325927e+02 
       1.675906228194e-02       9.111929077919e+02 
       1.689154316368e-02       9.105138680357e+02 
       1.702406880994e-02       9.097803067317e+02 
       1.715663983313e-02       9.089927653588e+02 
       1.728925686723e-02       9.081519145738e+02 
       1.742192056798e-02       9.072592674198e+02 
       1.755463161305e-02       9.063148667100e+02 
       1.768739070232e-02       9.053196997003e+02 
       1.782019855804e-02       9.042751401036e+02 
       1.795305592514e-02       9.031818786451e+02 
       1.808596357150e-02       9.020412783165e+02 
       1.821892228817e-02       9.008523315981e+02 
       1.835193288976e-02       8.996174947201e+02 
       1.848499621471e-02       8.983378492803e+02 
       1.861811312563e-02       8.970129695153e+02 
       1.875128450965e-02       8.956437348174e+02 
       1.888451127882e-02       8.942328306691e+02 
       1.901779437047e-02       8.927781571020e+02 
       1.915113474760e-02       8.912832383303e+02 
       1.928453339936e-02       8.897462165131e+02 
       1.941799134141e-02       8.881702439265e+02 
       1.955150961644e-02       8.865546691546e+02 
       1.968508929463e-02       8.849003675648e+02 
       1.981873147411e-02       8.832092541055e+02 
       1.995243728151e-02       8.814799536170e+02 
       2.008620787249e-02       8.797142461003e+02 
       2.022004443225e-02       8.779134307954e+02 
       2.035394817614e-02       8.760776133969e+02 
       2.048792035022e-02       8.742072949380e+02 
       2.062196223189e-02       8.723036015276e+02 
       2.075607513051e-02       8.703662508099e+02 
       2.089026038805e-02       8.683988824045e+02 
       2.102451937975e-02       8.663975944676e+02 
       2.115885351484e-02       8.643678369435e+02 
       2.129326423724e-02       8.623064707150e+02 
       2.142775302629e-02       8.602148073662e+02 
       2.156232139754e-02       8.580956151998e+02 
       2.169697090351e-02       8.559486579660e+02 
       2.183170313451e-02       8.537727844031e+02 
       2.196651971951e-02       8.515700395806e+02 
       2.210142232696e-02       8.493424323096e+02 
       2.223641266569e-02       8.470886307562e+02 
       2.237149248585e-02       8.448080873665e+02 
       2.250666357986e-02       8.425047223811e+02 
       2.264192778336e-02       8.401786765670e+02 
       2.277728697625e-02       8.378259946627e+02 
       2.291274308369e-02       8.354518777824e+02 
       2.304829807723e-02       8.330577478834e+02 
       2.318395397585e-02       8.306404928664e+02 
       2.331971284718e-02       8.282018795899e+02 
       2.345557680858e-02       8.257450093761e+02 
       2.359154802844e-02       8.232660868869e+02 
       2.372762872737e-02       8.207671027331e+02 
       2.386382117954e-02       8.182523333943e+02 
       2.400012771397e-02       8.157178150096e+02 
       2.413655071591e-02       8.131656704701e+02 
       2.427309262829e-02       8.105956378351e+02 
       2.440975595314e-02       8.080100091682e+02 
       2.454654325311e-02       8.054078177094e+02 
       2.468345715306e-02       8.027907881058e+02 
       2.482050034159e-02       8.001567851987e+02 
       2.495767557279e-02       7.975117787572e+02 
       2.509498566789e-02       7.948499639189e+02 
       2.523243351705e-02       7.921748157705e+02 
       2.537002208116e-02       7.894850211554e+02 
       2.550775439377e-02       7.867865016982e+02 
       2.564563356300e-02       7.840715252900e+02 
       2.578366277357e-02       7.813461668752e+02 
       2.592184528888e-02       7.786093780616e+02 
       2.606018445314e-02       7.758621493328e+02 
       2.619868369362e-02       7.731046543899e+02 
       2.633734652290e-02       7.703356300483e+02 
       2.647617654132e-02       7.675568728606e+02 
       2.661517743936e-02       7.647701625048e+02 
       2.675435300023e-02       7.619730587341e+02 
       2.689370710247e-02       7.591696723323e+02 
       2.703324372269e-02       7.563556835991e+02 
       2.717296693837e-02       7.535353239311e+02 
       2.731288093082e-02       7.507055694285e+02 
       2.745298998813e-02       7.478717596527e+02 
       2.759329850835e-02       7.450304904229e+02 
       2.773381100272e-02       7.421809399104e+02 
       2.787453209902e-02       7.393253988702e+02 
       2.801546654506e-02       7.364658105398e+02 
       2.815661921230e-02       7.335994330075e+02 
       2.829799509957e-02       7.307297172728e+02 
       2.843959933697e-02       7.278550380193e+02 
       2.858143718990e-02       7.249746321403e+02 
       2.872351406323e-02       7.220920548092e+02 
       2.886583550567e-02       7.192033746070e+02 
       2.900840721426e-02       7.163133342464e+02 
       2.915123503905e-02       7.134200273867e+02 
       2.929432498798e-02       7.105222540045e+02 
       2.943768323195e-02       7.076226883150e+02 
       2.958131611005e-02       7.047202710744e+02 
       2.972523013505e-02       7.018181967854e+02 
       2.986943199909e-02       6.989128112162e+02 
       3.001392857962e-02       6.960046621051e+02 
       3.015872694553e-02       6.930954582412e+02 
       3.030383436359e-02       6.901863294340e+02 
       3.044925830513e-02       6.872743651292e+02 
       3.059500645302e-02       6.843640269221e+02 
       3.074108670894e-02       6.814513878786e+02 
       3.088750720093e-02       6.785411373164e+02 
       3.103427629130e-02       6.756306266369e+02 
       3.118140258488e-02       6.727196298528e+02 
       3.132889493761e-02       6.698092300343e+02 
       3.147676246556e-02       6.669008881517e+02 
       3.162501455426e-02       6.639896357402e+02 
       3.177366086858e-02       6.610828247484e+02 
       3.192271136292e-02       6.581752035802e+02 
       3.207217629197e-02       6.552733602808e+02 
       3.222206622192e-02       6.523665745375e+02 
       3.237239204222e-02       6.494663058064e+02 
       3.252316497785e-02       6.465669074709e+02 
       3.267439660224e-02       6.436703001726e+02 
       3.282609885074e-02       6.407771043950e+02 
       3.297828403480e-02       6.378840679651e+02 
       3.313096485683e-02       6.349954722404e+02 
       3.328415442576e-02       6.321089749183e+02 
       3.343786627340e-02       6.292241363281e+02 
       3.359211437169e-02       6.263429708012e+02 
       3.374691315069e-02       6.234656662818e+02 
       3.390227751763e-02       6.205901843125e+02 
       3.405822287688e-02       6.177212923671e+02 
       3.421476515097e-02       6.148532644635e+02 
       3.437192080278e-02       6.119882693821e+02 
       3.452970685885e-02       6.091288348315e+02 
       3.468814093398e-02       6.062734809673e+02 
       3.484724125724e-02       6.034208135252e+02 
       3.500702669930e-02       6.005718511090e+02 
       3.516751680141e-02       5.977282345634e+02 
       3.532873180595e-02       5.948895512057e+02 
       3.549069268876e-02       5.920524962885e+02 
       3.565342119332e-02       5.892212695455e+02 
       3.581693986699e-02       5.863932983933e+02 
       3.598127209929e-02       5.835706407120e+02 
       3.614644216263e-02       5.807502300525e+02 
       3.631247525534e-02       5.779353191041e+02 
       3.647939754751e-02       5.751276481728e+02 
       3.664723622955e-02       5.723216770066e+02 
       3.681601956386e-02       5.695207436594e+02 
       3.698577693982e-02       5.667248701094e+02 
       3.715653893227e-02       5.639327216305e+02 
       3.732833736383e-02       5.611432438713e+02 
       3.750120537139e-02       5.583627549474e+02 
       3.767517747695e-02       5.555842804061e+02 
       3.785028966343e-02       5.528097511831e+02 
       3.802657945550e-02       5.500406888576e+02 
       3.820408600622e-02       5.472749127208e+02 
       3.838285018971e-02       5.445149144834e+02 
       3.856291470048e-02       5.417559267681e+02 
       3.874432415999e-02       5.390055390577e+02 
       3.892712523101e-02       5.362564837325e+02 
       3.911136674063e-02       5.335124362411e+02 
       3.929709981249e-02       5.307736285052e+02 
       3.948437800922e-02       5.280383202477e+02 
       3.967325748602e-02       5.253061831121e+02 
       3.986379715640e-02       5.225765814919e+02 
       4.005605887126e-02       5.198525739996e+02 
       4.025010761258e-02       5.171293308835e+02 
       4.044601170322e-02       5.144121052000e+02 
       4.064384303440e-02       5.116960363983e+02 
       4.084367731267e-02       5.089850472590e+02 
       4.104559432841e-02       5.062750241222e+02 
       4.124967824809e-02       5.035693174231e+02 
       4.145601793289e-02       5.008667215764e+02 
       4.166470728644e-02       4.981627320722e+02 
       4.187584563508e-02       4.954614117225e+02 
       4.208953814411e-02       4.927632794852e+02 
       4.230589627431e-02       4.900669920732e+02 
       4.252503828332e-02       4.873710594009e+02 
       4.274708977731e-02       4.846769612075e+02 
       4.297218431892e-02       4.819805338113e+02 
       4.320046409854e-02       4.792868148102e+02 
       4.343208067680e-02       4.765904140526e+02 
       4.366719580737e-02       4.738966710030e+02 
       4.390598235074e-02       4.711973941764e+02 
       4.414862529088e-02       4.685000066947e+02 
       4.439532286905e-02       4.657991699842e+02 
       4.464628785077e-02       4.630955693669e+02 
       4.490174894506e-02       4.603893809608e+02 
       4.516195239794e-02       4.576780936691e+02 
       4.542716378606e-02       4.549641781618e+02 
       4.569767004075e-02       4.522447855554e+02 
       4.597378173816e-02       4.495188543806e+02 
       4.625583569784e-02       4.467859905499e+02 
       4.654419793966e-02       4.440464291413e+02 
       4.683926705865e-02       4.412976511683e+02 
       4.714147808905e-02       4.385393942490e+02 
       4.745130694262e-02       4.357701025416e+02 
       4.776927552420e-02       4.329901431718e+02 
       4.809595764838e-02       4.301952911284e+02 
       4.843198590815e-02       4.273873548199e+02 
       4.877805967897e-02       4.245634026302e+02 
       4.913495448313e-02       4.217205696178e+02 
       4.950353299061e-02       4.188585086865e+02 
       4.988475799767e-02       4.159739106481e+02 
       5.027970780617e-02       4.130654087759e+02 
       5.068959453058e-02       4.101305675635e+02 
       5.111578599124e-02       4.071654977436e+02 
       5.155983202090e-02       4.041663443874e+02 
       5.202349622514e-02       4.011312411457e+02 
       5.250879451066e-02       3.980537248053e+02 
       5.301804204161e-02       3.949280981665e+02 
       5.355391072100e-02       3.917496816577e+02 
       5.411949983847e-02       3.885094709521e+02 
       5.471842318629e-02       3.852008840428e+02 
       5.535491671702e-02       3.818097487547e+02 
       5.603397164363e-02       3.783247730030e+02 
       5.676149861932e-02       3.747285795276e+02 
       5.754452892612e-02       3.709990732133e+02 
       5.839145769989e-02       3.671094045641e+02 
       5.931233061232e-02       3.630241524159e+02 
       6.031916622879e-02       3.586968861926e+02 
       6.142628627516e-02       3.540662292961e+02 
       6.265058679972e-02       3.490524250152e+02 
       6.401161322377e-02       3.435431412554e+02 
       6.553119278622e-02       3.373987754612e+02 
       6.723224366769e-02       3.304364408932e+02 
       6.913630733674e-02       3.224352579562e+02 
       7.125955683159e-02       3.131570057198e+02 
       7.360781459281e-02       3.023908024524e+02 
       7.617242687177e-02       2.900298222247e+02 
       7.892964976817e-02       2.761488539661e+02 
       8.184490827961e-02       2.610482443427e+02 
       8.488016382455e-02       2.452331170224e+02 
       8.800069355618e-02       2.293220820633e+02 
       9.117877777033e-02       2.139387298321e+02 
       9.439429138411e-02       1.996203598153e+02 
       9.763354024289e-02       1.867580119624e+02 
       1.008875957844e-01       1.755757085725e+02 
       1.041507937351e-01       1.661373920092e+02 
       1.074196018493e-01       1.583680712477e+02 
       1.106918406504e-01       1.520812430251e+02 
       1.139661740035e-01       1.470166209166e+02 
       1.172417859332e-01       1.428647898730e+02 
       1.205181792173e-01       1.393012945959e+02 
       1.237950512051e-01       1.360113748896e+02 
       1.270722177401e-01       1.327190518548e+02 
       1.303495667330e-01       1.292084490138e+02 
       1.336270298953e-01       1.253393098009e+02 
       1.369045655525e-01       1.210543499293e+02 
       1.401821482027e-01       1.163757928182e+02 
       1.434597621761e-01       1.113913837053e+02 
       1.467373977848e-01       1.062360110552e+02 
       1.500150489849e-01       1.010673743089e+02 
       1.532927119572e-01       9.604495386416e+01 
       1.565703842438e-01       9.131080307370e+01 
       1.598480642243e-01       8.697643642896e+01 
       1.631257507958e-01       8.311504463967e+01 
       1.664034431791e-01       7.975924594424e+01 
       1.696811407991e-01       7.690273992945e+01 
       1.729588432122e-01       7.450597845357e+01 
       1.762365500616e-01       7.250224790585e+01 
       1.795142610490e-01       7.080768676784e+01 
       1.827919759177e-01       6.932843423376e+01 
       1.860696944412e-01       6.797440188892e+01 
       1.893474164162e-01       6.666806696735e+01 
       1.926251416576e-01       6.532039987635e+01 
       1.959028699959e-01       6.387530291753e+01 
       1.991806012742e-01       6.229994411738e+01 
       2.024583353469e-01       6.058709653059e+01 
       2.057360720785e-01       5.875306385012e+01 
       2.090138113422e-01       5.683277679333e+01 
       2.122915530195e-01       5.487187887595e+01 
       2.155692969993e-01       5.291974429342e+01 
       2.188470431772e-01       5.102268930217e+01 
       2.221247914552e-01       4.921984695694e+01 
       2.254025417408e-01       4.754143303242e+01 
       2.286802939471e-01       4.600740995433e+01 
       2.319580479921e-01       4.462785864101e+01 
       2.352358037984e-01       4.340302672054e+01 
       2.385135612929e-01       4.232351198740e+01 
       2.417913204064e-01       4.137144477136e+01 
       2.450690810737e-01       4.052208496240e+01 
       2.483468432326e-01       3.974668102692e+01 
       2.516246068246e-01       3.901570953217e+01 
       2.549023717941e-01       3.830230995430e+01 
       2.581801380882e-01       3.758403047505e+01 
       2.614579056568e-01       3.684497517849e+01 
       2.647356744523e-01       3.607580120994e+01 
       2.680134444293e-01       3.527332655689e+01 
       2.712912155449e-01       3.443997043214e+01 
       2.745689877580e-01       3.358286016624e+01 
       2.778467610295e-01       3.271331423134e+01 
       2.811245353221e-01       3.184500051249e+01 
       2.844023106005e-01       3.099266326807e+01 
       2.876800868306e-01       3.017044232377e+01 
       2.909578639802e-01       2.939008074967e+01 
       2.942356420184e-01       2.865930039438e+01 
       2.975134209155e-01       2.798199153116e+01 
       3.007912006435e-01       2.735788272259e+01 
       3.040689811752e-01       2.678340840023e+01 
       3.073467624848e-01       2.625295480193e+01 
       3.106245445476e-01       2.575930867576e+01 
       3.139023273398e-01       2.529469327488e+01 
       3.171801108388e-01       2.485098240633e+01 
       3.204578950227e-01       2.442014199132e+01 
       3.237356798706e-01       2.399490872361e+01 
       3.270134653625e-01       2.356927386908e+01 
       3.302912514790e-01       2.313910838853e+01 
       3.335690382017e-01       2.270264067803e+01 
       3.368468255128e-01       2.226025075946e+01 
       3.401246133952e-01       2.181419361689e+01 
       3.434024018325e-01       2.136783773227e+01 
       3.466801908088e-01       2.092506788347e+01 
       3.499579803090e-01       2.048977192586e+01 
       3.532357703183e-01       2.006531101785e+01 
       3.565135608227e-01       1.965496281959e+01 
       3.597913518086e-01       1.926107880686e+01 
       3.630691432629e-01       1.888554447564e+01 
       3.663469351730e-01       1.852922720415e+01 
       3.696247275266e-01       1.819191748944e+01 
       3.729025203121e-01       1.787229848952e+01 
       3.761803135180e-01       1.756810657521e+01 
       3.794581071335e-01       1.727661097082e+01 
       3.827359011480e-01       1.699487212064e+01 
       3.860136955513e-01       1.672030285992e+01 
       3.892914903334e-01       1.645086214881e+01 
       3.925692854850e-01       1.618496171575e+01 
       3.958470809967e-01       1.592157079037e+01 
       3.991248768597e-01       1.565993670726e+01 
       4.024026730654e-01       1.539972144648e+01 
       4.056804696053e-01       1.514093448329e+01 
       4.089582664715e-01       1.488400856539e+01 
       4.122360636561e-01       1.462978641437e+01 
       4.155138611515e-01       1.437939791674e+01 
       4.187916589505e-01       1.413403669103e+01 
       4.220694570459e-01       1.389473539723e+01 
       4.253472554309e-01       1.366219472469e+01 
       4.286250540987e-01       1.343677557315e+01 
       4.319028530430e-01       1.321853825781e+01 
       4.351806522574e-01       1.300735765181e+01 
       4.384584517358e-01       1.280308458822e+01 
       4.417362514725e-01       1.260544239463e+01 
       4.450140514616e-01       1.241409210007e+01 
       4.482918516975e-01       1.222848752935e+01 
       4.515696521750e-01       1.204793339331e+01 
       4.548474528887e-01       1.187159479465e+01 
       4.581252538335e-01       1.169863235752e+01 
       4.614030550046e-01       1.152837834779e+01 
       4.646808563970e-01       1.136037642425e+01 
       4.679586580063e-01       1.119445464592e+01 
       4.712364598277e-01       1.103057841981e+01 
       4.745142618569e-01       1.086881885466e+01 
       4.777920640896e-01       1.070927392213e+01 
       4.810698665217e-01       1.055201384034e+01 
       4.843476691490e-01       1.039718439626e+01 
       4.876254719676e-01       1.024500180058e+01 
       4.909032749737e-01       1.009576336384e+01 
       4.941810781635e-01       9.949868760599e+00 
       4.974588815334e-01       9.807557012791e+00 
       5.007366850799e-01       9.668980827671e+00 
       5.040144887994e-01       9.534078426807e+00 
       5.072922926886e-01       9.402674638961e+00 
       5.105700967443e-01       9.274452704046e+00 
       5.138479009632e-01       9.149128510457e+00 
       5.171257053422e-01       9.026469507040e+00 
       5.204035098783e-01       8.906271876517e+00 
       5.236813145686e-01       8.788380107593e+00 
       5.269591194101e-01       8.672617316957e+00 
       5.302369244000e-01       8.558778640723e+00 
       5.335147295357e-01       8.446645953563e+00 
       5.367925348143e-01       8.336042197792e+00 
       5.400703402333e-01       8.226949918121e+00 
       5.433481457902e-01       8.119402665973e+00 
       5.466259514825e-01       8.013510228897e+00 
       5.499037573077e-01       7.909392551287e+00 
       5.531815632634e-01       7.807157847846e+00 
       5.564593693475e-01       7.706807798167e+00 
       5.597371755575e-01       7.608310118453e+00 
       5.630149818913e-01       7.511606163161e+00 
       5.662927883467e-01       7.416681445230e+00 
       5.695705949216e-01       7.323538359769e+00 
       5.728484016140e-01       7.232222573243e+00 
       5.761262084219e-01       7.142743256840e+00 
       5.794040153433e-01       7.055066045031e+00 
       5.826818223762e-01       6.969080749664e+00 
       5.859596295188e-01       6.884653689975e+00 
       5.892374367693e-01       6.801645345453e+00 
       5.925152441258e-01       6.719960406278e+00 
       5.957930515867e-01       6.639564561167e+00 
       5.990708591501e-01       6.560453455220e+00 
       6.023486668145e-01       6.482625313658e+00 
       6.056264745781e-01       6.406051236072e+00 
       6.089042824394e-01       6.330670406516e+00 
       6.121820903967e-01       6.256408118782e+00 
       6.154598984487e-01       6.183202738389e+00 
       6.187377065936e-01       6.111050869895e+00 
       6.220155148301e-01       6.039982671515e+00 
       6.252933231568e-01       5.970063462308e+00 
       6.285711315721e-01       5.901334250016e+00 
       6.318489400748e-01       5.833805932764e+00 
       6.351267486635e-01       5.767435386262e+00 
       6.384045573368e-01       5.702162488060e+00 
       6.416823660934e-01       5.637927103454e+00 
       6.449601749321e-01       5.574697167608e+00 
       6.482379838516e-01       5.512477747791e+00 
       6.515157928508e-01       5.451276327850e+00 
       6.547936019283e-01       5.391099188278e+00 
       6.580714110830e-01       5.331914000136e+00 
       6.613492203138e-01       5.273656710539e+00 
       6.646270296196e-01       5.216259957571e+00 
       6.679048389992e-01       5.159662999733e+00 
       6.711826484516e-01       5.103844327711e+00 
       6.744604579756e-01       5.048817761191e+00 
       6.777382675703e-01       4.994606760099e+00 
       6.810160772346e-01       4.941221851400e+00 
       6.842938869676e-01       4.888665047990e+00 
       6.875716967682e-01       4.836881058172e+00 
       6.908495066354e-01       4.785833263490e+00 
       6.941273165684e-01       4.735485166247e+00 
       6.974051265662e-01       4.685835424577e+00 
       7.006829366279e-01       4.636900802448e+00 
       7.039607467525e-01       4.588705871141e+00 
       7.072385569393e-01       4.541262354013e+00 
       7.105163671873e-01       4.494561189580e+00 
       7.137941774958e-01       4.448555930168e+00 
       7.170719878638e-01       4.403203481753e+00 
       7.203497982906e-01       4.358465298738e+00 
       7.236276087753e-01       4.314327305514e+00 
       7.269054193172e-01       4.270811078093e+00 
       7.301832299155e-01       4.227923940960e+00 
       7.334610405695e-01       4.185667651783e+00 
       7.367388512784e-01       4.144027933465e+00 
       7.400166620414e-01       4.102964903696e+00 
       7.432944728579e-01       4.062442601194e+00 
       7.465722837271e-01       4.022433179339e+00 
       7.498500946484e-01       3.982938183897e+00 
       8.142213814697e-01       3.306384765987e+00 
       9.044734211189e-01       2.601113994405e+00 
       1.043973099497e+00       1.867588067281e+00 
       1.269657285178e+00       1.180308194091e+00 
       1.592220760086e+00       6.879406092609e-01 
       2.004311681437e+00       3.937747345746e-01 
       2.523277880352e+00       2.234923049828e-01 
       3.176618643657e+00       1.258992707202e-01 
       3.999125934079e+00       7.043838357265e-02 
       5.034601263377e+00       3.916391626940e-02 
       6.338187468716e+00       2.165109008677e-02 
       7.979305269082e+00       1.190716300767e-02 
       1.004535017171e+01       6.516798363206e-03 
       1.264634660154e+01       3.550783108411e-03 
       1.592080710303e+01       1.926682994619e-03 
       2.004310863828e+01       1.041385971020e-03 
       2.523277879608e+01       5.608454524179e-04 
       3.176618643657e+01       3.009974988184e-04 
       3.999125934079e+01       1.609981893964e-04 
       5.034601263377e+01       8.582975062557e-05 
       6.338187468716e+01       4.559934966576e-05 
       7.979305269082e+01       2.413707756161e-05 
       1.004535017171e+02       1.272292485442e-05 
       1.264634660154e+02       6.672271332980e-06 
       1.592080710303e+02       3.476532610534e-06 
       2.004310863828e+02       1.795941549486e-06 
       2.523277879608e+02       9.171763548588e-07 
       3.176618643657e+02       4.614182946243e-07 
       3.999125934079e+02       2.279523216955e-07 
       5.034601263377e+02       1.105142672751e-07 
       6.338187468716e+02       5.283514001707e-08 
       7.979305269082e+02       2.517359637145e-08 
       1.004535017171e+03       1.204833937155e-08 
