# Matter power spectrum P(k) at redshift z=4.5
# for k=1.03708e-05 to 1004.54 h/Mpc,
# number of wavenumbers equal to 626
#    1:k (h/Mpc)              2:P (Mpc/h)^3        
       1.037084025954e-05       2.461703175778e+00 
       2.350783343365e-05       5.505576443190e+00 
       3.669207989643e-05       8.525915183797e+00 
       4.996047830342e-05       1.154296188724e+01 
       6.335055460381e-05       1.457046515422e+01 
       7.690081002873e-05       1.762000536009e+01 
       9.065108053222e-05       2.070229164802e+01 
       1.046429126454e-04       2.382773508089e+01 
       1.189199607415e-04       2.700677199226e+01 
       1.335284107432e-04       3.025008369582e+01 
       1.485174353032e-04       3.356876712334e+01 
       1.639396854033e-04       3.697448477787e+01 
       1.798518230764e-04       4.047960351851e+01 
       1.963150994787e-04       4.409733234955e+01 
       2.133959816872e-04       4.784186023450e+01 
       2.311668302169e-04       5.172849889004e+01 
       2.497066271193e-04       5.577382883693e+01 
       2.691017513641e-04       5.999584998767e+01 
       2.894467936671e-04       6.441413314351e+01 
       3.108453966031e-04       6.904997064410e+01 
       3.334110972519e-04       7.392651827017e+01 
       3.572681382947e-04       7.906892126222e+01 
       3.825521989702e-04       8.450441272104e+01 
       4.094109794171e-04       9.026236703111e+01 
       4.380045508699e-04       9.637429026913e+01 
       4.685053609261e-04       1.028737207097e+02 
       5.010977598240e-04       1.097960106360e+02 
       5.359768941802e-04       1.171779578225e+02 
       5.733468048383e-04       1.250572514751e+02 
       6.134175733447e-04       1.334717037758e+02 
       6.564013965590e-04       1.424582514554e+02 
       7.025075400686e-04       1.520517233599e+02 
       7.519362337995e-04       1.622834027975e+02 
       8.048717247371e-04       1.731794537605e+02 
       8.614748765506e-04       1.847593064845e+02 
       9.218758739237e-04       1.970341511789e+02 
       9.861677084840e-04       2.100056865400e+02 
       1.054401149639e-03       2.236652974829e+02 
       1.126581807468e-03       2.379937710391e+02 
       1.202669675553e-03       2.529616220740e+02 
       1.282581235175e-03       2.685300169388e+02 
       1.366193873776e-03       2.846521919354e+02 
       1.453352093645e-03       3.012752245507e+02 
       1.543874818574e-03       3.183419675191e+02 
       1.637563069718e-03       3.357929645873e+02 
       1.734207363089e-03       3.535681978326e+02 
       1.833594340191e-03       3.716085729113e+02 
       1.935512332119e-03       3.898570925720e+02 
       2.039755735168e-03       4.082597044030e+02 
       2.146128216934e-03       4.267658622337e+02 
       2.254444866528e-03       4.453284892927e+02 
       2.364533453504e-03       4.639049652112e+02 
       2.476234976412e-03       4.824568511907e+02 
       2.589403674793e-03       5.009492957238e+02 
       2.703906657843e-03       5.193512216018e+02 
       2.819623276667e-03       5.376350308857e+02 
       2.936444340157e-03       5.557764145581e+02 
       3.054271249918e-03       5.737541348398e+02 
       3.173015108858e-03       5.915495955252e+02 
       3.292595841196e-03       6.091468303440e+02 
       3.412941348707e-03       6.265319885490e+02 
       3.533986718268e-03       6.436932625074e+02 
       3.655673488777e-03       6.606205924185e+02 
       3.777948980598e-03       6.773055130487e+02 
       3.900765687365e-03       6.937409056713e+02 
       4.024080727862e-03       7.099207999539e+02 
       4.147855354391e-03       7.258404745388e+02 
       4.272054513371e-03       7.414962060221e+02 
       4.396646453625e-03       7.568850021594e+02 
       4.521602377807e-03       7.720047927407e+02 
       4.646896132584e-03       7.868541731883e+02 
       4.772503933447e-03       8.014323658193e+02 
       4.898404120356e-03       8.157392045216e+02 
       5.024576940744e-03       8.297748428297e+02 
       5.151004356762e-03       8.435399211886e+02 
       5.277669873967e-03       8.570355254221e+02 
       5.404558388958e-03       8.702627298118e+02 
       5.531656053750e-03       8.832235542370e+02 
       5.658950154934e-03       8.959195831887e+02 
       5.786429005896e-03       9.083528396085e+02 
       5.914081850578e-03       9.205257121464e+02 
       6.041898777443e-03       9.324402674899e+02 
       6.169870642470e-03       9.440993098546e+02 
       6.297989000146e-03       9.555055175916e+02 
       6.426246041543e-03       9.666613063002e+02 
       6.554634538687e-03       9.775696462253e+02 
       6.683147794509e-03       9.882334530597e+02 
       6.811779597769e-03       9.986554575029e+02 
       6.940524182392e-03       1.008838671841e+03 
       7.069376190757e-03       1.018786633831e+03 
       7.198330640496e-03       1.028501557936e+03 
       7.327382894438e-03       1.037986848444e+03 
       7.456528633367e-03       1.047245375010e+03 
       7.585763831294e-03       1.056279815338e+03 
       7.715084732992e-03       1.065093787161e+03 
       7.844487833559e-03       1.073690281608e+03 
       7.973969859803e-03       1.082071841498e+03 
       8.103527753271e-03       1.090241391155e+03 
       8.233158654757e-03       1.098202043195e+03 
       8.362859890148e-03       1.105956958696e+03 
       8.492628957469e-03       1.113507925841e+03 
       8.622463515031e-03       1.120859088612e+03 
       8.752361370560e-03       1.128013110311e+03 
       8.882320471224e-03       1.134972173975e+03 
       9.012338894475e-03       1.141739211040e+03 
       9.142414839628e-03       1.148317044185e+03 
       9.272546620120e-03       1.154708439852e+03 
       9.402732656372e-03       1.160915767125e+03 
       9.532971469217e-03       1.166942013899e+03 
       9.663261673838e-03       1.172789566527e+03 
       9.793601974169e-03       1.178460828922e+03 
       9.923991157724e-03       1.183958460325e+03 
       1.005442809082e-02       1.189284907497e+03 
       1.018491171415e-02       1.194444004116e+03 
       1.031544103870e-02       1.199436609466e+03 
       1.044601514194e-02       1.204264435696e+03 
       1.057663316434e-02       1.208930535896e+03 
       1.070729430608e-02       1.213437287555e+03 
       1.083799782404e-02       1.217787087970e+03 
       1.096874302903e-02       1.221981875394e+03 
       1.109952928310e-02       1.226023975153e+03 
       1.123035599723e-02       1.229916088276e+03 
       1.136122262898e-02       1.233659227032e+03 
       1.149212868049e-02       1.237256719068e+03 
       1.162307369646e-02       1.240710192882e+03 
       1.175405726241e-02       1.244021013200e+03 
       1.188507900295e-02       1.247192402760e+03 
       1.201613858026e-02       1.250225182707e+03 
       1.214723569261e-02       1.253122103194e+03 
       1.227837007303e-02       1.255885092160e+03 
       1.240954148805e-02       1.258515395166e+03 
       1.254074973651e-02       1.261015230750e+03 
       1.267199464853e-02       1.263386757292e+03 
       1.280327608447e-02       1.265631723573e+03 
       1.293459393400e-02       1.267751266505e+03 
       1.306594811524e-02       1.269748392373e+03 
       1.319733857396e-02       1.271624025484e+03 
       1.332876528286e-02       1.273380054010e+03 
       1.346022824085e-02       1.275018217721e+03 
       1.359172747244e-02       1.276540292840e+03 
       1.372326302717e-02       1.277947870423e+03 
       1.385483497905e-02       1.279242889935e+03 
       1.398644342610e-02       1.280426956936e+03 
       1.411808848988e-02       1.281501161984e+03 
       1.424977031510e-02       1.282468085636e+03 
       1.438148906924e-02       1.283328221562e+03 
       1.451324494222e-02       1.284083673884e+03 
       1.464503814612e-02       1.284736063413e+03 
       1.477686891488e-02       1.285286522248e+03 
       1.490873750409e-02       1.285737178249e+03 
       1.504064419080e-02       1.286089023468e+03 
       1.517258927328e-02       1.286343985843e+03 
       1.530457307094e-02       1.286503196681e+03 
       1.543659592419e-02       1.286568435568e+03 
       1.556865819430e-02       1.286540658729e+03 
       1.570076026339e-02       1.286421552317e+03 
       1.583290253432e-02       1.286213188293e+03 
       1.596508543072e-02       1.285915937043e+03 
       1.609730939692e-02       1.285531639145e+03 
       1.622957489802e-02       1.285062307902e+03 
       1.636188241988e-02       1.284507769122e+03 
       1.649423246924e-02       1.283870984038e+03 
       1.662662557371e-02       1.283152033959e+03 
       1.675906228194e-02       1.282353214459e+03 
       1.689154316368e-02       1.281474632016e+03 
       1.702406880994e-02       1.280518941472e+03 
       1.715663983313e-02       1.279486894202e+03 
       1.728925686723e-02       1.278379435122e+03 
       1.742192056798e-02       1.277198678738e+03 
       1.755463161305e-02       1.275944684285e+03 
       1.768739070232e-02       1.274618836021e+03 
       1.782019855804e-02       1.273223062548e+03 
       1.795305592514e-02       1.271758331240e+03 
       1.808596357150e-02       1.270226559656e+03 
       1.821892228817e-02       1.268626321219e+03 
       1.835193288976e-02       1.266961073749e+03 
       1.848499621471e-02       1.265232333655e+03 
       1.861811312563e-02       1.263439500899e+03 
       1.875128450965e-02       1.261583805425e+03 
       1.888451127882e-02       1.259669026847e+03 
       1.901779437047e-02       1.257692201602e+03 
       1.915113474760e-02       1.255658284423e+03 
       1.928453339936e-02       1.253564655995e+03 
       1.941799134141e-02       1.251415744989e+03 
       1.955150961644e-02       1.249210633360e+03 
       1.968508929463e-02       1.246950537538e+03 
       1.981873147411e-02       1.244638151483e+03 
       1.995243728151e-02       1.242271525738e+03 
       2.008620787249e-02       1.239853154485e+03 
       2.022004443225e-02       1.237384862225e+03 
       2.035394817614e-02       1.234866781899e+03 
       2.048792035022e-02       1.232299604618e+03 
       2.062196223189e-02       1.229684909308e+03 
       2.075607513051e-02       1.227022277586e+03 
       2.089026038805e-02       1.224316831089e+03 
       2.102451937975e-02       1.221563048207e+03 
       2.115885351484e-02       1.218768597876e+03 
       2.129326423724e-02       1.215929041205e+03 
       2.142775302629e-02       1.213046211707e+03 
       2.156232139754e-02       1.210123989833e+03 
       2.169697090351e-02       1.207162029069e+03 
       2.183170313451e-02       1.204158694839e+03 
       2.196651971951e-02       1.201116846933e+03 
       2.210142232696e-02       1.198039305244e+03 
       2.223641266569e-02       1.194924181984e+03 
       2.237149248585e-02       1.191770680219e+03 
       2.250666357986e-02       1.188584319163e+03 
       2.264192778336e-02       1.185365289376e+03 
       2.277728697625e-02       1.182107988218e+03 
       2.291274308369e-02       1.178819746413e+03 
       2.304829807723e-02       1.175502560052e+03 
       2.318395397585e-02       1.172152023640e+03 
       2.331971284718e-02       1.168770621524e+03 
       2.345557680858e-02       1.165362729995e+03 
       2.359154802844e-02       1.161922976370e+03 
       2.372762872737e-02       1.158454164034e+03 
       2.386382117954e-02       1.154962327648e+03 
       2.400012771397e-02       1.151441870372e+03 
       2.413655071591e-02       1.147895780577e+03 
       2.427309262829e-02       1.144323692930e+03 
       2.440975595314e-02       1.140728836996e+03 
       2.454654325311e-02       1.137109853688e+03 
       2.468345715306e-02       1.133469183105e+03 
       2.482050034159e-02       1.129803798211e+03 
       2.495767557279e-02       1.126122147385e+03 
       2.509498566789e-02       1.122416042276e+03 
       2.523243351705e-02       1.118690385644e+03 
       2.537002208116e-02       1.114943334366e+03 
       2.550775439377e-02       1.111183254944e+03 
       2.564563356300e-02       1.107399250007e+03 
       2.578366277357e-02       1.103599895601e+03 
       2.592184528888e-02       1.099783725560e+03 
       2.606018445314e-02       1.095952148206e+03 
       2.619868369362e-02       1.092105415301e+03 
       2.633734652290e-02       1.088241774523e+03 
       2.647617654132e-02       1.084363757815e+03 
       2.661517743936e-02       1.080473896596e+03 
       2.675435300023e-02       1.076568749467e+03 
       2.689370710247e-02       1.072654149111e+03 
       2.703324372269e-02       1.068724000299e+03 
       2.717296693837e-02       1.064784297317e+03 
       2.731288093082e-02       1.060830782437e+03 
       2.745298998813e-02       1.056871005468e+03 
       2.759329850835e-02       1.052900169863e+03 
       2.773381100272e-02       1.048917130544e+03 
       2.787453209902e-02       1.044925135758e+03 
       2.801546654506e-02       1.040926948203e+03 
       2.815661921230e-02       1.036918704297e+03 
       2.829799509957e-02       1.032905289434e+03 
       2.843959933697e-02       1.028884405964e+03 
       2.858143718990e-02       1.024855011308e+03 
       2.872351406323e-02       1.020822114872e+03 
       2.886583550567e-02       1.016780189800e+03 
       2.900840721426e-02       1.012735938902e+03 
       2.915123503905e-02       1.008686682010e+03 
       2.929432498798e-02       1.004630724860e+03 
       2.943768323195e-02       1.000571852288e+03 
       2.958131611005e-02       9.965085949059e+02 
       2.972523013505e-02       9.924454559977e+02 
       2.986943199909e-02       9.883772742419e+02 
       3.001392857962e-02       9.843048497438e+02 
       3.015872694553e-02       9.802305856965e+02 
       3.030383436359e-02       9.761561001844e+02 
       3.044925830513e-02       9.720772715778e+02 
       3.059500645302e-02       9.680004195569e+02 
       3.074108670894e-02       9.639199858143e+02 
       3.088750720093e-02       9.598426274562e+02 
       3.103427629130e-02       9.557645848382e+02 
       3.118140258488e-02       9.516855466040e+02 
       3.132889493761e-02       9.476070497820e+02 
       3.147676246556e-02       9.435311636233e+02 
       3.162501455426e-02       9.394508602812e+02 
       3.177366086858e-02       9.353765532710e+02 
       3.192271136292e-02       9.313008068795e+02 
       3.207217629197e-02       9.272329502337e+02 
       3.222206622192e-02       9.231578138413e+02 
       3.237239204222e-02       9.190916141838e+02 
       3.252316497785e-02       9.150263727915e+02 
       3.267439660224e-02       9.109648102024e+02 
       3.282609885074e-02       9.069077950909e+02 
       3.297828403480e-02       9.028507251101e+02 
       3.313096485683e-02       8.987996818694e+02 
       3.328415442576e-02       8.947513377574e+02 
       3.343786627340e-02       8.907050758263e+02 
       3.359211437169e-02       8.866637531894e+02 
       3.374691315069e-02       8.826276266440e+02 
       3.390227751763e-02       8.785938270987e+02 
       3.405822287688e-02       8.745690940072e+02 
       3.421476515097e-02       8.705453216671e+02 
       3.437192080278e-02       8.665255945460e+02 
       3.452970685885e-02       8.625134849903e+02 
       3.468814093398e-02       8.585068949963e+02 
       3.484724125724e-02       8.545038478428e+02 
       3.500702669930e-02       8.505057971987e+02 
       3.516751680141e-02       8.465150568243e+02 
       3.532873180595e-02       8.425310247723e+02 
       3.549069268876e-02       8.385490593215e+02 
       3.565342119332e-02       8.345750872604e+02 
       3.581693986699e-02       8.306054719896e+02 
       3.598127209929e-02       8.266431122179e+02 
       3.614644216263e-02       8.226836643668e+02 
       3.631247525534e-02       8.187317424125e+02 
       3.647939754751e-02       8.147898012346e+02 
       3.664723622955e-02       8.108499822500e+02 
       3.681601956386e-02       8.069170159536e+02 
       3.698577693982e-02       8.029909325547e+02 
       3.715653893227e-02       7.990698293556e+02 
       3.732833736383e-02       7.951522113973e+02 
       3.750120537139e-02       7.912470263050e+02 
       3.767517747695e-02       7.873443783405e+02 
       3.785028966343e-02       7.834469993415e+02 
       3.802657945550e-02       7.795570469357e+02 
       3.820408600622e-02       7.756714103733e+02 
       3.838285018971e-02       7.717936284314e+02 
       3.856291470048e-02       7.679169404034e+02 
       3.874432415999e-02       7.640520702927e+02 
       3.892712523101e-02       7.601887392826e+02 
       3.911136674063e-02       7.563321428708e+02 
       3.929709981249e-02       7.524826018700e+02 
       3.948437800922e-02       7.486376309763e+02 
       3.967325748602e-02       7.447967880267e+02 
       3.986379715640e-02       7.409591566763e+02 
       4.005605887126e-02       7.371290661398e+02 
       4.025010761258e-02       7.332996656510e+02 
       4.044601170322e-02       7.294784079639e+02 
       4.064384303440e-02       7.256584064157e+02 
       4.084367731267e-02       7.218452257887e+02 
       4.104559432841e-02       7.180330184479e+02 
       4.124967824809e-02       7.142265594570e+02 
       4.145601793289e-02       7.104241329292e+02 
       4.166470728644e-02       7.066193690251e+02 
       4.187584563508e-02       7.028180429867e+02 
       4.208953814411e-02       6.990208903669e+02 
       4.230589627431e-02       6.952260317160e+02 
       4.252503828332e-02       6.914313693043e+02 
       4.274708977731e-02       6.876390121690e+02 
       4.297218431892e-02       6.838430817877e+02 
       4.320046409854e-02       6.800507429929e+02 
       4.343208067680e-02       6.762543839954e+02 
       4.366719580737e-02       6.724615974868e+02 
       4.390598235074e-02       6.686607924724e+02 
       4.414862529088e-02       6.648625325095e+02 
       4.439532286905e-02       6.610592776134e+02 
       4.464628785077e-02       6.572520281130e+02 
       4.490174894506e-02       6.534410832454e+02 
       4.516195239794e-02       6.496229035331e+02 
       4.542716378606e-02       6.458010225659e+02 
       4.569767004075e-02       6.419714529810e+02 
       4.597378173816e-02       6.381327157193e+02 
       4.625583569784e-02       6.342842912068e+02 
       4.654419793966e-02       6.304265468923e+02 
       4.683926705865e-02       6.265559373381e+02 
       4.714147808905e-02       6.226721284639e+02 
       4.745130694262e-02       6.187729391723e+02 
       4.776927552420e-02       6.148589175142e+02 
       4.809595764838e-02       6.109240860027e+02 
       4.843198590815e-02       6.069710362387e+02 
       4.877805967897e-02       6.029956199655e+02 
       4.913495448313e-02       5.989937850936e+02 
       4.950353299061e-02       5.949650408979e+02 
       4.988475799767e-02       5.909046939072e+02 
       5.027970780617e-02       5.868108102765e+02 
       5.068959453058e-02       5.826799277127e+02 
       5.111578599124e-02       5.785065308821e+02 
       5.155983202090e-02       5.742851410078e+02 
       5.202349622514e-02       5.700131209586e+02 
       5.250879451066e-02       5.656813038873e+02 
       5.301804204161e-02       5.612816189325e+02 
       5.355391072100e-02       5.568074873613e+02 
       5.411949983847e-02       5.522461755623e+02 
       5.471842318629e-02       5.475884328982e+02 
       5.535491671702e-02       5.428142473478e+02 
       5.603397164363e-02       5.379077861054e+02 
       5.676149861932e-02       5.328445651587e+02 
       5.754452892612e-02       5.275934659679e+02 
       5.839145769989e-02       5.221166471631e+02 
       5.931233061232e-02       5.163640932042e+02 
       6.031916622879e-02       5.102700703359e+02 
       6.142628627516e-02       5.037474526274e+02 
       6.265058679972e-02       4.966827050362e+02 
       6.401161322377e-02       4.889155301705e+02 
       6.553119278622e-02       4.802465023448e+02 
       6.723224366769e-02       4.704146377641e+02 
       6.913630733674e-02       4.591052862557e+02 
       7.125955683159e-02       4.459787859752e+02 
       7.360781459281e-02       4.307320364519e+02 
       7.617242687177e-02       4.132080182498e+02 
       7.892964976817e-02       3.935108248722e+02 
       8.184490827961e-02       3.720673688831e+02 
       8.488016382455e-02       3.495939937634e+02 
       8.800069355618e-02       3.269718158096e+02 
       9.117877777033e-02       3.050915629241e+02 
       9.439429138411e-02       2.847191019748e+02 
       9.763354024289e-02       2.664142972902e+02 
       1.008875957844e-01       2.504987032146e+02 
       1.041507937351e-01       2.370643599437e+02 
       1.074196018493e-01       2.260065994700e+02 
       1.106918406504e-01       2.170601668297e+02 
       1.139661740035e-01       2.098544708622e+02 
       1.172417859332e-01       2.039491602085e+02 
       1.205181792173e-01       1.988810861882e+02 
       1.237950512051e-01       1.942015933407e+02 
       1.270722177401e-01       1.895168786570e+02 
       1.303495667330e-01       1.845185119120e+02 
       1.336270298953e-01       1.790066539812e+02 
       1.369045655525e-01       1.728992050225e+02 
       1.401821482027e-01       1.662279901739e+02 
       1.434597621761e-01       1.591185183627e+02 
       1.467373977848e-01       1.517632373922e+02 
       1.500150489849e-01       1.443877724590e+02 
       1.532927119572e-01       1.372199431337e+02 
       1.565703842438e-01       1.304627969489e+02 
       1.598480642243e-01       1.242759800363e+02 
       1.631257507958e-01       1.187640255494e+02 
       1.664034431791e-01       1.139738335763e+02 
       1.696811407991e-01       1.098965198637e+02 
       1.729588432122e-01       1.064756068124e+02 
       1.762365500616e-01       1.036160072772e+02 
       1.795142610490e-01       1.011978284198e+02 
       1.827919759177e-01       9.908705079827e+01 
       1.860696944412e-01       9.715498493257e+01 
       1.893474164162e-01       9.529077468666e+01 
       1.926251416576e-01       9.336729748915e+01 
       1.959028699959e-01       9.130428488740e+01 
       1.991806012742e-01       8.905483965337e+01 
       2.024583353469e-01       8.660867069512e+01 
       2.057360720785e-01       8.398899515685e+01 
       2.090138113422e-01       8.124583853156e+01 
       2.122915530195e-01       7.844440381195e+01 
       2.155692969993e-01       7.565528454820e+01 
       2.188470431772e-01       7.294475940082e+01 
       2.221247914552e-01       7.036871928388e+01 
       2.254025417408e-01       6.797044291828e+01 
       2.286802939471e-01       6.577846340624e+01 
       2.319580479921e-01       6.380719605642e+01 
       2.352358037984e-01       6.205706213846e+01 
       2.385135612929e-01       6.051457997794e+01 
       2.417913204064e-01       5.915425054520e+01 
       2.450690810737e-01       5.794070697884e+01 
       2.483468432326e-01       5.683282100886e+01 
       2.516246068246e-01       5.578843208756e+01 
       2.549023717941e-01       5.476909478889e+01 
       2.581801380882e-01       5.374272837491e+01 
       2.614579056568e-01       5.268661189874e+01 
       2.647356744523e-01       5.158735734398e+01 
       2.680134444293e-01       5.044045520707e+01 
       2.712912155449e-01       4.924933307042e+01 
       2.745689877580e-01       4.802419476981e+01 
       2.778467610295e-01       4.678123964570e+01 
       2.811245353221e-01       4.553998721411e+01 
       2.844023106005e-01       4.432155573833e+01 
       2.876800868306e-01       4.314614881994e+01 
       2.909578639802e-01       4.203056413531e+01 
       2.942356420184e-01       4.098586493650e+01 
       2.975134209155e-01       4.001759217618e+01 
       3.007912006435e-01       3.912538290710e+01 
       3.040689811752e-01       3.830413243541e+01 
       3.073467624848e-01       3.754580766851e+01 
       3.106245445476e-01       3.684011470085e+01 
       3.139023273398e-01       3.617591056480e+01 
       3.171801108388e-01       3.554159108964e+01 
       3.204578950227e-01       3.492566271349e+01 
       3.237356798706e-01       3.431773077882e+01 
       3.270134653625e-01       3.370921965013e+01 
       3.302912514790e-01       3.309420525936e+01 
       3.335690382017e-01       3.247016550137e+01 
       3.368468255128e-01       3.183764624337e+01 
       3.401246133952e-01       3.119985971953e+01 
       3.434024018325e-01       3.056164184767e+01 
       3.466801908088e-01       2.992853566809e+01 
       3.499579803090e-01       2.930610721600e+01 
       3.532357703183e-01       2.869916946617e+01 
       3.565135608227e-01       2.811239945065e+01 
       3.597913518086e-01       2.754917451621e+01 
       3.630691432629e-01       2.701218303756e+01 
       3.663469351730e-01       2.650266715366e+01 
       3.696247275266e-01       2.602033581822e+01 
       3.729025203121e-01       2.556329342810e+01 
       3.761803135180e-01       2.512831477456e+01 
       3.794581071335e-01       2.471148820889e+01 
       3.827359011480e-01       2.430860824412e+01 
       3.860136955513e-01       2.391598239898e+01 
       3.892914903334e-01       2.353068133186e+01 
       3.925692854850e-01       2.315044174553e+01 
       3.958470809967e-01       2.277378655580e+01 
       3.991248768597e-01       2.239963610862e+01 
       4.024026730654e-01       2.202751500662e+01 
       4.056804696053e-01       2.165742803840e+01 
       4.089582664715e-01       2.129000021794e+01 
       4.122360636561e-01       2.092643687938e+01 
       4.155138611515e-01       2.056834901982e+01 
       4.187916589505e-01       2.021745316509e+01 
       4.220694570459e-01       1.987521847087e+01 
       4.253472554309e-01       1.954265105251e+01 
       4.286250540987e-01       1.922026906202e+01 
       4.319028530430e-01       1.890815331802e+01 
       4.351806522574e-01       1.860613204758e+01 
       4.384584517358e-01       1.831398635041e+01 
       4.417362514725e-01       1.803132272444e+01 
       4.450140514616e-01       1.775765882886e+01 
       4.482918516975e-01       1.749220830853e+01 
       4.515696521750e-01       1.723398252324e+01 
       4.548474528887e-01       1.698178347389e+01 
       4.581252538335e-01       1.673441036337e+01 
       4.614030550046e-01       1.649091218612e+01 
       4.646808563970e-01       1.625063052159e+01 
       4.679586580063e-01       1.601332428010e+01 
       4.712364598277e-01       1.577894223243e+01 
       4.745142618569e-01       1.554758436971e+01 
       4.777920640896e-01       1.531939512665e+01 
       4.810698665217e-01       1.509447062603e+01 
       4.843476691490e-01       1.487302259541e+01 
       4.876254719676e-01       1.465535968018e+01 
       4.909032749737e-01       1.444190491409e+01 
       4.941810781635e-01       1.423323390661e+01 
       4.974588815334e-01       1.402968573906e+01 
       5.007366850799e-01       1.383148024864e+01 
       5.040144887994e-01       1.363852968306e+01 
       5.072922926886e-01       1.345058050119e+01 
       5.105700967443e-01       1.326718418531e+01 
       5.138479009632e-01       1.308793035665e+01 
       5.171257053422e-01       1.291248836006e+01 
       5.204035098783e-01       1.274056723270e+01 
       5.236813145686e-01       1.257194206861e+01 
       5.269591194101e-01       1.240636323755e+01 
       5.302369244000e-01       1.224353489851e+01 
       5.335147295357e-01       1.208314560315e+01 
       5.367925348143e-01       1.192494407537e+01 
       5.400703402333e-01       1.176890255874e+01 
       5.433481457902e-01       1.161507116513e+01 
       5.466259514825e-01       1.146360658450e+01 
       5.499037573077e-01       1.131467908967e+01 
       5.531815632634e-01       1.116844538379e+01 
       5.564593693475e-01       1.102490641493e+01 
       5.597371755575e-01       1.088401682232e+01 
       5.630149818913e-01       1.074569316966e+01 
       5.662927883467e-01       1.060991311470e+01 
       5.695705949216e-01       1.047668237583e+01 
       5.728484016140e-01       1.034606413027e+01 
       5.761262084219e-01       1.021807261636e+01 
       5.794040153433e-01       1.009265923595e+01 
       5.826818223762e-01       9.969664700639e+00 
       5.859596295188e-01       9.848899974532e+00 
       5.892374367693e-01       9.730163096981e+00 
       5.925152441258e-01       9.613319319787e+00 
       5.957930515867e-01       9.498320021806e+00 
       5.990708591501e-01       9.385156913371e+00 
       6.023486668145e-01       9.273829584177e+00 
       6.056264745781e-01       9.164295640912e+00 
       6.089042824394e-01       9.056467756045e+00 
       6.121820903967e-01       8.950241026205e+00 
       6.154598984487e-01       8.845524312260e+00 
       6.187377065936e-01       8.742315298693e+00 
       6.220155148301e-01       8.640655946600e+00 
       6.252933231568e-01       8.540639717999e+00 
       6.285711315721e-01       8.442326438891e+00 
       6.318489400748e-01       8.345729516878e+00 
       6.351267486635e-01       8.250789382193e+00 
       6.384045573368e-01       8.157419232027e+00 
       6.416823660934e-01       8.065532171140e+00 
       6.449601749321e-01       7.975084604286e+00 
       6.482379838516e-01       7.886081211640e+00 
       6.515157928508e-01       7.798534399812e+00 
       6.547936019283e-01       7.712452906691e+00 
       6.580714110830e-01       7.627789596628e+00 
       6.613492203138e-01       7.544454270845e+00 
       6.646270296196e-01       7.462348977055e+00 
       6.679048389992e-01       7.381387875894e+00 
       6.711826484516e-01       7.301540363819e+00 
       6.744604579756e-01       7.222824811735e+00 
       6.777382675703e-01       7.145277111141e+00 
       6.810160772346e-01       7.068910193528e+00 
       6.842938869676e-01       6.993727886817e+00 
       6.875716967682e-01       6.919651430894e+00 
       6.908495066354e-01       6.846627235759e+00 
       6.941273165684e-01       6.774604433341e+00 
       6.974051265662e-01       6.703580170364e+00 
       7.006829366279e-01       6.633578897298e+00 
       7.039607467525e-01       6.564635828826e+00 
       7.072385569393e-01       6.496767087453e+00 
       7.105163671873e-01       6.429960912196e+00 
       7.137941774958e-01       6.364149743329e+00 
       7.170719878638e-01       6.299271940919e+00 
       7.203497982906e-01       6.235273770143e+00 
       7.236276087753e-01       6.172133172981e+00 
       7.269054193172e-01       6.109882464957e+00 
       7.301832299155e-01       6.048531559796e+00 
       7.334610405695e-01       5.988082708341e+00 
       7.367388512784e-01       5.928516265349e+00 
       7.400166620414e-01       5.869774196483e+00 
       7.432944728579e-01       5.811805996467e+00 
       7.465722837271e-01       5.754571406944e+00 
       7.498500946484e-01       5.698072150069e+00 
       8.142213814697e-01       4.730230336770e+00 
       9.044734211189e-01       3.721286186899e+00 
       1.043973099497e+00       2.671897949568e+00 
       1.269657285178e+00       1.688648205044e+00 
       1.592220760086e+00       9.842342378667e-01 
       2.004311681437e+00       5.633752784456e-01 
       2.523277880352e+00       3.197525268962e-01 
       3.176618643657e+00       1.801256125734e-01 
       3.999125934079e+00       1.007771421457e-01 
       5.034601263377e+00       5.603243345740e-02 
       6.338187468716e+00       3.097648902247e-02 
       7.979305269082e+00       1.703569890170e-02 
       1.004535017171e+01       9.323624218698e-03 
       1.264634660154e+01       5.080103366964e-03 
       1.592080710303e+01       2.756483875653e-03 
       2.004310863828e+01       1.489880541542e-03 
       2.523277879608e+01       8.023695748007e-04 
       3.176618643657e+01       4.306066160042e-04 
       3.999125934079e+01       2.303125056297e-04 
       5.034601263377e+01       1.227723877916e-04 
       6.338187468716e+01       6.521811994161e-05 
       7.979305269082e+01       3.451519511028e-05 
       1.004535017171e+02       1.818781182397e-05 
       1.264634660154e+02       9.533668944264e-06 
       1.592080710303e+02       4.963752550700e-06 
       2.004310863828e+02       2.561289023713e-06 
       2.523277879608e+02       1.305759863983e-06 
       3.176618643657e+02       6.552099766276e-07 
       3.999125934079e+02       3.224792964025e-07 
       5.034601263377e+02       1.555211165654e-07 
       6.338187468716e+02       7.381514314450e-08 
       7.979305269082e+02       3.482322868606e-08 
       1.004535017171e+03       1.645243423812e-08 
