5.e+00 4.279453e-04
5.12e+00 2.496077e-03
5.2424e+00 9.481372e-03
5.367248e+00 2.701846e-02
5.494593e+00 5.152764e-02
5.624485e+00 8.554769e-02
5.756975e+00 1.279323e-01
5.892114e+00 1.759584e-01
6.029956e+00 2.26864e-01
6.170555e+00 2.793137e-01
6.313967e+00 3.301631e-01
6.460246e+00 3.789061e-01
6.609451e+00 4.254903e-01
6.76164e+00 4.695491e-01
6.916873e+00 5.112594e-01
7.075210e+00 5.505199e-01
7.236714e+00 5.873679e-01
7.401449e+00 6.220248e-01
7.569477e+00 6.545227e-01
7.740867e+00 6.848647e-01
7.915684e+00 7.132083e-01
8.093998e+00 7.394791e-01
8.275878e+00 7.637994e-01
8.461396e+00 7.86377e-01
8.650623e+00 8.072656e-01
8.843636e+00 8.265818e-01
9.040509e+00 8.444097e-01
9.241319e+00 8.608888e-01
9.446145e+00 8.75957e-01
9.655068e+00 8.896930e-01
9.86817e+00 9.023275e-01
1.008553e+01 9.138359e-01
1.030724e+01 9.242502e-01
1.053339e+01 9.336169e-01
1.076406e+01 9.420964e-01
1.099934e+01 9.497037e-01
1.123932e+01 9.565078e-01
1.148411e+01 9.625275e-01
1.173379e+01 9.67879e-01
1.198847e+01 9.725637e-01
1.224824e+01 9.766909e-01
1.251320e+01 9.802851e-01
1.278347e+01 9.834086e-01
1.305914e+01 9.860978e-01
1.334032e+01 9.883918e-01
1.362713e+01 9.903932e-01
1.391967e+01 9.920579e-01
1.421806e+01 9.934489e-01
1.452242e+01 9.946322e-01
1.483287e+01 9.956194e-01
1.514953e+01 9.964283e-01
1.547252e+01 9.971027e-01
1.580197e+01 9.976576e-01
1.613801e+01 9.981127e-01
1.648077e+01 9.984848e-01
1.683038e+01 9.987894e-01
1.718699e+01 9.990260e-01
1.755073e+01 9.992176e-01
1.792175e+01 9.993687e-01
1.830018e+01 9.994876e-01
1.868618e+01 9.995743e-01
1.907991e+01 9.996423e-01
1.948151e+01 9.996929e-01
1.989114e+01 9.99728e-01
2.030896e+01 9.997497e-01
2.073514e+01 9.997633e-01
2.116984e+01 9.997719e-01
2.161324e+01 9.99778e-01
2.206550e+01 9.997814e-01
2.252681e+01 9.99786e-01
2.299735e+01 9.997859e-01
2.34773e+01 9.997859e-01
2.396684e+01 9.997854e-01
2.446618e+01 9.997849e-01
2.497550e+01 9.997849e-01
2.549501e+01 9.997849e-01
2.602491e+01 9.997848e-01
2.656541e+01 9.997848e-01
2.711672e+01 9.997846e-01
2.767905e+01 9.997846e-01
2.825263e+01 9.997845e-01
2.883769e+01 9.997845e-01
2.943444e+01 9.997845e-01
3.004313e+01 9.997807e-01
3.066399e+01 9.997807e-01
3.129727e+01 9.997806e-01
3.194322e+01 9.997805e-01
3.260208e+01 9.997803e-01
3.327412e+01 9.997803e-01
3.395961e+01 9.997802e-01
3.46588e+01 9.997802e-01
3.537197e+01 9.997802e-01
