5.e+00 0.e+00
5.12e+00 0.e+00
5.2424e+00 0.e+00
5.367248e+00 0.e+00
5.494593e+00 0.e+00
5.624485e+00 0.e+00
5.756975e+00 0.e+00
5.892114e+00 0.e+00
6.029956e+00 0.e+00
6.170555e+00 0.e+00
6.313967e+00 0.e+00
6.460246e+00 0.e+00
6.609451e+00 0.e+00
6.76164e+00 1.125858e-03
6.916873e+00 4.823467e-03
7.075210e+00 2.037684e-02
7.236714e+00 5.396563e-02
7.401449e+00 1.037625e-01
7.569477e+00 1.698846e-01
7.740867e+00 2.436205e-01
7.915684e+00 3.20229e-01
8.093998e+00 3.920696e-01
8.275878e+00 4.573020e-01
8.461396e+00 5.166889e-01
8.650623e+00 5.704296e-01
8.843636e+00 6.188366e-01
9.040509e+00 6.625332e-01
9.241319e+00 7.021074e-01
9.446145e+00 7.376490e-01
9.655068e+00 7.694889e-01
9.86817e+00 7.978389e-01
1.008553e+01 8.230618e-01
1.030724e+01 8.456105e-01
1.053339e+01 8.657209e-01
1.076406e+01 8.836636e-01
1.099934e+01 8.995327e-01
1.123932e+01 9.135835e-01
1.148411e+01 9.258814e-01
1.173379e+01 9.367476e-01
1.198847e+01 9.462839e-01
1.224824e+01 9.545902e-01
1.251320e+01 9.617592e-01
1.278347e+01 9.679796e-01
1.305914e+01 9.733233e-01
1.334032e+01 9.778896e-01
1.362713e+01 9.818113e-01
1.391967e+01 9.850354e-01
1.421806e+01 9.877486e-01
1.452242e+01 9.900205e-01
1.483287e+01 9.919061e-01
1.514953e+01 9.934407e-01
1.547252e+01 9.947100e-01
1.580197e+01 9.957629e-01
1.613801e+01 9.966046e-01
1.648077e+01 9.972871e-01
1.683038e+01 9.978460e-01
1.718699e+01 9.982817e-01
1.755073e+01 9.986334e-01
1.792175e+01 9.989138e-01
1.830018e+01 9.991360e-01
1.868618e+01 9.993113e-01
1.907991e+01 9.994437e-01
1.948151e+01 9.995487e-01
1.989114e+01 9.996279e-01
2.030896e+01 9.996856e-01
2.073514e+01 9.997243e-01
2.116984e+01 9.997486e-01
2.161324e+01 9.997625e-01
2.206550e+01 9.997720e-01
2.252681e+01 9.997779e-01
2.299735e+01 9.997859e-01
2.34773e+01 9.997859e-01
2.396684e+01 9.997854e-01
2.446618e+01 9.997849e-01
2.497550e+01 9.997849e-01
2.549501e+01 9.997849e-01
2.602491e+01 9.997848e-01
2.656541e+01 9.997848e-01
2.711672e+01 9.997846e-01
2.767905e+01 9.997846e-01
2.825263e+01 9.997845e-01
2.883769e+01 9.997845e-01
2.943444e+01 9.997845e-01
3.004313e+01 9.997807e-01
3.066399e+01 9.997807e-01
3.129727e+01 9.997806e-01
3.194322e+01 9.997805e-01
3.260208e+01 9.997803e-01
3.327412e+01 9.997803e-01
3.395961e+01 9.997802e-01
3.46588e+01 9.997802e-01
3.537197e+01 9.997802e-01
