5.e+00 0.e+00
5.12e+00 0.e+00
5.2424e+00 0.e+00
5.367248e+00 0.e+00
5.494593e+00 0.e+00
5.624485e+00 0.e+00
5.756975e+00 0.e+00
5.892114e+00 0.e+00
6.029956e+00 0.e+00
6.170555e+00 0.e+00
6.313967e+00 0.e+00
6.460246e+00 0.e+00
6.609451e+00 0.e+00
6.76164e+00 0.e+00
6.916873e+00 1.763832e-03
7.075210e+00 1.393180e-02
7.236714e+00 4.160496e-02
7.401449e+00 9.208632e-02
7.569477e+00 1.643198e-01
7.740867e+00 2.439083e-01
7.915684e+00 3.203117e-01
8.093998e+00 3.923514e-01
8.275878e+00 4.580478e-01
8.461396e+00 5.179048e-01
8.650623e+00 5.720395e-01
8.843636e+00 6.20581e-01
9.040509e+00 6.64507e-01
9.241319e+00 7.038402e-01
9.446145e+00 7.391512e-01
9.655068e+00 7.706665e-01
9.86817e+00 7.988220e-01
1.008553e+01 8.239774e-01
1.030724e+01 8.464335e-01
1.053339e+01 8.664857e-01
1.076406e+01 8.842888e-01
1.099934e+01 9.000062e-01
1.123932e+01 9.139171e-01
1.148411e+01 9.261808e-01
1.173379e+01 9.369725e-01
1.198847e+01 9.464720e-01
1.224824e+01 9.547863e-01
1.251320e+01 9.619642e-01
1.278347e+01 9.681662e-01
1.305914e+01 9.734674e-01
1.334032e+01 9.779627e-01
1.362713e+01 9.818474e-01
1.391967e+01 9.850972e-01
1.421806e+01 9.87775e-01
1.452242e+01 9.900265e-01
1.483287e+01 9.918966e-01
1.514953e+01 9.934344e-01
1.547252e+01 9.947073e-01
1.580197e+01 9.957584e-01
1.613801e+01 9.966038e-01
1.648077e+01 9.972880e-01
1.683038e+01 9.978377e-01
1.718699e+01 9.982776e-01
1.755073e+01 9.986327e-01
1.792175e+01 9.989117e-01
1.830018e+01 9.991306e-01
1.868618e+01 9.993097e-01
1.907991e+01 9.994454e-01
1.948151e+01 9.995493e-01
1.989114e+01 9.996260e-01
2.030896e+01 9.996836e-01
2.073514e+01 9.997236e-01
2.116984e+01 9.997477e-01
2.161324e+01 9.997616e-01
2.206550e+01 9.997717e-01
2.252681e+01 9.997779e-01
2.299735e+01 9.997859e-01
2.34773e+01 9.997859e-01
2.396684e+01 9.997853e-01
2.446618e+01 9.997849e-01
2.497550e+01 9.997849e-01
2.549501e+01 9.997849e-01
2.602491e+01 9.997848e-01
2.656541e+01 9.997848e-01
2.711672e+01 9.997846e-01
2.767905e+01 9.997846e-01
2.825263e+01 9.997845e-01
2.883769e+01 9.997845e-01
2.943444e+01 9.997845e-01
3.004313e+01 9.997807e-01
3.066399e+01 9.997807e-01
3.129727e+01 9.997806e-01
3.194322e+01 9.997805e-01
3.260208e+01 9.997804e-01
3.327412e+01 9.997803e-01
3.395961e+01 9.997802e-01
3.46588e+01 9.997802e-01
3.537197e+01 9.997802e-01
