5.e+00 6.291214e-05
5.12e+00 1.308363e-03
5.2424e+00 6.184847e-03
5.367248e+00 1.987578e-02
5.494593e+00 4.350490e-02
5.624485e+00 7.858910e-02
5.756975e+00 1.240755e-01
5.892114e+00 1.749645e-01
6.029956e+00 2.275643e-01
6.170555e+00 2.794436e-01
6.313967e+00 3.301880e-01
6.460246e+00 3.790991e-01
6.609451e+00 4.253135e-01
6.76164e+00 4.689583e-01
6.916873e+00 5.105433e-01
7.075210e+00 5.500829e-01
7.236714e+00 5.872067e-01
7.401449e+00 6.220972e-01
7.569477e+00 6.546718e-01
7.740867e+00 6.849408e-01
7.915684e+00 7.131768e-01
8.093998e+00 7.394705e-01
8.275878e+00 7.638811e-01
8.461396e+00 7.864814e-01
8.650623e+00 8.0743e-01
8.843636e+00 8.268189e-01
9.040509e+00 8.446108e-01
9.241319e+00 8.609774e-01
9.446145e+00 8.759525e-01
9.655068e+00 8.897063e-01
9.86817e+00 9.023517e-01
1.008553e+01 9.138628e-01
1.030724e+01 9.243203e-01
1.053339e+01 9.337698e-01
1.076406e+01 9.422562e-01
1.099934e+01 9.498320e-01
1.123932e+01 9.566292e-01
1.148411e+01 9.626747e-01
1.173379e+01 9.679785e-01
1.198847e+01 9.726698e-01
1.224824e+01 9.767676e-01
1.251320e+01 9.803476e-01
1.278347e+01 9.834703e-01
1.305914e+01 9.861434e-01
1.334032e+01 9.884344e-01
1.362713e+01 9.904128e-01
1.391967e+01 9.920746e-01
1.421806e+01 9.934669e-01
1.452242e+01 9.946433e-01
1.483287e+01 9.956183e-01
1.514953e+01 9.964346e-01
1.547252e+01 9.971061e-01
1.580197e+01 9.97667e-01
1.613801e+01 9.981188e-01
1.648077e+01 9.984886e-01
1.683038e+01 9.987892e-01
1.718699e+01 9.990279e-01
1.755073e+01 9.992186e-01
1.792175e+01 9.993681e-01
1.830018e+01 9.994857e-01
1.868618e+01 9.995736e-01
1.907991e+01 9.996431e-01
1.948151e+01 9.996936e-01
1.989114e+01 9.997275e-01
2.030896e+01 9.997495e-01
2.073514e+01 9.997630e-01
2.116984e+01 9.997723e-01
2.161324e+01 9.997788e-01
2.206550e+01 9.997818e-01
2.252681e+01 9.99786e-01
2.299735e+01 9.997859e-01
2.34773e+01 9.997859e-01
2.396684e+01 9.997852e-01
2.446618e+01 9.997849e-01
2.497550e+01 9.997849e-01
2.549501e+01 9.997849e-01
2.602491e+01 9.997848e-01
2.656541e+01 9.997848e-01
2.711672e+01 9.997846e-01
2.767905e+01 9.997846e-01
2.825263e+01 9.997845e-01
2.883769e+01 9.997845e-01
2.943444e+01 9.997845e-01
3.004313e+01 9.997807e-01
3.066399e+01 9.997807e-01
3.129727e+01 9.997806e-01
3.194322e+01 9.997805e-01
3.260208e+01 9.997804e-01
3.327412e+01 9.997803e-01
3.395961e+01 9.997802e-01
3.46588e+01 9.997802e-01
3.537197e+01 9.997802e-01
