5.e+00 0.e+00
5.12e+00 6.573369e-04
5.2424e+00 6.354897e-03
5.367248e+00 1.978565e-02
5.494593e+00 4.250628e-02
5.624485e+00 7.764962e-02
5.756975e+00 1.237570e-01
5.892114e+00 1.743924e-01
6.029956e+00 2.269046e-01
6.170555e+00 2.784720e-01
6.313967e+00 3.298076e-01
6.460246e+00 3.788042e-01
6.609451e+00 4.256032e-01
6.76164e+00 4.703508e-01
6.916873e+00 5.122887e-01
7.075210e+00 5.51715e-01
7.236714e+00 5.887862e-01
7.401449e+00 6.234957e-01
7.569477e+00 6.558732e-01
7.740867e+00 6.861008e-01
7.915684e+00 7.141774e-01
8.093998e+00 7.402115e-01
8.275878e+00 7.644533e-01
8.461396e+00 7.869642e-01
8.650623e+00 8.078262e-01
8.843636e+00 8.271123e-01
9.040509e+00 8.449565e-01
9.241319e+00 8.612804e-01
9.446145e+00 8.761895e-01
9.655068e+00 8.899674e-01
9.86817e+00 9.025552e-01
1.008553e+01 9.140442e-01
1.030724e+01 9.244059e-01
1.053339e+01 9.337633e-01
1.076406e+01 9.422594e-01
1.099934e+01 9.498821e-01
1.123932e+01 9.566605e-01
1.148411e+01 9.626634e-01
1.173379e+01 9.679623e-01
1.198847e+01 9.726638e-01
1.224824e+01 9.767778e-01
1.251320e+01 9.803696e-01
1.278347e+01 9.834766e-01
1.305914e+01 9.861409e-01
1.334032e+01 9.884204e-01
1.362713e+01 9.904012e-01
1.391967e+01 9.920715e-01
1.421806e+01 9.934538e-01
1.452242e+01 9.946252e-01
1.483287e+01 9.955990e-01
1.514953e+01 9.964120e-01
1.547252e+01 9.970928e-01
1.580197e+01 9.976525e-01
1.613801e+01 9.981079e-01
1.648077e+01 9.984806e-01
1.683038e+01 9.987796e-01
1.718699e+01 9.990225e-01
1.755073e+01 9.992154e-01
1.792175e+01 9.993662e-01
1.830018e+01 9.994842e-01
1.868618e+01 9.995739e-01
1.907991e+01 9.996424e-01
1.948151e+01 9.996927e-01
1.989114e+01 9.997268e-01
2.030896e+01 9.997484e-01
2.073514e+01 9.997625e-01
2.116984e+01 9.997718e-01
2.161324e+01 9.997777e-01
2.206550e+01 9.997816e-01
2.252681e+01 9.99786e-01
2.299735e+01 9.997859e-01
2.34773e+01 9.997859e-01
2.396684e+01 9.997853e-01
2.446618e+01 9.997849e-01
2.497550e+01 9.997849e-01
2.549501e+01 9.997849e-01
2.602491e+01 9.997848e-01
2.656541e+01 9.997848e-01
2.711672e+01 9.997846e-01
2.767905e+01 9.997846e-01
2.825263e+01 9.997845e-01
2.883769e+01 9.997845e-01
2.943444e+01 9.997845e-01
3.004313e+01 9.997807e-01
3.066399e+01 9.997807e-01
3.129727e+01 9.997806e-01
3.194322e+01 9.997805e-01
3.260208e+01 9.997804e-01
3.327412e+01 9.997803e-01
3.395961e+01 9.997802e-01
3.46588e+01 9.997802e-01
3.537197e+01 9.997802e-01
