5.e+00 0.e+00
5.12e+00 1.461995e-03
5.2424e+00 7.466555e-03
5.367248e+00 2.183283e-02
5.494593e+00 4.790955e-02
5.624485e+00 8.340105e-02
5.756975e+00 1.275813e-01
5.892114e+00 1.758461e-01
6.029956e+00 2.26489e-01
6.170555e+00 2.787956e-01
6.313967e+00 3.29229e-01
6.460246e+00 3.780706e-01
6.609451e+00 4.244204e-01
6.76164e+00 4.683932e-01
6.916873e+00 5.103924e-01
7.075210e+00 5.499085e-01
7.236714e+00 5.871683e-01
7.401449e+00 6.221306e-01
7.569477e+00 6.547031e-01
7.740867e+00 6.850778e-01
7.915684e+00 7.133746e-01
8.093998e+00 7.396837e-01
8.275878e+00 7.640659e-01
8.461396e+00 7.866763e-01
8.650623e+00 8.076288e-01
8.843636e+00 8.26941e-01
9.040509e+00 8.448036e-01
9.241319e+00 8.612291e-01
9.446145e+00 8.762404e-01
9.655068e+00 8.900069e-01
9.86817e+00 9.025977e-01
1.008553e+01 9.140861e-01
1.030724e+01 9.244717e-01
1.053339e+01 9.338257e-01
1.076406e+01 9.422972e-01
1.099934e+01 9.498684e-01
1.123932e+01 9.56653e-01
1.148411e+01 9.62667e-01
1.173379e+01 9.679747e-01
1.198847e+01 9.726613e-01
1.224824e+01 9.767531e-01
1.251320e+01 9.803177e-01
1.278347e+01 9.834370e-01
1.305914e+01 9.861109e-01
1.334032e+01 9.884114e-01
1.362713e+01 9.903975e-01
1.391967e+01 9.920822e-01
1.421806e+01 9.934607e-01
1.452242e+01 9.946327e-01
1.483287e+01 9.956203e-01
1.514953e+01 9.964284e-01
1.547252e+01 9.971042e-01
1.580197e+01 9.976626e-01
1.613801e+01 9.981119e-01
1.648077e+01 9.984787e-01
1.683038e+01 9.987772e-01
1.718699e+01 9.990215e-01
1.755073e+01 9.992105e-01
1.792175e+01 9.993665e-01
1.830018e+01 9.994850e-01
1.868618e+01 9.995753e-01
1.907991e+01 9.996433e-01
1.948151e+01 9.996926e-01
1.989114e+01 9.997274e-01
2.030896e+01 9.997476e-01
2.073514e+01 9.997618e-01
2.116984e+01 9.997709e-01
2.161324e+01 9.99778e-01
2.206550e+01 9.997813e-01
2.252681e+01 9.99786e-01
2.299735e+01 9.997859e-01
2.34773e+01 9.997859e-01
2.396684e+01 9.997854e-01
2.446618e+01 9.997849e-01
2.497550e+01 9.997849e-01
2.549501e+01 9.997849e-01
2.602491e+01 9.997848e-01
2.656541e+01 9.997848e-01
2.711672e+01 9.997846e-01
2.767905e+01 9.997846e-01
2.825263e+01 9.997845e-01
2.883769e+01 9.997845e-01
2.943444e+01 9.997845e-01
3.004313e+01 9.997807e-01
3.066399e+01 9.997807e-01
3.129727e+01 9.997806e-01
3.194322e+01 9.997805e-01
3.260208e+01 9.997803e-01
3.327412e+01 9.997803e-01
3.395961e+01 9.997802e-01
3.46588e+01 9.997802e-01
3.537197e+01 9.997802e-01
