5.0,0.01570796326794897,0.0
5.0,0.023462558633972192,0.0
5.0,0.03503514218779029,0.0
5.0,0.05263150808357201,0.0
5.0,0.0731423493547288,0.0
5.0,0.1025927647713422,0.0
5.0,0.14481159820038791,0.0
5.0,0.20234603287313824,0.0
5.0,0.2834245013168247,0.0
5.0,0.3967448265966417,0.0
5.0,0.5552782518837672,0.0
5.0,0.7774818770639701,0.0
5.0,1.0884445474248694,0.0
5.0,1.5237112672761537,0.0
5.0,2.088426337077478,0.0
5.0,2.685504776398588,0.0
5.12,0.01570796326794897,0.0
5.12,0.023462558633972192,0.0
5.12,0.03503514218779029,0.0
5.12,0.05263150808357201,0.0
5.12,0.0731423493547288,0.0
5.12,0.1025927647713422,0.0
5.12,0.14481159820038791,0.0
5.12,0.20234603287313824,0.0
5.12,0.2834245013168247,0.0
5.12,0.3967448265966417,0.0
5.12,0.5552782518837672,0.0
5.12,0.7774818770639701,0.0
5.12,1.0884445474248694,0.0
5.12,1.5237112672761537,0.0
5.12,2.088426337077478,0.0
5.12,2.685504776398588,0.0
5.2424,0.01570796326794897,0.0
5.2424,0.023462558633972192,0.0
5.2424,0.03503514218779029,0.0
5.2424,0.05263150808357201,0.0
5.2424,0.0731423493547288,0.0
5.2424,0.1025927647713422,0.0
5.2424,0.14481159820038791,0.0
5.2424,0.20234603287313824,0.0
5.2424,0.2834245013168247,0.0
5.2424,0.3967448265966417,0.0
5.2424,0.5552782518837672,0.0
5.2424,0.7774818770639701,0.0
5.2424,1.0884445474248694,0.0
5.2424,1.5237112672761537,0.0
5.2424,2.088426337077478,0.0
5.2424,2.685504776398588,0.0
5.367248,0.01570796326794897,0.0
5.367248,0.023462558633972192,0.0
5.367248,0.03503514218779029,0.0
5.367248,0.05263150808357201,0.0
5.367248,0.0731423493547288,0.0
5.367248,0.1025927647713422,0.0
5.367248,0.14481159820038791,0.0
5.367248,0.20234603287313824,0.0
5.367248,0.2834245013168247,0.0
5.367248,0.3967448265966417,0.0
5.367248,0.5552782518837672,0.0
5.367248,0.7774818770639701,0.0
5.367248,1.0884445474248694,0.0
5.367248,1.5237112672761537,0.0
5.367248,2.088426337077478,0.0
5.367248,2.685504776398588,0.0
5.49459296,0.01570796326794897,0.0
5.49459296,0.023462558633972192,0.0
5.49459296,0.03503514218779029,0.0
5.49459296,0.05263150808357201,0.0
5.49459296,0.0731423493547288,0.0
5.49459296,0.1025927647713422,0.0
5.49459296,0.14481159820038791,0.0
5.49459296,0.20234603287313824,0.0
5.49459296,0.2834245013168247,0.0
5.49459296,0.3967448265966417,0.0
5.49459296,0.5552782518837672,0.0
5.49459296,0.7774818770639701,0.0
5.49459296,1.0884445474248694,0.0
5.49459296,1.5237112672761537,0.0
5.49459296,2.088426337077478,0.0
5.49459296,2.685504776398588,0.0
5.624484819199999,0.01570796326794897,0.0
5.624484819199999,0.023462558633972192,0.0
5.624484819199999,0.03503514218779029,0.0
5.624484819199999,0.05263150808357201,0.0
5.624484819199999,0.0731423493547288,0.0
5.624484819199999,0.1025927647713422,0.0
5.624484819199999,0.14481159820038791,0.0
5.624484819199999,0.20234603287313824,0.0
5.624484819199999,0.2834245013168247,0.0
5.624484819199999,0.3967448265966417,0.0
5.624484819199999,0.5552782518837672,0.0
5.624484819199999,0.7774818770639701,0.0
5.624484819199999,1.0884445474248694,0.0
5.624484819199999,1.5237112672761537,0.0
5.624484819199999,2.088426337077478,0.0
5.624484819199999,2.685504776398588,0.0
5.756974515584,0.01570796326794897,0.0
5.756974515584,0.023462558633972192,0.0
5.756974515584,0.03503514218779029,0.0
5.756974515584,0.05263150808357201,0.0
5.756974515584,0.0731423493547288,0.0
5.756974515584,0.1025927647713422,0.0
5.756974515584,0.14481159820038791,0.0
5.756974515584,0.20234603287313824,0.0
5.756974515584,0.2834245013168247,0.0
5.756974515584,0.3967448265966417,0.0
5.756974515584,0.5552782518837672,0.0
5.756974515584,0.7774818770639701,0.0
5.756974515584,1.0884445474248694,0.0
5.756974515584,1.5237112672761537,0.0
5.756974515584,2.088426337077478,0.0
5.756974515584,2.685504776398588,0.0
5.89211400589568,0.01570796326794897,0.0
5.89211400589568,0.023462558633972192,0.0
5.89211400589568,0.03503514218779029,0.0
5.89211400589568,0.05263150808357201,0.0
5.89211400589568,0.0731423493547288,0.0
5.89211400589568,0.1025927647713422,0.0
5.89211400589568,0.14481159820038791,0.0
5.89211400589568,0.20234603287313824,0.0
5.89211400589568,0.2834245013168247,0.0
5.89211400589568,0.3967448265966417,0.0
5.89211400589568,0.5552782518837672,0.0
5.89211400589568,0.7774818770639701,0.0
5.89211400589568,1.0884445474248694,0.0
5.89211400589568,1.5237112672761537,0.0
5.89211400589568,2.088426337077478,0.0
5.89211400589568,2.685504776398588,0.0
6.029956286013594,0.01570796326794897,0.0
6.029956286013594,0.023462558633972192,0.0
6.029956286013594,0.03503514218779029,0.0
6.029956286013594,0.05263150808357201,0.0
6.029956286013594,0.0731423493547288,0.0
6.029956286013594,0.1025927647713422,0.0
6.029956286013594,0.14481159820038791,0.0
6.029956286013594,0.20234603287313824,0.0
6.029956286013594,0.2834245013168247,0.0
6.029956286013594,0.3967448265966417,0.0
6.029956286013594,0.5552782518837672,0.0
6.029956286013594,0.7774818770639701,0.0
6.029956286013594,1.0884445474248694,0.0
6.029956286013594,1.5237112672761537,0.0
6.029956286013594,2.088426337077478,0.0
6.029956286013594,2.685504776398588,0.0
6.170555411733866,0.01570796326794897,0.0
6.170555411733866,0.023462558633972192,0.0
6.170555411733866,0.03503514218779029,0.0
6.170555411733866,0.05263150808357201,0.0
6.170555411733866,0.0731423493547288,0.0
6.170555411733866,0.1025927647713422,0.0
6.170555411733866,0.14481159820038791,0.0
6.170555411733866,0.20234603287313824,0.0
6.170555411733866,0.2834245013168247,0.0
6.170555411733866,0.3967448265966417,0.0
6.170555411733866,0.5552782518837672,0.0
6.170555411733866,0.7774818770639701,0.0
6.170555411733866,1.0884445474248694,0.0
6.170555411733866,1.5237112672761537,0.0
6.170555411733866,2.088426337077478,0.0
6.170555411733866,2.685504776398588,0.0
6.313966519968544,0.01570796326794897,0.0
6.313966519968544,0.023462558633972192,0.0
6.313966519968544,0.03503514218779029,0.0
6.313966519968544,0.05263150808357201,0.0
6.313966519968544,0.0731423493547288,0.0
6.313966519968544,0.1025927647713422,0.0
6.313966519968544,0.14481159820038791,0.0
6.313966519968544,0.20234603287313824,0.0
6.313966519968544,0.2834245013168247,0.0
6.313966519968544,0.3967448265966417,0.0
6.313966519968544,0.5552782518837672,0.0
6.313966519968544,0.7774818770639701,0.0
6.313966519968544,1.0884445474248694,0.0
6.313966519968544,1.5237112672761537,0.0
6.313966519968544,2.088426337077478,0.0
6.313966519968544,2.685504776398588,0.0
6.460245850367914,0.01570796326794897,0.0
6.460245850367914,0.023462558633972192,0.0
6.460245850367914,0.03503514218779029,0.0
6.460245850367914,0.05263150808357201,0.0
6.460245850367914,0.0731423493547288,0.0
6.460245850367914,0.1025927647713422,0.0
6.460245850367914,0.14481159820038791,0.0
6.460245850367914,0.20234603287313824,0.0
6.460245850367914,0.2834245013168247,0.0
6.460245850367914,0.3967448265966417,0.0
6.460245850367914,0.5552782518837672,0.0
6.460245850367914,0.7774818770639701,0.0
6.460245850367914,1.0884445474248694,0.0
6.460245850367914,1.5237112672761537,0.0
6.460245850367914,2.088426337077478,0.0
6.460245850367914,2.685504776398588,0.0
6.6094507673752725,0.01570796326794897,0.0
6.6094507673752725,0.023462558633972192,0.0
6.6094507673752725,0.03503514218779029,0.0
6.6094507673752725,0.05263150808357201,0.0
6.6094507673752725,0.0731423493547288,0.0
6.6094507673752725,0.1025927647713422,0.0
6.6094507673752725,0.14481159820038791,0.0
6.6094507673752725,0.20234603287313824,0.0
6.6094507673752725,0.2834245013168247,0.0
6.6094507673752725,0.3967448265966417,0.0
6.6094507673752725,0.5552782518837672,0.0
6.6094507673752725,0.7774818770639701,0.0
6.6094507673752725,1.0884445474248694,0.0
6.6094507673752725,1.5237112672761537,0.0
6.6094507673752725,2.088426337077478,0.0
6.6094507673752725,2.685504776398588,0.0
6.761639782722777,0.01570796326794897,0.0
6.761639782722777,0.023462558633972192,0.0
6.761639782722777,0.03503514218779029,0.0
6.761639782722777,0.05263150808357201,0.0
6.761639782722777,0.0731423493547288,0.0
6.761639782722777,0.1025927647713422,0.0
6.761639782722777,0.14481159820038791,0.0
6.761639782722777,0.20234603287313824,0.0
6.761639782722777,0.2834245013168247,0.0
6.761639782722777,0.3967448265966417,0.0
6.761639782722777,0.5552782518837672,0.0
6.761639782722777,0.7774818770639701,0.0
6.761639782722777,1.0884445474248694,0.0
6.761639782722777,1.5237112672761537,0.0
6.761639782722777,2.088426337077478,0.0
6.761639782722777,2.685504776398588,0.0
6.916872578377234,0.01570796326794897,-4.522849971580538e-05
6.916872578377234,0.023462558633972192,-0.00019879370687190016
6.916872578377234,0.03503514218779029,-0.00014676579044646472
6.916872578377234,0.05263150808357201,-6.375007712260337e-05
6.916872578377234,0.0731423493547288,-0.00015788216745684362
6.916872578377234,0.1025927647713422,-0.00013775856567377904
6.916872578377234,0.14481159820038791,-0.00012272415499148934
6.916872578377234,0.20234603287313824,-0.00011538665100547351
6.916872578377234,0.2834245013168247,-0.00013426218213241246
6.916872578377234,0.3967448265966417,-0.00011252658148113788
6.916872578377234,0.5552782518837672,-0.00011137570988359292
6.916872578377234,0.7774818770639701,-7.440740154797775e-05
6.916872578377234,1.0884445474248694,-7.384770463287736e-05
6.916872578377234,1.5237112672761537,-7.27279985565595e-05
6.916872578377234,2.088426337077478,-8.174035290860848e-05
6.916872578377234,2.685504776398588,-8.950346897505821e-05
7.075210029944778,0.01570796326794897,-0.00016124106593958746
7.075210029944778,0.023462558633972192,-0.0008230185865592435
7.075210029944778,0.03503514218779029,-0.0005815081064075729
7.075210029944778,0.05263150808357201,-0.000770867994565735
7.075210029944778,0.0731423493547288,-0.0010660182591539983
7.075210029944778,0.1025927647713422,-0.0012792816019675493
7.075210029944778,0.14481159820038791,-0.0010181502319626047
7.075210029944778,0.20234603287313824,-0.0011213999511334382
7.075210029944778,0.2834245013168247,-0.0009775173782450078
7.075210029944778,0.3967448265966417,-0.0009747692688795617
7.075210029944778,0.5552782518837672,-0.0008471385874078948
7.075210029944778,0.7774818770639701,-0.0006646057219579492
7.075210029944778,1.0884445474248694,-0.0005822235681995973
7.075210029944778,1.5237112672761537,-0.0005788627366067197
7.075210029944778,2.088426337077478,-0.0006305099555406883
7.075210029944778,2.685504776398588,-0.0006395718116575565
7.236714230543676,0.01570796326794897,-0.00020560768636357016
7.236714230543676,0.023462558633972192,-0.0015574664274611626
7.236714230543676,0.03503514218779029,-0.00115170026726226
7.236714230543676,0.05263150808357201,-0.002219508589663233
7.236714230543676,0.0731423493547288,-0.0031866149511638213
7.236714230543676,0.1025927647713422,-0.003369442483244437
7.236714230543676,0.14481159820038791,-0.0033496071705168074
7.236714230543676,0.20234603287313824,-0.003244134258131445
7.236714230543676,0.2834245013168247,-0.003228978449305685
7.236714230543676,0.3967448265966417,-0.002833404219758564
7.236714230543676,0.5552782518837672,-0.002491328382078936
7.236714230543676,0.7774818770639701,-0.002021325385421375
7.236714230543676,1.0884445474248694,-0.0017620782414478051
7.236714230543676,1.5237112672761537,-0.0017485233309978425
7.236714230543676,2.088426337077478,-0.0018751237648513398
7.236714230543676,2.685504776398588,-0.0018991724452074152
7.401448515154549,0.01570796326794897,-0.0002337096066312168
7.401448515154549,0.023462558633972192,-0.002091777143366066
7.401448515154549,0.03503514218779029,-0.0016918338734090454
7.401448515154549,0.05263150808357201,-0.004244213402587135
7.401448515154549,0.0731423493547288,-0.006911438928246571
7.401448515154549,0.1025927647713422,-0.006986756416980663
7.401448515154549,0.14481159820038791,-0.007497637818302314
7.401448515154549,0.20234603287313824,-0.007422610088011887
7.401448515154549,0.2834245013168247,-0.007144365605729631
7.401448515154549,0.3967448265966417,-0.006456557488468228
7.401448515154549,0.5552782518837672,-0.0055195813001975924
7.401448515154549,0.7774818770639701,-0.004636782172699001
7.401448515154549,1.0884445474248694,-0.003996769082609178
7.401448515154549,1.5237112672761537,-0.003844132272746888
7.401448515154549,2.088426337077478,-0.004101542448697372
7.401448515154549,2.685504776398588,-0.0041257626027032274
7.5694774854576385,0.01570796326794897,-0.00026179280894573386
7.5694774854576385,0.023462558633972192,-0.0024687954041606123
7.5694774854576385,0.03503514218779029,-0.0021542908802598152
7.5694774854576385,0.05263150808357201,-0.006091698320240955
7.5694774854576385,0.0731423493547288,-0.0110503796947472
7.5694774854576385,0.1025927647713422,-0.011621440467401996
7.5694774854576385,0.14481159820038791,-0.013137018716334534
7.5694774854576385,0.20234603287313824,-0.013238693184087456
7.5694774854576385,0.2834245013168247,-0.012756053948129849
7.5694774854576385,0.3967448265966417,-0.011468518688172051
7.5694774854576385,0.5552782518837672,-0.010032134117516422
7.5694774854576385,0.7774818770639701,-0.008437280286192426
7.5694774854576385,1.0884445474248694,-0.007267839318714358
7.5694774854576385,1.5237112672761537,-0.006872711119211476
7.5694774854576385,2.088426337077478,-0.007225257795646638
7.5694774854576385,2.685504776398588,-0.007129363592169256
7.740867035166793,0.01570796326794897,-0.00028788361479404814
7.740867035166793,0.023462558633972192,-0.002283321588989134
7.740867035166793,0.03503514218779029,-0.002521401549901236
7.740867035166793,0.05263150808357201,-0.007468054415566437
7.740867035166793,0.0731423493547288,-0.014305590654513431
7.740867035166793,0.1025927647713422,-0.015727999669884883
7.740867035166793,0.14481159820038791,-0.018173821266975157
7.740867035166793,0.20234603287313824,-0.01912083793261565
7.740867035166793,0.2834245013168247,-0.018477701986359164
7.740867035166793,0.3967448265966417,-0.017127370103011432
7.740867035166793,0.5552782518837672,-0.015122619606675087
7.740867035166793,0.7774818770639701,-0.012740749198908913
7.740867035166793,1.0884445474248694,-0.01088144759168882
7.740867035166793,1.5237112672761537,-0.010102245201362957
7.740867035166793,2.088426337077478,-0.010520402886537857
7.740867035166793,2.685504776398588,-0.010323872826747146
7.915684375870128,0.01570796326794897,-0.00028996666490576083
7.915684375870128,0.023462558633972192,-0.0021092975315412264
7.915684375870128,0.03503514218779029,-0.0026149673031902925
7.915684375870128,0.05263150808357201,-0.007608356677607316
7.915684375870128,0.0731423493547288,-0.016219717955260282
7.915684375870128,0.1025927647713422,-0.018561447192164418
7.915684375870128,0.14481159820038791,-0.021760268425502213
7.915684375870128,0.20234603287313824,-0.02408602140905381
7.915684375870128,0.2834245013168247,-0.02366956737559136
7.915684375870128,0.3967448265966417,-0.022221891000233
7.915684375870128,0.5552782518837672,-0.01981189916431126
7.915684375870128,0.7774818770639701,-0.01684799017575566
7.915684375870128,1.0884445474248694,-0.014262332288165147
7.915684375870128,1.5237112672761537,-0.013110107759837644
7.915684375870128,2.088426337077478,-0.013408828076534741
7.915684375870128,2.685504776398588,-0.01295709335190622
8.093998063387529,0.01570796326794897,-0.0002901139322926156
8.093998063387529,0.023462558633972192,-0.0018592051081140148
8.093998063387529,0.03503514218779029,-0.0025162999375367037
8.093998063387529,0.05263150808357201,-0.007237818450767191
8.093998063387529,0.0731423493547288,-0.016491995427034396
8.093998063387529,0.1025927647713422,-0.020052165073648164
8.093998063387529,0.14481159820038791,-0.024280440016281702
8.093998063387529,0.20234603287313824,-0.027673714831980414
8.093998063387529,0.2834245013168247,-0.02781964007485984
8.093998063387529,0.3967448265966417,-0.026708203462037408
8.093998063387529,0.5552782518837672,-0.024032935874790613
8.093998063387529,0.7774818770639701,-0.02060207794653312
8.093998063387529,1.0884445474248694,-0.017350381847989458
8.093998063387529,1.5237112672761537,-0.01584681307731884
8.093998063387529,2.088426337077478,-0.01594666036227345
8.093998063387529,2.685504776398588,-0.01522848469013036
8.275878024655281,0.01570796326794897,-0.0002581912788670396
8.275878024655281,0.023462558633972192,-0.0016746427647841835
8.275878024655281,0.03503514218779029,-0.002249319860404145
8.275878024655281,0.05263150808357201,-0.006579017793369387
8.275878024655281,0.0731423493547288,-0.015616432876255745
8.275878024655281,0.1025927647713422,-0.020243135267837074
8.275878024655281,0.14481159820038791,-0.025357598784022047
8.275878024655281,0.20234603287313824,-0.029904329393952864
8.275878024655281,0.2834245013168247,-0.030782599990488393
8.275878024655281,0.3967448265966417,-0.03020641034770675
8.275878024655281,0.5552782518837672,-0.02754575748888612
8.275878024655281,0.7774818770639701,-0.02375546790675153
8.275878024655281,1.0884445474248694,-0.02005995905008249
8.275878024655281,1.5237112672761537,-0.01815835261589144
8.275878024655281,2.088426337077478,-0.01806982860700689
8.275878024655281,2.685504776398588,-0.017085783214127428
8.461395585148386,0.01570796326794897,-0.00022918166243445805
8.461395585148386,0.023462558633972192,-0.0015329245231029158
8.461395585148386,0.03503514218779029,-0.0020017173187205964
8.461395585148386,0.05263150808357201,-0.005898492950082918
8.461395585148386,0.0731423493547288,-0.014305212900383968
8.461395585148386,0.1025927647713422,-0.019348622184797097
8.461395585148386,0.14481159820038791,-0.025289189724736167
8.461395585148386,0.20234603287313824,-0.03095639487933597
8.461395585148386,0.2834245013168247,-0.03265460409592326
8.461395585148386,0.3967448265966417,-0.032739607938258364
8.461395585148386,0.5552782518837672,-0.03026398693002093
8.461395585148386,0.7774818770639701,-0.02632877403271337
8.461395585148386,1.0884445474248694,-0.02224494002983412
8.461395585148386,1.5237112672761537,-0.02010858531376113
8.461395585148386,2.088426337077478,-0.01976627894757477
8.461395585148386,2.685504776398588,-0.018543350244942983
8.650623496851354,0.01570796326794897,-0.000201781579044078
8.650623496851354,0.023462558633972192,-0.001376962942456061
8.650623496851354,0.03503514218779029,-0.0017816133524302762
8.650623496851354,0.05263150808357201,-0.005294202400012469
8.650623496851354,0.0731423493547288,-0.01285728424223421
8.650623496851354,0.1025927647713422,-0.017910651901726974
8.650623496851354,0.14481159820038791,-0.024285700736663945
8.650623496851354,0.20234603287313824,-0.030929327564792795
8.650623496851354,0.2834245013168247,-0.03351805292407607
8.650623496851354,0.3967448265966417,-0.03422859986183524
8.650623496851354,0.5552782518837672,-0.032199900853686785
8.650623496851354,0.7774818770639701,-0.028308859451522755
8.650623496851354,1.0884445474248694,-0.023997281535753825
8.650623496851354,1.5237112672761537,-0.02161244094631384
8.650623496851354,2.088426337077478,-0.02111671407674121
8.650623496851354,2.685504776398588,-0.019566446078402053
8.843635966788382,0.01570796326794897,-0.00018102904071465263
8.843635966788382,0.023462558633972192,-0.0012159107023128296
8.843635966788382,0.03503514218779029,-0.0015909590098890445
8.843635966788382,0.05263150808357201,-0.004724352186406493
8.843635966788382,0.0731423493547288,-0.011462064827098608
8.843635966788382,0.1025927647713422,-0.01628205841731381
8.843635966788382,0.14481159820038791,-0.022701313198529475
8.843635966788382,0.20234603287313824,-0.0299723647579164
8.843635966788382,0.2834245013168247,-0.033435725737512634
8.843635966788382,0.3967448265966417,-0.03484564106442601
8.843635966788382,0.5552782518837672,-0.03330525293797062
8.843635966788382,0.7774818770639701,-0.02965521532295207
8.843635966788382,1.0884445474248694,-0.025302660985047548
8.843635966788382,1.5237112672761537,-0.022730780976239533
8.843635966788382,2.088426337077478,-0.022103833917230496
8.843635966788382,2.685504776398588,-0.020324718043501205
9.04050868612415,0.01570796326794897,-0.00016109373847757373
9.04050868612415,0.023462558633972192,-0.0010651128259764194
9.04050868612415,0.03503514218779029,-0.001409917174660966
9.04050868612415,0.05263150808357201,-0.0041702664353419645
9.04050868612415,0.0731423493547288,-0.010089999220841991
9.04050868612415,0.1025927647713422,-0.014604150612076712
9.04050868612415,0.14481159820038791,-0.02087408489301034
9.04050868612415,0.20234603287313824,-0.028299984337989206
9.04050868612415,0.2834245013168247,-0.032574568527445315
9.04050868612415,0.3967448265966417,-0.034721394222424394
9.04050868612415,0.5552782518837672,-0.03378239580539568
9.04050868612415,0.7774818770639701,-0.030477194683566494
9.04050868612415,1.0884445474248694,-0.026156785083757232
9.04050868612415,1.5237112672761537,-0.023550463646209642
9.04050868612415,2.088426337077478,-0.022784539378359975
9.04050868612415,2.685504776398588,-0.020888866829525447
9.241318859846633,0.01570796326794897,-0.00014025845694349708
9.241318859846633,0.023462558633972192,-0.000932173826186866
9.241318859846633,0.03503514218779029,-0.0012481781383185812
9.241318859846633,0.05263150808357201,-0.0036816359740121547
9.241318859846633,0.0731423493547288,-0.008859009611846717
9.241318859846633,0.1025927647713422,-0.01299248064499013
9.241318859846633,0.14481159820038791,-0.018874256003913296
9.241318859846633,0.20234603287313824,-0.026212140616199853
9.241318859846633,0.2834245013168247,-0.031080089594163283
9.241318859846633,0.3967448265966417,-0.03388104486193269
9.241318859846633,0.5552782518837672,-0.03364326113577699
9.241318859846633,0.7774818770639701,-0.030769397083219057
9.241318859846633,1.0884445474248694,-0.02660644339627955
9.241318859846633,1.5237112672761537,-0.02404241378760008
9.241318859846633,2.088426337077478,-0.023234430388391868
9.241318859846633,2.685504776398588,-0.021145111386146963
9.446145237043565,0.01570796326794897,-0.00012247088825429194
9.446145237043565,0.023462558633972192,-0.0008213851167091594
9.446145237043565,0.03503514218779029,-0.001108961246537719
9.446145237043565,0.05263150808357201,-0.003234438813227806
9.446145237043565,0.0731423493547288,-0.007759292643280144
9.446145237043565,0.1025927647713422,-0.01147001559580724
9.446145237043565,0.14481159820038791,-0.01687151938671676
9.446145237043565,0.20234603287313824,-0.02394483612006071
9.446145237043565,0.2834245013168247,-0.02912812173693188
9.446145237043565,0.3967448265966417,-0.03248276188776684
9.446145237043565,0.5552782518837672,-0.03292414176659382
9.446145237043565,0.7774818770639701,-0.030484469643696107
9.446145237043565,1.0884445474248694,-0.026690905316405483
9.446145237043565,1.5237112672761537,-0.02421684570573863
9.446145237043565,2.088426337077478,-0.02338884689138332
9.446145237043565,2.685504776398588,-0.021193324021000826
9.655068141784435,0.01570796326794897,-0.00010854944723111416
9.655068141784435,0.023462558633972192,-0.0007205021053694589
9.655068141784435,0.03503514218779029,-0.0009813737822331838
9.655068141784435,0.05263150808357201,-0.0028404701317874107
9.655068141784435,0.0731423493547288,-0.006787478910677618
9.655068141784435,0.1025927647713422,-0.010097428607863113
9.655068141784435,0.14481159820038791,-0.01497346915547846
9.655068141784435,0.20234603287313824,-0.02160500727562141
9.655068141784435,0.2834245013168247,-0.02688619110609948
9.655068141784435,0.3967448265966417,-0.030669446624545533
9.655068141784435,0.5552782518837672,-0.031663545769104635
9.655068141784435,0.7774818770639701,-0.029762204012333794
9.655068141784435,1.0884445474248694,-0.02639184702449801
9.655068141784435,1.5237112672761537,-0.024082080758894037
9.655068141784435,2.088426337077478,-0.02332536958399421
9.655068141784435,2.685504776398588,-0.02101221276254999
9.868169504620123,0.01570796326794897,-9.672277178791923e-05
9.868169504620123,0.023462558633972192,-0.0006338933775547524
9.868169504620123,0.03503514218779029,-0.0008686382451331924
9.868169504620123,0.05263150808357201,-0.002488974207145368
9.868169504620123,0.0731423493547288,-0.005930929995002962
9.868169504620123,0.1025927647713422,-0.00886216337968781
9.868169504620123,0.14481159820038791,-0.013208491714405834
9.868169504620123,0.20234603287313824,-0.019311761885535485
9.868169504620123,0.2834245013168247,-0.024485668637584442
9.868169504620123,0.3967448265966417,-0.028544194649794
9.868169504620123,0.5552782518837672,-0.030046961689721808
9.868169504620123,0.7774818770639701,-0.028715760685627107
9.868169504620123,1.0884445474248694,-0.025844963513366917
9.868169504620123,1.5237112672761537,-0.023787463280467533
9.868169504620123,2.088426337077478,-0.02307211598154013
9.868169504620123,2.685504776398588,-0.02065241775835424
10.085532894712527,0.01570796326794897,-8.449152198036372e-05
10.085532894712527,0.023462558633972192,-0.0005588222950404113
10.085532894712527,0.03503514218779029,-0.0007630496310033072
10.085532894712527,0.05263150808357201,-0.0021691786356607587
10.085532894712527,0.0731423493547288,-0.005169371758740703
10.085532894712527,0.1025927647713422,-0.007736520154633775
10.085532894712527,0.14481159820038791,-0.01158735355882559
10.085532894712527,0.20234603287313824,-0.01713510311590726
10.085532894712527,0.2834245013168247,-0.022071103535324998
10.085532894712527,0.3967448265966417,-0.02625403617889421
10.085532894712527,0.5552782518837672,-0.028164746335592763
10.085532894712527,0.7774818770639701,-0.02738379678962683
10.085532894712527,1.0884445474248694,-0.0250356933589688
10.085532894712527,1.5237112672761537,-0.023241314902795792
10.085532894712527,2.088426337077478,-0.022607499840109763
10.085532894712527,2.685504776398588,-0.020265304873925225
10.30724355260678,0.01570796326794897,-7.319175779622128e-05
10.30724355260678,0.023462558633972192,-0.0004906589607481188
10.30724355260678,0.03503514218779029,-0.0006678389194330347
10.30724355260678,0.05263150808357201,-0.0018819548809449148
10.30724355260678,0.0731423493547288,-0.004491506700676196
10.30724355260678,0.1025927647713422,-0.0067386096900371355
10.30724355260678,0.14481159820038791,-0.010113927466626432
10.30724355260678,0.20234603287313824,-0.015079079862545863
10.30724355260678,0.2834245013168247,-0.01971211071887662
10.30724355260678,0.3967448265966417,-0.023895554063449412
10.30724355260678,0.5552782518837672,-0.02610021693125629
10.30724355260678,0.7774818770639701,-0.02583906173479588
10.30724355260678,1.0884445474248694,-0.02398441809789944
10.30724355260678,1.5237112672761537,-0.022490924438733496
10.30724355260678,2.088426337077478,-0.022029791502641196
10.30724355260678,2.685504776398588,-0.0195904950671612
10.533388423658916,0.01570796326794897,-6.345351710760987e-05
10.533388423658916,0.023462558633972192,-0.0004280845660579656
10.533388423658916,0.03503514218779029,-0.0005763774312339474
10.533388423658916,0.05263150808357201,-0.0016329711717556733
10.533388423658916,0.0731423493547288,-0.003886612932146761
10.533388423658916,0.1025927647713422,-0.005846206576903611
10.533388423658916,0.14481159820038791,-0.008777467410773733
10.533388423658916,0.20234603287313824,-0.013173512102387423
10.533388423658916,0.2834245013168247,-0.017465941920888604
10.533388423658916,0.3967448265966417,-0.021531974085186808
10.533388423658916,0.5552782518837672,-0.0239553814236504
10.533388423658916,0.7774818770639701,-0.024126953796817018
10.533388423658916,1.0884445474248694,-0.022736796035111074
10.533388423658916,1.5237112672761537,-0.02160758402612014
10.533388423658916,2.088426337077478,-0.021256709378049337
10.533388423658916,2.685504776398588,-0.018812086572315652
10.764056192132092,0.01570796326794897,-5.584195576951521e-05
10.764056192132092,0.023462558633972192,-0.0003707340489909079
10.764056192132092,0.03503514218779029,-0.0004968335773915251
10.764056192132092,0.05263150808357201,-0.001407233097639194
10.764056192132092,0.0731423493547288,-0.003352600990175686
10.764056192132092,0.1025927647713422,-0.005046650477013834
10.764056192132092,0.14481159820038791,-0.007593252910265314
10.764056192132092,0.20234603287313824,-0.011454513880642269
10.764056192132092,0.2834245013168247,-0.015367922947366103
10.764056192132092,0.3967448265966417,-0.019225923815171717
10.764056192132092,0.5552782518837672,-0.021743334741942257
10.764056192132092,0.7774818770639701,-0.02231367976310102
10.764056192132092,1.0884445474248694,-0.021363322971826592
10.764056192132092,1.5237112672761537,-0.02056632530950692
10.764056192132092,2.088426337077478,-0.020383669441093343
10.764056192132092,2.685504776398588,-0.017900036028813626
10.999337315974737,0.01570796326794897,-4.889169633161728e-05
10.999337315974737,0.023462558633972192,-0.00031919880346487685
10.999337315974737,0.03503514218779029,-0.0004281499015721884
10.999337315974737,0.05263150808357201,-0.0012138814440227628
10.999337315974737,0.0731423493547288,-0.002885804314962305
10.999337315974737,0.1025927647713422,-0.004350478866353362
10.999337315974737,0.14481159820038791,-0.0065509423405399995
10.999337315974737,0.20234603287313824,-0.00990862801608653
10.999337315974737,0.2834245013168247,-0.013440935858339793
10.999337315974737,0.3967448265966417,-0.017025867640836502
10.999337315974737,0.5552782518837672,-0.019562962184832472
10.999337315974737,0.7774818770639701,-0.020416827892555386
10.999337315974737,1.0884445474248694,-0.019898287080638517
10.999337315974737,1.5237112672761537,-0.019426034921360705
10.999337315974737,2.088426337077478,-0.019406348979535512
10.999337315974737,2.685504776398588,-0.016967516972022086
11.23932406229423,0.01570796326794897,-4.225351587159431e-05
11.23932406229423,0.023462558633972192,-0.00027136079905019125
11.23932406229423,0.03503514218779029,-0.0003679409887305648
11.23932406229423,0.05263150808357201,-0.0010392228066065329
11.23932406229423,0.0731423493547288,-0.002476167829966853
11.23932406229423,0.1025927647713422,-0.003737362823565826
11.23932406229423,0.14481159820038791,-0.005639290158031943
11.23932406229423,0.20234603287313824,-0.008541285980852489
11.23932406229423,0.2834245013168247,-0.01167204904040047
11.23932406229423,0.3967448265966417,-0.01495918028617349
11.23932406229423,0.5552782518837672,-0.017453197358036132
11.23932406229423,0.7774818770639701,-0.01854833788251522
11.23932406229423,1.0884445474248694,-0.018386897156908742
11.23932406229423,1.5237112672761537,-0.018247068538918356
11.23932406229423,2.088426337077478,-0.01832870351424691
11.23932406229423,2.685504776398588,-0.016065496833864032
11.484110543540115,0.01570796326794897,-3.630469456205944e-05
11.484110543540115,0.023462558633972192,-0.00023001909897178564
11.484110543540115,0.03503514218779029,-0.00031605984728926034
11.484110543540115,0.05263150808357201,-0.0008876774521591061
11.484110543540115,0.0731423493547288,-0.00212152580902334
11.484110543540115,0.1025927647713422,-0.0031938642220620613
11.484110543540115,0.14481159820038791,-0.004829370693727257
11.484110543540115,0.20234603287313824,-0.007334199657627775
11.484110543540115,0.2834245013168247,-0.010068717038237135
11.484110543540115,0.3967448265966417,-0.013034516019330469
11.484110543540115,0.5552782518837672,-0.015425453784386747
11.484110543540115,0.7774818770639701,-0.01668690506837366
11.484110543540115,1.0884445474248694,-0.016863887883254113
11.484110543540115,1.5237112672761537,-0.016960379333283784
11.484110543540115,2.088426337077478,-0.01716329107546201
11.484110543540115,2.685504776398588,-0.015027851265839259
11.733792754410914,0.01570796326794897,-3.1238673899651057e-05
11.733792754410914,0.023462558633972192,-0.0001944410525337801
11.733792754410914,0.03503514218779029,-0.0002702246235751091
11.733792754410914,0.05263150808357201,-0.000754797065951978
11.733792754410914,0.0731423493547288,-0.0018108513257149433
11.733792754410914,0.1025927647713422,-0.002716106522005844
11.733792754410914,0.14481159820038791,-0.0041209237391317075
11.733792754410914,0.20234603287313824,-0.006264632762869385
11.733792754410914,0.2834245013168247,-0.008633266161156325
11.733792754410914,0.3967448265966417,-0.011285444223552977
11.733792754410914,0.5552782518837672,-0.013533813518201937
11.733792754410914,0.7774818770639701,-0.014879279068639263
11.733792754410914,1.0884445474248694,-0.015301050954990309
11.733792754410914,1.5237112672761537,-0.015643086140576846
11.733792754410914,2.088426337077478,-0.015955765198895785
11.733792754410914,2.685504776398588,-0.01390076157300872
11.988468609499135,0.01570796326794897,-2.612889866905407e-05
11.988468609499135,0.023462558633972192,-0.00016552634800218302
11.988468609499135,0.03503514218779029,-0.00022851437318157608
11.988468609499135,0.05263150808357201,-0.0006382975939911933
11.988468609499135,0.0731423493547288,-0.0015341913968954994
11.988468609499135,0.1025927647713422,-0.00230187103569468
11.988468609499135,0.14481159820038791,-0.003499489847630077
11.988468609499135,0.20234603287313824,-0.005321458146137049
11.988468609499135,0.2834245013168247,-0.007355199023456456
11.988468609499135,0.3967448265966417,-0.009694111149943944
11.988468609499135,0.5552782518837672,-0.011766437327907352
11.988468609499135,0.7774818770639701,-0.013170790836118806
11.988468609499135,1.0884445474248694,-0.01378497320657156
11.988468609499135,1.5237112672761537,-0.01430790506943414
11.988468609499135,2.088426337077478,-0.014656089162298476
11.988468609499135,2.685504776398588,-0.012774079266762477
12.248237981689115,0.01570796326794897,-2.193871911657112e-05
12.248237981689115,0.023462558633972192,-0.00014085240245204273
12.248237981689115,0.03503514218779029,-0.00019273411519430813
12.248237981689115,0.05263150808357201,-0.0005365524727982257
12.248237981689115,0.0731423493547288,-0.0012909862589304028
12.248237981689115,0.1025927647713422,-0.0019385281131678199
12.248237981689115,0.14481159820038791,-0.002949620187329402
12.248237981689115,0.20234603287313824,-0.004486446051111655
12.248237981689115,0.2834245013168247,-0.006226372407349929
12.248237981689115,0.3967448265966417,-0.008270566673405373
12.248237981689115,0.5552782518837672,-0.010139850708548587
12.248237981689115,0.7774818770639701,-0.011554586464510451
12.248237981689115,1.0884445474248694,-0.012307106906146816
12.248237981689115,1.5237112672761537,-0.012980409559859086
12.248237981689115,2.088426337077478,-0.013423806039328277
12.248237981689115,2.685504776398588,-0.011679685892335735
12.513202741322901,0.01570796326794897,-1.837126599397514e-05
12.513202741322901,0.023462558633972192,-0.00011782325549391331
12.513202741322901,0.03503514218779029,-0.00016148417604362725
12.513202741322901,0.05263150808357201,-0.00044867696008422177
12.513202741322901,0.0731423493547288,-0.001084857949186091
12.513202741322901,0.1025927647713422,-0.0016261199742512089
12.513202741322901,0.14481159820038791,-0.0024809715999517435
12.513202741322901,0.20234603287313824,-0.003769991072821275
12.513202741322901,0.2834245013168247,-0.005251840940081899
12.513202741322901,0.3967448265966417,-0.007011321792162772
12.513202741322901,0.5552782518837672,-0.008682776979835705
12.513202741322901,0.7774818770639701,-0.010066285129259807
12.513202741322901,1.0884445474248694,-0.010897792908025406
12.513202741322901,1.5237112672761537,-0.011666815952823513
12.513202741322901,2.088426337077478,-0.012174082978022815
12.513202741322901,2.685504776398588,-0.010607951164758718
12.783466796149359,0.01570796326794897,-1.4789741109015225e-05
12.783466796149359,0.023462558633972192,-9.876036212246569e-05
12.783466796149359,0.03503514218779029,-0.00013443069796597316
12.783466796149359,0.05263150808357201,-0.0003737672259704352
12.783466796149359,0.0731423493547288,-0.0009050969261966684
12.783466796149359,0.1025927647713422,-0.0013547940708148849
12.783466796149359,0.14481159820038791,-0.0020743248413255164
12.783466796149359,0.20234603287313824,-0.0031521233158718124
12.783466796149359,0.2834245013168247,-0.0044046585450132495
12.783466796149359,0.3967448265966417,-0.005901962615239955
12.783466796149359,0.5552782518837672,-0.007372647616358337
12.783466796149359,0.7774818770639701,-0.008684946358758432
12.783466796149359,1.0884445474248694,-0.009590165497376282
12.783466796149359,1.5237112672761537,-0.010429938675262398
12.783466796149359,2.088426337077478,-0.01099496366352224
12.783466796149359,2.685504776398588,-0.009611355505166707
13.059136132072346,0.01570796326794897,-1.2121133474840096e-05
13.059136132072346,0.023462558633972192,-8.150379614776213e-05
13.059136132072346,0.03503514218779029,-0.00011223318797329883
13.059136132072346,0.05263150808357201,-0.00031161348561173797
13.059136132072346,0.0731423493547288,-0.0007510779229213357
13.059136132072346,0.1025927647713422,-0.00112501076106734
13.059136132072346,0.14481159820038791,-0.0017294506811918768
13.059136132072346,0.20234603287313824,-0.0026204414650449976
13.059136132072346,0.2834245013168247,-0.0036773794933429374
13.059136132072346,0.3967448265966417,-0.004942550449404302
13.059136132072346,0.5552782518837672,-0.006218298245619423
13.059136132072346,0.7774818770639701,-0.007457563929476423
13.059136132072346,1.0884445474248694,-0.008376433233668698
13.059136132072346,1.5237112672761537,-0.009255407287470957
13.059136132072346,2.088426337077478,-0.009847379365244888
13.059136132072346,2.685504776398588,-0.008657549381323598
13.340318854713793,0.01570796326794897,-1.0246708778694476e-05
13.340318854713793,0.023462558633972192,-6.82762228412992e-05
13.340318854713793,0.03503514218779029,-9.196725532451867e-05
13.340318854713793,0.05263150808357201,-0.00025741504874678465
13.340318854713793,0.0731423493547288,-0.0006216488387481902
13.340318854713793,0.1025927647713422,-0.0009286748956284977
13.340318854713793,0.14481159820038791,-0.0014330830140755495
13.340318854713793,0.20234603287313824,-0.0021685652875327484
13.340318854713793,0.2834245013168247,-0.003050654607246406
13.340318854713793,0.3967448265966417,-0.004114751788628769
13.340318854713793,0.5552782518837672,-0.0052175823226365894
13.340318854713793,0.7774818770639701,-0.006347848800728642
13.340318854713793,1.0884445474248694,-0.00727515661998697
13.340318854713793,1.5237112672761537,-0.008160697433410644
13.340318854713793,2.088426337077478,-0.008797546151193276
13.340318854713793,2.685504776398588,-0.007762182063584777
13.627125231808071,0.01570796326794897,-8.378689696663554e-06
13.627125231808071,0.023462558633972192,-5.576884918063423e-05
13.627125231808071,0.03503514218779029,-7.579569709842117e-05
13.627125231808071,0.05263150808357201,-0.00021280297667439598
13.627125231808071,0.0731423493547288,-0.0005121932610286618
13.627125231808071,0.1025927647713422,-0.0007669237183440472
13.627125231808071,0.14481159820038791,-0.0011791536063090922
13.627125231808071,0.20234603287313824,-0.001784278326515153
13.627125231808071,0.2834245013168247,-0.002516408305434994
13.627125231808071,0.3967448265966417,-0.003402474690550153
13.627125231808071,0.5552782518837672,-0.004350119080044985
13.627125231808071,0.7774818770639701,-0.005371252541514168
13.627125231808071,1.0884445474248694,-0.006272137879755457
13.627125231808071,1.5237112672761537,-0.0071447030528610294
13.627125231808071,2.088426337077478,-0.007767504839089513
13.627125231808071,2.685504776398588,-0.0069268902077099966
13.91966773644423,0.01570796326794897,-6.796375695460182e-06
13.91966773644423,0.023462558633972192,-4.593824753823946e-05
13.91966773644423,0.03503514218779029,-6.196209038604572e-05
13.91966773644423,0.05263150808357201,-0.00017476322569289906
13.91966773644423,0.0731423493547288,-0.0004160617112533561
13.91966773644423,0.1025927647713422,-0.0006266247176667398
13.91966773644423,0.14481159820038791,-0.000964578567380018
13.91966773644423,0.20234603287313824,-0.0014611636494178415
13.91966773644423,0.2834245013168247,-0.0020612941398512204
13.91966773644423,0.3967448265966417,-0.002792162676894823
13.91966773644423,0.5552782518837672,-0.003598004719284933
13.91966773644423,0.7774818770639701,-0.004511375456686515
13.91966773644423,1.0884445474248694,-0.0053616684101023245
13.91966773644423,1.5237112672761537,-0.006228415814973556
13.91966773644423,2.088426337077478,-0.0068533094492192964
13.91966773644423,2.685504776398588,-0.006144348425399525
14.218061091173114,0.01570796326794897,-5.596945854827644e-06
14.218061091173114,0.023462558633972192,-3.751820720356315e-05
14.218061091173114,0.03503514218779029,-5.061314295430288e-05
14.218061091173114,0.05263150808357201,-0.00014221253914659452
14.218061091173114,0.0731423493547288,-0.0003384900890256324
14.218061091173114,0.1025927647713422,-0.0005114017579359356
14.218061091173114,0.14481159820038791,-0.0007868176581861652
14.218061091173114,0.20234603287313824,-0.0011906899481335966
14.218061091173114,0.2834245013168247,-0.0016850944408263505
14.218061091173114,0.3967448265966417,-0.0022825561653819913
14.218061091173114,0.5552782518837672,-0.002961520001668033
14.218061091173114,0.7774818770639701,-0.003765702875607693
14.218061091173114,1.0884445474248694,-0.004555838353748934
14.218061091173114,1.5237112672761537,-0.005383244444257889
14.218061091173114,2.088426337077478,-0.006001340390245271
14.218061091173114,2.685504776398588,-0.005404769636755278
14.52242231299658,0.01570796326794897,-4.554777827766777e-06
14.52242231299658,0.023462558633972192,-2.9750776215430065e-05
14.52242231299658,0.03503514218779029,-4.121292563190157e-05
14.52242231299658,0.05263150808357201,-0.00011501217060644656
14.52242231299658,0.0731423493547288,-0.00027380001074516565
14.52242231299658,0.1025927647713422,-0.00041253976832029575
14.52242231299658,0.14481159820038791,-0.0006356507195412032
14.52242231299658,0.20234603287313824,-0.000965128497925548
14.52242231299658,0.2834245013168247,-0.0013684013747485315
14.52242231299658,0.3967448265966417,-0.0018526403896408886
14.52242231299658,0.5552782518837672,-0.00242183074485789
14.52242231299658,0.7774818770639701,-0.0031262574828243217
14.52242231299658,1.0884445474248694,-0.0038458721591960398
14.52242231299658,1.5237112672761537,-0.004617485102729465
14.52242231299658,2.088426337077478,-0.005222461173143074
14.52242231299658,2.685504776398588,-0.004743714669876722
14.83287075925651,0.01570796326794897,-3.7826181064572265e-06
14.83287075925651,0.023462558633972192,-2.3878260274421814e-05
14.83287075925651,0.03503514218779029,-3.3157923204359505e-05
14.83287075925651,0.05263150808357201,-9.235074572622186e-05
14.83287075925651,0.0731423493547288,-0.00021940944936374562
14.83287075925651,0.1025927647713422,-0.000332242238062722
14.83287075925651,0.14481159820038791,-0.0005134508915044982
14.83287075925651,0.20234603287313824,-0.0007762635703467664
14.83287075925651,0.2834245013168247,-0.0011056600284061048
14.83287075925651,0.3967448265966417,-0.0014980323414976466
14.83287075925651,0.5552782518837672,-0.001971988778548733
14.83287075925651,0.7774818770639701,-0.0025753277880710764
14.83287075925651,1.0884445474248694,-0.0032188155767519998
14.83287075925651,1.5237112672761537,-0.003944152672828907
14.83287075925651,2.088426337077478,-0.004521914461951675
14.83287075925651,2.685504776398588,-0.00413824482335091
15.149528174441643,0.01570796326794897,-3.0360241544919063e-06
15.149528174441643,0.023462558633972192,-1.921102065835824e-05
15.149528174441643,0.03503514218779029,-2.6580876203747524e-05
15.149528174441643,0.05263150808357201,-7.447650419525961e-05
15.149528174441643,0.0731423493547288,-0.00017520536862338415
15.149528174441643,0.1025927647713422,-0.00026514464474203573
15.149528174441643,0.14481159820038791,-0.00041147298604792985
15.149528174441643,0.20234603287313824,-0.0006208441708601963
15.149528174441643,0.2834245013168247,-0.0008872853107141733
15.149528174441643,0.3967448265966417,-0.0012039080550184347
15.149528174441643,0.5552782518837672,-0.0015978728217828288
15.149528174441643,0.7774818770639701,-0.002113242301902656
15.149528174441643,1.0884445474248694,-0.0026818437058850862
15.149528174441643,1.5237112672761537,-0.0033405515892256147
15.149528174441643,2.088426337077478,-0.0038762585404369648
15.149528174441643,2.685504776398588,-0.003577047668953965
15.472518737930475,0.01570796326794897,-2.417888290464633e-06
15.472518737930475,0.023462558633972192,-1.5222061115253235e-05
15.472518737930475,0.03503514218779029,-2.0871687137024178e-05
15.472518737930475,0.05263150808357201,-5.8968756237115005e-05
15.472518737930475,0.0731423493547288,-0.00013942811178051335
15.472518737930475,0.1025927647713422,-0.00021034150565718307
15.472518737930475,0.14481159820038791,-0.00032741878926444314
15.472518737930475,0.20234603287313824,-0.0004952343794743864
15.472518737930475,0.2834245013168247,-0.000709277244475123
15.472518737930475,0.3967448265966417,-0.0009642043002573963
15.472518737930475,0.5552782518837672,-0.001286557123838817
15.472518737930475,0.7774818770639701,-0.0017225753856323545
15.472518737930475,1.0884445474248694,-0.0022185150177322817
15.472518737930475,1.5237112672761537,-0.0028079808699787443
15.472518737930475,2.088426337077478,-0.0032970297495613183
15.472518737930475,2.685504776398588,-0.003068354572445552
15.801969112689084,0.01570796326794897,-1.9392858448779358e-06
15.801969112689084,0.023462558633972192,-1.1863159724381875e-05
15.801969112689084,0.03503514218779029,-1.6363977937145498e-05
15.801969112689084,0.05263150808357201,-4.653265153255416e-05
15.801969112689084,0.0731423493547288,-0.00011041540128906345
15.801969112689084,0.1025927647713422,-0.0001664850813678219
15.801969112689084,0.14481159820038791,-0.00025965440565775517
15.801969112689084,0.20234603287313824,-0.0003906700662980378
15.801969112689084,0.2834245013168247,-0.0005613552709954501
15.801969112689084,0.3967448265966417,-0.0007666017141296173
15.801969112689084,0.5552782518837672,-0.0010280494134725377
15.801969112689084,0.7774818770639701,-0.0013886614032304796
15.801969112689084,1.0884445474248694,-0.0018196731912030477
15.801969112689084,1.5237112672761537,-0.002328912029523969
15.801969112689084,2.088426337077478,-0.0027801277138967645
15.801969112689084,2.685504776398588,-0.002632981682664052
16.13800849494287,0.01570796326794897,-1.4605797659267078e-06
16.13800849494287,0.023462558633972192,-9.197076198770394e-06
16.13800849494287,0.03503514218779029,-1.2803422013922505e-05
16.13800849494287,0.05263150808357201,-3.695446838646496e-05
16.13800849494287,0.0731423493547288,-8.718060433762553e-05
16.13800849494287,0.1025927647713422,-0.00012966186427899905
16.13800849494287,0.14481159820038791,-0.0002046283621012816
16.13800849494287,0.20234603287313824,-0.00030800369189240784
16.13800849494287,0.2834245013168247,-0.00044239972104119816
16.13800849494287,0.3967448265966417,-0.0006057186136845328
16.13800849494287,0.5552782518837672,-0.0008178013325989211
16.13800849494287,0.7774818770639701,-0.0011195567766981512
16.13800849494287,1.0884445474248694,-0.0014830526227670331
16.13800849494287,1.5237112672761537,-0.001924037700289401
16.13800849494287,2.088426337077478,-0.0023374877018235525
16.13800849494287,2.685504776398588,-0.002241393731043648
16.480768664841722,0.01570796326794897,-1.1582976129265717e-06
16.480768664841722,0.023462558633972192,-7.143648469767459e-06
16.480768664841722,0.03503514218779029,-1.0120710733300978e-05
16.480768664841722,0.05263150808357201,-2.8996053348904384e-05
16.480768664841722,0.0731423493547288,-6.746932192377931e-05
16.480768664841722,0.1025927647713422,-0.00010144949889037244
16.480768664841722,0.14481159820038791,-0.0001607109953638124
16.480768664841722,0.20234603287313824,-0.00024123863958710697
16.480768664841722,0.2834245013168247,-0.0003466412781178453
16.480768664841722,0.3967448265966417,-0.0004760611367954915
16.480768664841722,0.5552782518837672,-0.0006467879682618008
16.480768664841722,0.7774818770639701,-0.0008957978432324129
16.480768664841722,1.0884445474248694,-0.0012018884305282332
16.480768664841722,1.5237112672761537,-0.0015835785878435733
16.480768664841722,2.088426337077478,-0.0019463388997899363
16.480768664841722,2.685504776398588,-0.0018656632172193949
16.83038403813856,0.01570796326794897,-9.108208274181915e-07
16.83038403813856,0.023462558633972192,-5.4996449116249975e-06
16.83038403813856,0.03503514218779029,-7.923980449250337e-06
16.83038403813856,0.05263150808357201,-2.261500419671543e-05
16.83038403813856,0.0731423493547288,-5.284586081391484e-05
16.83038403813856,0.1025927647713422,-7.913268150936717e-05
16.83038403813856,0.14481159820038791,-0.00012567228723146622
16.83038403813856,0.20234603287313824,-0.0001878868059383492
16.83038403813856,0.2834245013168247,-0.00027101283319589807
16.83038403813856,0.3967448265966417,-0.00037240185438877204
16.83038403813856,0.5552782518837672,-0.0005096395478251714
16.83038403813856,0.7774818770639701,-0.0007162367474405662
16.83038403813856,1.0884445474248694,-0.0009683918738359268
16.83038403813856,1.5237112672761537,-0.0012901968275081846
16.83038403813856,2.088426337077478,-0.001605820165027993
16.83038403813856,2.685504776398588,-0.0015472529167995042
17.186991718901332,0.01570796326794897,-7.262262850048808e-07
17.186991718901332,0.023462558633972192,-4.166782083998226e-06
17.186991718901332,0.03503514218779029,-5.9925698282269034e-06
17.186991718901332,0.05263150808357201,-1.7490291056262666e-05
17.186991718901332,0.0731423493547288,-4.063085304616627e-05
17.186991718901332,0.1025927647713422,-6.113337111758466e-05
17.186991718901332,0.14481159820038791,-9.749197120005409e-05
17.186991718901332,0.20234603287313824,-0.00014499861766853578
17.186991718901332,0.2834245013168247,-0.00020997098188182105
17.186991718901332,0.3967448265966417,-0.0002903615565295707
17.186991718901332,0.5552782518837672,-0.000399576167547912
17.186991718901332,0.7774818770639701,-0.0005665599908886758
17.186991718901332,1.0884445474248694,-0.0007718457258934918
17.186991718901332,1.5237112672761537,-0.0010389432805806222
17.186991718901332,2.088426337077478,-0.0013024076643196195
17.186991718901332,2.685504776398588,-0.0012503147649390732
17.55073155327936,0.01570796326794897,-5.454777142926603e-07
17.55073155327936,0.023462558633972192,-3.14159231669036e-06
17.55073155327936,0.03503514218779029,-4.5373831853468586e-06
17.55073155327936,0.05263150808357201,-1.3587644546921135e-05
17.55073155327936,0.0731423493547288,-3.0971244140783035e-05
17.55073155327936,0.1025927647713422,-4.6246174375189226e-05
17.55073155327936,0.14481159820038791,-7.417226731425723e-05
17.55073155327936,0.20234603287313824,-0.00011124029992004988
17.55073155327936,0.2834245013168247,-0.00016141744608227536
17.55073155327936,0.3967448265966417,-0.00022263810964737881
17.55073155327936,0.5552782518837672,-0.0003080451433294789
17.55073155327936,0.7774818770639701,-0.0004427115574399757
17.55073155327936,1.0884445474248694,-0.0006053761426313204
17.55073155327936,1.5237112672761537,-0.0008236134605410276
17.55073155327936,2.088426337077478,-0.0010417576667809088
17.55073155327936,2.685504776398588,-0.0010020772059149367
17.92174618434495,0.01570796326794897,-4.5107398836913224e-07
17.92174618434495,0.023462558633972192,-2.453672975492799e-06
17.92174618434495,0.03503514218779029,-3.4605965309179583e-06
17.92174618434495,0.05263150808357201,-1.0188851056376737e-05
17.92174618434495,0.0731423493547288,-2.3582665411142035e-05
17.92174618434495,0.1025927647713422,-3.5069689913367706e-05
17.92174618434495,0.14481159820038791,-5.61133690390946e-05
17.92174618434495,0.20234603287313824,-8.520523793697163e-05
17.92174618434495,0.2834245013168247,-0.00012323110915434102
17.92174618434495,0.3967448265966417,-0.00016967221665492382
17.92174618434495,0.5552782518837672,-0.00023684429117588424
17.92174618434495,0.7774818770639701,-0.0003432183726046088
17.92174618434495,1.0884445474248694,-0.00047411300459490564
17.92174618434495,1.5237112672761537,-0.0006510424660796676
17.92174618434495,2.088426337077478,-0.0008280210569914755
17.92174618434495,2.685504776398588,-0.0007982693374669473
18.300181108031847,0.01570796326794897,-3.452043012161029e-07
18.300181108031847,0.023462558633972192,-1.8745312556850682e-06
18.300181108031847,0.03503514218779029,-2.5911919280892377e-06
18.300181108031847,0.05263150808357201,-7.763039815052444e-06
18.300181108031847,0.0731423493547288,-1.7537761436874217e-05
18.300181108031847,0.1025927647713422,-2.6272360869665132e-05
18.300181108031847,0.14481159820038791,-4.220053590955847e-05
18.300181108031847,0.20234603287313824,-6.381276727480668e-05
18.300181108031847,0.2834245013168247,-9.308445105805646e-05
18.300181108031847,0.3967448265966417,-0.00012845631300981362
18.300181108031847,0.5552782518837672,-0.00018059393806576176
18.300181108031847,0.7774818770639701,-0.0002636686751199035
18.300181108031847,1.0884445474248694,-0.00036695354395794704
18.300181108031847,1.5237112672761537,-0.0005078753420237516
18.300181108031847,2.088426337077478,-0.0006487011611742055
18.300181108031847,2.685504776398588,-0.0006269666201320475
18.686184730192483,0.01570796326794897,-2.5603871000831764e-07
18.686184730192483,0.023462558633972192,-1.3179452877003895e-06
18.686184730192483,0.03503514218779029,-1.8651984799360386e-06
18.686184730192483,0.05263150808357201,-5.728914168582084e-06
18.686184730192483,0.0731423493547288,-1.3062816626849596e-05
18.686184730192483,0.1025927647713422,-1.9075615854255826e-05
18.686184730192483,0.14481159820038791,-3.107449508956817e-05
18.686184730192483,0.20234603287313824,-4.6804586794175534e-05
18.686184730192483,0.2834245013168247,-6.856490630465402e-05
18.686184730192483,0.3967448265966417,-9.47406329337563e-05
18.686184730192483,0.5552782518837672,-0.00013499554498391558
18.686184730192483,0.7774818770639701,-0.00019806714475153347
18.686184730192483,1.0884445474248694,-0.0002771199679226765
18.686184730192483,1.5237112672761537,-0.00038665004096417736
18.686184730192483,2.088426337077478,-0.0004969655663901782
18.686184730192483,2.685504776398588,-0.0004746022941012331
19.07990842479633,0.01570796326794897,-1.9560202841981942e-07
19.07990842479633,0.023462558633972192,-9.490330922394282e-07
19.07990842479633,0.03503514218779029,-1.350254641903652e-06
19.07990842479633,0.05263150808357201,-4.1218844572285804e-06
19.07990842479633,0.0731423493547288,-9.426079290067466e-06
19.07990842479633,0.1025927647713422,-1.3966309895153321e-05
19.07990842479633,0.14481159820038791,-2.2549947633687883e-05
19.07990842479633,0.20234603287313824,-3.382065594216802e-05
19.07990842479633,0.2834245013168247,-4.967385001674936e-05
19.07990842479633,0.3967448265966417,-6.937846386078989e-05
19.07990842479633,0.5552782518837672,-9.859025373449968e-05
19.07990842479633,0.7774818770639701,-0.00014725030455656684
19.07990842479633,1.0884445474248694,-0.00020586237073700985
19.07990842479633,1.5237112672761537,-0.0002885458460092076
19.07990842479633,2.088426337077478,-0.0003710524232483542
19.07990842479633,2.685504776398588,-0.000350277951812743
19.481506593292263,0.01570796326794897,-1.4142803548782645e-07
19.481506593292263,0.023462558633972192,-7.129879749451583e-07
19.481506593292263,0.03503514218779029,-9.265769791834681e-07
19.481506593292263,0.05263150808357201,-3.0071263985127436e-06
19.481506593292263,0.0731423493547288,-6.652777922527614e-06
19.481506593292263,0.1025927647713422,-1.0005548294165815e-05
19.481506593292263,0.14481159820038791,-1.6192666607537565e-05
19.481506593292263,0.20234603287313824,-2.4212087661829928e-05
19.481506593292263,0.2834245013168247,-3.6065379655188046e-05
19.481506593292263,0.3967448265966417,-4.97650335989909e-05
19.481506593292263,0.5552782518837672,-7.160000997353921e-05
19.481506593292263,0.7774818770639701,-0.00010728024514327892
19.481506593292263,1.0884445474248694,-0.0001503011094040114
19.481506593292263,1.5237112672761537,-0.00021238526545216632
19.481506593292263,2.088426337077478,-0.00027380083791814984
19.481506593292263,2.685504776398588,-0.00026011708875383976
19.891136725158105,0.01570796326794897,-1.0552915137877057e-07
19.891136725158105,0.023462558633972192,-4.635673730651781e-07
19.891136725158105,0.03503514218779029,-6.73877631893836e-07
19.891136725158105,0.05263150808357201,-2.1157597676157485e-06
19.891136725158105,0.0731423493547288,-4.599300243254719e-06
19.891136725158105,0.1025927647713422,-7.0711227176489315e-06
19.891136725158105,0.14481159820038791,-1.1353647591394746e-05
19.891136725158105,0.20234603287313824,-1.670669315937729e-05
19.891136725158105,0.2834245013168247,-2.533765585026086e-05
19.891136725158105,0.3967448265966417,-3.5147733198157184e-05
19.891136725158105,0.5552782518837672,-5.0910108000450704e-05
19.891136725158105,0.7774818770639701,-7.682588953931356e-05
19.891136725158105,1.0884445474248694,-0.00010824203522216664
19.891136725158105,1.5237112672761537,-0.00015402456107034134
19.891136725158105,2.088426337077478,-0.0001978185060181309
19.891136725158105,2.685504776398588,-0.0001846256283964065
20.308959459661267,0.01570796326794897,-7.233866346605754e-08
20.308959459661267,0.023462558633972192,-3.132911283776509e-07
20.308959459661267,0.03503514218779029,-4.3456564834471996e-07
20.308959459661267,0.05263150808357201,-1.4682247596650624e-06
20.308959459661267,0.0731423493547288,-3.162472524585762e-06
20.308959459661267,0.1025927647713422,-4.790455021391191e-06
20.308959459661267,0.14481159820038791,-7.756525785481504e-06
20.308959459661267,0.20234603287313824,-1.1422458583581844e-05
20.308959459661267,0.2834245013168247,-1.749332878458479e-05
20.308959459661267,0.3967448265966417,-2.4294316485379965e-05
20.308959459661267,0.5552782518837672,-3.563723722128646e-05
20.308959459661267,0.7774818770639701,-5.404867538882845e-05
20.308959459661267,1.0884445474248694,-7.576200060586861e-05
20.308959459661267,1.5237112672761537,-0.00010896955994454706
20.308959459661267,2.088426337077478,-0.00013976580412352498
20.308959459661267,2.685504776398588,-0.000130170377290624
20.73513864885449,0.01570796326794897,-4.5339879676296376e-08
20.73513864885449,0.023462558633972192,-1.9614123230535445e-07
20.73513864885449,0.03503514218779029,-2.777242507376857e-07
20.73513864885449,0.05263150808357201,-9.539657543740694e-07
20.73513864885449,0.0731423493547288,-2.1099153389199217e-06
20.73513864885449,0.1025927647713422,-3.1650213850611525e-06
20.73513864885449,0.14481159820038791,-5.224282441958036e-06
20.73513864885449,0.20234603287313824,-7.586069265331088e-06
20.73513864885449,0.2834245013168247,-1.1726517560676394e-05
20.73513864885449,0.3967448265966417,-1.659133759464091e-05
20.73513864885449,0.5552782518837672,-2.431606045340076e-05
20.73513864885449,0.7774818770639701,-3.690281018257485e-05
20.73513864885449,1.0884445474248694,-5.228795248641697e-05
20.73513864885449,1.5237112672761537,-7.568631947126531e-05
20.73513864885449,2.088426337077478,-9.625893218466984e-05
20.73513864885449,2.685504776398588,-9.148679505197923e-05
21.169841421831578,0.01570796326794897,-3.0877566344227964e-08
21.169841421831578,0.023462558633972192,-1.2142283273765086e-07
21.169841421831578,0.03503514218779029,-2.0273082680729442e-07
21.169841421831578,0.05263150808357201,-6.229365684031924e-07
21.169841421831578,0.0731423493547288,-1.382588854428942e-06
21.169841421831578,0.1025927647713422,-2.0902563692200906e-06
21.169841421831578,0.14481159820038791,-3.367931706417039e-06
21.169841421831578,0.20234603287313824,-4.942383288899466e-06
21.169841421831578,0.2834245013168247,-7.585277198542956e-06
21.169841421831578,0.3967448265966417,-1.1089786674097072e-05
21.169841421831578,0.5552782518837672,-1.6304345809444338e-05
21.169841421831578,0.7774818770639701,-2.4639842220755837e-05
21.169841421831578,1.0884445474248694,-3.531877645610628e-05
21.169841421831578,1.5237112672761537,-5.1192824262311326e-05
21.169841421831578,2.088426337077478,-6.616597508024257e-05
21.169841421831578,2.685504776398588,-6.487543036138474e-05
21.61323825026821,0.01570796326794897,-1.8376081346370683e-08
21.61323825026821,0.023462558633972192,-7.760928642208399e-08
21.61323825026821,0.03503514218779029,-1.2857916852698295e-07
21.61323825026821,0.05263150808357201,-4.0545870209641975e-07
21.61323825026821,0.0731423493547288,-9.404297294246519e-07
21.61323825026821,0.1025927647713422,-1.3820779260970616e-06
21.61323825026821,0.14481159820038791,-2.2227704612190567e-06
21.61323825026821,0.20234603287313824,-3.164665347631175e-06
21.61323825026821,0.2834245013168247,-5.007896918109336e-06
21.61323825026821,0.3967448265966417,-7.268782827796124e-06
21.61323825026821,0.5552782518837672,-1.0748373705721356e-05
21.61323825026821,0.7774818770639701,-1.6207571782636906e-05
21.61323825026821,1.0884445474248694,-2.3827129069589652e-05
21.61323825026821,1.5237112672761537,-3.418579749578787e-05
21.61323825026821,2.088426337077478,-4.421172198968478e-05
21.61323825026821,2.685504776398588,-4.3515059936641065e-05
22.065503015273574,0.01570796326794897,-1.6118157472911964e-08
22.065503015273574,0.023462558633972192,-5.589828926302731e-08
22.065503015273574,0.03503514218779029,-8.406216070272233e-08
22.065503015273574,0.05263150808357201,-2.4084636392010693e-07
22.065503015273574,0.0731423493547288,-6.00080066240646e-07
22.065503015273574,0.1025927647713422,-8.440779030755885e-07
22.065503015273574,0.14481159820038791,-1.4286352092710267e-06
22.065503015273574,0.20234603287313824,-1.95052245527238e-06
22.065503015273574,0.2834245013168247,-3.2374777599780137e-06
22.065503015273574,0.3967448265966417,-4.783819111383144e-06
22.065503015273574,0.5552782518837672,-6.9271315650636335e-06
22.065503015273574,0.7774818770639701,-1.0431303073494756e-05
22.065503015273574,1.0884445474248694,-1.5433873837207813e-05
22.065503015273574,1.5237112672761537,-2.2195537503361352e-05
22.065503015273574,2.088426337077478,-2.8714678158392608e-05
22.065503015273574,2.685504776398588,-2.827097658424077e-05
22.526813075579053,0.01570796326794897,-9.320211338092666e-09
22.526813075579053,0.023462558633972192,-3.892575895935015e-08
22.526813075579053,0.03503514218779029,-4.9611841262331524e-08
22.526813075579053,0.05263150808357201,-1.4116051634567499e-07
22.526813075579053,0.0731423493547288,-3.721049447950764e-07
22.526813075579053,0.1025927647713422,-5.079902941909732e-07
22.526813075579053,0.14481159820038791,-8.55585564330514e-07
22.526813075579053,0.20234603287313824,-1.211319190134595e-06
22.526813075579053,0.2834245013168247,-1.981927793738353e-06
22.526813075579053,0.3967448265966417,-2.932299274006896e-06
22.526813075579053,0.5552782518837672,-4.273518948137764e-06
22.526813075579053,0.7774818770639701,-6.486457001799575e-06
22.526813075579053,1.0884445474248694,-9.70017385431469e-06
22.526813075579053,1.5237112672761537,-1.4372103872424765e-05
22.526813075579053,2.088426337077478,-1.8416057684579225e-05
22.526813075579053,2.685504776398588,-1.7993047966137862e-05
22.997349337090636,0.01570796326794897,1.6003499030247618e-10
22.997349337090636,0.023462558633972192,1.1753173765173274e-09
22.997349337090636,0.03503514218779029,1.4380614385913949e-09
22.997349337090636,0.05263150808357201,4.331445859680893e-09
22.997349337090636,0.0731423493547288,1.0418957070598864e-08
22.997349337090636,0.1025927647713422,1.562479093414479e-08
22.997349337090636,0.14481159820038791,2.4008722183966653e-08
22.997349337090636,0.20234603287313824,3.674157212230932e-08
22.997349337090636,0.2834245013168247,5.2609362062286284e-08
22.997349337090636,0.3967448265966417,7.551537942880775e-08
22.997349337090636,0.5552782518837672,1.0606073194683089e-07
22.997349337090636,0.7774818770639701,1.3814309218712563e-07
22.997349337090636,1.0884445474248694,1.5184428306180346e-07
22.997349337090636,1.5237112672761537,1.3222937997301609e-07
22.997349337090636,2.088426337077478,8.658744323102535e-08
22.997349337090636,2.685504776398588,4.059872129501596e-08
23.477296323832444,0.01570796326794897,1.5017734050743264e-10
23.477296323832444,0.023462558633972192,1.1025268304538823e-09
23.477296323832444,0.03503514218779029,1.3486812795745902e-09
23.477296323832444,0.05263150808357201,4.063481649344132e-09
23.477296323832444,0.0731423493547288,9.77664792919614e-09
23.477296323832444,0.1025927647713422,1.4659416132437849e-08
23.477296323832444,0.14481159820038791,2.255296649087376e-08
23.477296323832444,0.20234603287313824,3.4610614527281266e-08
23.477296323832444,0.2834245013168247,4.98108979059256e-08
23.477296323832444,0.3967448265966417,7.19968859494325e-08
23.477296323832444,0.5552782518837672,1.01785182995196e-07
23.477296323832444,0.7774818770639701,1.3333545766885841e-07
23.477296323832444,1.0884445474248694,1.475615822328335e-07
23.477296323832444,1.5237112672761537,1.3014356202588125e-07
23.477296323832444,2.088426337077478,8.653632995544303e-08
23.477296323832444,2.685504776398588,4.061220911888541e-08
23.966842250309092,0.01570796326794897,1.405120803828883e-10
23.966842250309092,0.023462558633972192,1.0309104209722436e-09
23.966842250309092,0.03503514218779029,1.2604978934236694e-09
23.966842250309092,0.05263150808357201,3.800995946402287e-09
23.966842250309092,0.0731423493547288,9.147374971988688e-09
23.966842250309092,0.1025927647713422,1.3714513824091934e-08
23.966842250309092,0.14481159820038791,2.1127943187912265e-08
23.966842250309092,0.20234603287313824,3.251738475046317e-08
23.966842250309092,0.2834245013168247,4.704071406963695e-08
23.966842250309092,0.3967448265966417,6.849091334732098e-08
23.966842250309092,0.5552782518837672,9.743931553578732e-08
23.966842250309092,0.7774818770639701,1.2826441723709044e-07
23.966842250309092,1.0884445474248694,1.4303494124024198e-07
23.966842250309092,1.5237112672761537,1.2782979346395882e-07
23.966842250309092,2.088426337077478,8.648599034674117e-08
23.966842250309092,2.685504776398588,4.083386502478557e-08
24.46617909531528,0.01570796326794897,1.3105663809722244e-10
24.46617909531528,0.023462558633972192,9.609756497341778e-10
24.46617909531528,0.03503514218779029,1.1742254837660556e-09
24.46617909531528,0.05263150808357201,3.543021658219924e-09
24.46617909531528,0.0731423493547288,8.530957329045825e-09
24.46617909531528,0.1025927647713422,1.278947061153017e-08
24.46617909531528,0.14481159820038791,1.9731355750892723e-08
24.46617909531528,0.20234603287313824,3.0478886864708296e-08
24.46617909531528,0.2834245013168247,4.4308677722567136e-08
24.46617909531528,0.3967448265966417,6.499212602367097e-08
24.46617909531528,0.5552782518837672,9.301400492363095e-08
24.46617909531528,0.7774818770639701,1.2304078997315814e-07
24.46617909531528,1.0884445474248694,1.3831569498191845e-07
24.46617909531528,1.5237112672761537,1.2550600258040875e-07
24.46617909531528,2.088426337077478,8.65025514921792e-08
24.46617909531528,2.685504776398588,4.117427927365014e-08
24.97550267722158,0.01570796326794897,1.2176275956441095e-10
24.97550267722158,0.023462558633972192,8.922340876135513e-10
24.97550267722158,0.03503514218779029,1.0900181163062281e-09
24.97550267722158,0.05263150808357201,3.2927935939644275e-09
24.97550267722158,0.0731423493547288,7.928775299403064e-09
24.97550267722158,0.1025927647713422,1.1891148610773208e-08
24.97550267722158,0.14481159820038791,1.8369412126131944e-08
24.97550267722158,0.20234603287313824,2.8476458150802775e-08
24.97550267722158,0.2834245013168247,4.163490301062753e-08
24.97550267722158,0.3967448265966417,6.149992575925142e-08
24.97550267722158,0.5552782518837672,8.851267092751835e-08
24.97550267722158,0.7774818770639701,1.1767469742707641e-07
24.97550267722158,1.0884445474248694,1.3339294000537276e-07
24.97550267722158,1.5237112672761537,1.2296056288139018e-07
24.97550267722158,2.088426337077478,8.652044339790722e-08
24.97550267722158,2.685504776398588,4.17390810954317e-08
25.49501273076601,0.01570796326794897,1.1269770558323636e-10
25.49501273076601,0.023462558633972192,8.252510233468521e-10
25.49501273076601,0.03503514218779029,1.0081147185630114e-09
25.49501273076601,0.05263150808357201,3.0478671583993244e-09
25.49501273076601,0.0731423493547288,7.3422185830113115e-09
25.49501273076601,0.1025927647713422,1.101427189417686e-08
25.49501273076601,0.14481159820038791,1.7039865880579018e-08
25.49501273076601,0.20234603287313824,2.6524346246353128e-08
25.49501273076601,0.2834245013168247,3.899619766797877e-08
25.49501273076601,0.3967448265966417,5.8021199218258944e-08
25.49501273076601,0.5552782518837672,8.393784656563534e-08
25.49501273076601,0.7774818770639701,1.1209083454613967e-07
25.49501273076601,1.0884445474248694,1.2826111019876347e-07
25.49501273076601,1.5237112672761537,1.2015316199513063e-07
25.49501273076601,2.088426337077478,8.658941089834938e-08
25.49501273076601,2.685504776398588,4.242857693159515e-08
26.024912985381327,0.01570796326794897,1.0383928968148364e-10
26.024912985381327,0.023462558633972192,7.604457695379264e-10
26.024912985381327,0.03503514218779029,9.286676883326087e-10
26.024912985381327,0.05263150808357201,2.809341719541454e-09
26.024912985381327,0.0731423493547288,6.771619600706127e-09
26.024912985381327,0.1025927647713422,1.0160460969205155e-08
26.024912985381327,0.14481159820038791,1.574921503831053e-08
26.024912985381327,0.20234603287313824,2.4622179680839923e-08
26.024912985381327,0.2834245013168247,3.639270878699851e-08
26.024912985381327,0.3967448265966417,5.451629918484715e-08
26.024912985381327,0.5552782518837672,7.922709243186287e-08
26.024912985381327,0.7774818770639701,1.0630362860735343e-07
26.024912985381327,1.0884445474248694,1.229019571664641e-07
26.024912985381327,1.5237112672761537,1.1716336971461544e-07
26.024912985381327,2.088426337077478,8.660578105380282e-08
26.024912985381327,2.685504776398588,4.330333227546425e-08
26.56541124508896,0.01570796326794897,9.513896637680532e-11
26.56541124508896,0.023462558633972192,6.970339224975062e-10
26.56541124508896,0.03503514218779029,8.511844550547257e-10
26.56541124508896,0.05263150808357201,2.577176594857452e-09
26.56541124508896,0.0731423493547288,6.214372156049161e-09
26.56541124508896,0.1025927647713422,9.330660212447068e-09
26.56541124508896,0.14481159820038791,1.4488997882149577e-08
26.56541124508896,0.20234603287313824,2.274727101488444e-08
26.56541124508896,0.2834245013168247,3.382671422388685e-08
26.56541124508896,0.3967448265966417,5.0989165590975315e-08
26.56541124508896,0.5552782518837672,7.442690799347723e-08
26.56541124508896,0.7774818770639701,1.0036527789824286e-07
26.56541124508896,1.0884445474248694,1.1719799822910838e-07
26.56541124508896,1.5237112672761537,1.1392879674647677e-07
26.56541124508896,2.088426337077478,8.661243488105603e-08
26.56541124508896,2.685504776398588,4.472485123388487e-08
27.11671946999074,0.01570796326794897,8.675406343765879e-11
27.11671946999074,0.023462558633972192,6.351015742087679e-10
27.11671946999074,0.03503514218779029,7.760770905182869e-10
27.11671946999074,0.05263150808357201,2.3517651235127397e-09
27.11671946999074,0.0731423493547288,5.672580201988632e-09
27.11671946999074,0.1025927647713422,8.522623158615957e-09
27.11671946999074,0.14481159820038791,1.3260605230480949e-08
27.11671946999074,0.20234603287313824,2.0912234136771602e-08
27.11671946999074,0.2834245013168247,3.12786349229532e-08
27.11671946999074,0.3967448265966417,4.743007170910961e-08
27.11671946999074,0.5552782518837672,6.952222768920872e-08
27.11671946999074,0.7774818770639701,9.422011283695608e-08
27.11671946999074,1.0884445474248694,1.1123904393434717e-07
27.11671946999074,1.5237112672761537,1.1040328216743584e-07
27.11671946999074,2.088426337077478,8.650987858956858e-08
27.11671946999074,2.685504776398588,4.6389610205881915e-08
27.67905385939056,0.01570796326794897,7.85184248466031e-11
27.67905385939056,0.023462558633972192,5.751258554518778e-10
27.67905385939056,0.03503514218779029,7.032055373534815e-10
27.67905385939056,0.05263150808357201,2.1324290463587865e-09
27.67905385939056,0.0731423493547288,5.145358845511515e-09
27.67905385939056,0.1025927647713422,7.735793338433785e-09
27.67905385939056,0.14481159820038791,1.2062087707863297e-08
27.67905385939056,0.20234603287313824,1.9108198843264827e-08
27.67905385939056,0.2834245013168247,2.874423865510121e-08
27.67905385939056,0.3967448265966417,4.3840988544376255e-08
27.67905385939056,0.5552782518837672,6.449440777760142e-08
27.67905385939056,0.7774818770639701,8.787723953128927e-08
27.67905385939056,1.0884445474248694,1.0491385087872268e-07
27.67905385939056,1.5237112672761537,1.0633244093250815e-07
27.67905385939056,2.088426337077478,8.615706998133377e-08
27.67905385939056,2.685504776398588,4.830607175242778e-08
28.25263493657837,0.01570796326794897,7.053463474193752e-11
28.25263493657837,0.023462558633972192,5.167112823877142e-10
28.25263493657837,0.03503514218779029,6.322368212307031e-10
28.25263493657837,0.05263150808357201,1.9181638538960595e-09
28.25263493657837,0.0731423493547288,4.632849589972099e-09
28.25263493657837,0.1025927647713422,6.969867203441507e-09
28.25263493657837,0.14481159820038791,1.0892879336123148e-08
28.25263493657837,0.20234603287313824,1.7331430332834966e-08
28.25263493657837,0.2834245013168247,2.6223087526997616e-08
28.25263493657837,0.3967448265966417,4.020653390661551e-08
28.25263493657837,0.5552782518837672,5.9347761548919466e-08
28.25263493657837,0.7774818770639701,8.128783274558383e-08
28.25263493657837,1.0884445474248694,9.824661579012393e-08
28.25263493657837,1.5237112672761537,1.0179368213783675e-07
28.25263493657837,2.088426337077478,8.547230422761017e-08
28.25263493657837,2.685504776398588,5.057530637412316e-08
28.837687635309933,0.01570796326794897,6.280845197587729e-11
28.837687635309933,0.023462558633972192,4.5952461339540125e-10
28.837687635309933,0.03503514218779029,5.631517006922827e-10
28.837687635309933,0.05263150808357201,1.7099860145451836e-09
28.837687635309933,0.0731423493547288,4.1332697870468046e-09
28.837687635309933,0.1025927647713422,6.222459259117596e-09
28.837687635309933,0.14481159820038791,9.750494430586744e-09
28.837687635309933,0.20234603287313824,1.5582708661180347e-08
28.837687635309933,0.2834245013168247,2.3710495928912917e-08
28.837687635309933,0.3967448265966417,3.652749129796992e-08
28.837687635309933,0.5552782518837672,5.41056031874763e-08
28.837687635309933,0.7774818770639701,7.44616093889764e-08
28.837687635309933,1.0884445474248694,9.115947003621992e-08
28.837687635309933,1.5237112672761537,9.661816502835236e-08
28.837687635309933,2.088426337077478,8.436736782951552e-08
28.837687635309933,2.685504776398588,5.3102585388844675e-08
29.43444138801614,0.01570796326794897,5.523463210675763e-11
29.43444138801614,0.023462558633972192,4.040608037603052e-10
29.43444138801614,0.03503514218779029,4.961249321210949e-10
29.43444138801614,0.05263150808357201,1.5072385329371822e-09
29.43444138801614,0.0731423493547288,3.648240399424173e-09
29.43444138801614,0.1025927647713422,5.49440002161683e-09
29.43444138801614,0.14481159820038791,8.631503870731251e-09
29.43444138801614,0.20234603287313824,1.3858657632262903e-08
29.43444138801614,0.2834245013168247,2.119953602596584e-08
29.43444138801614,0.3967448265966417,3.280447453767482e-08
29.43444138801614,0.5552782518837672,4.8714210785994955e-08
29.43444138801614,0.7774818770639701,6.742749057101448e-08
29.43444138801614,1.0884445474248694,8.359472214197054e-08
29.43444138801614,1.5237112672761537,9.082286723265708e-08
29.43444138801614,2.088426337077478,8.266383014876753e-08
29.43444138801614,2.685504776398588,5.577901611225269e-08
30.043130215776454,0.01570796326794897,4.7934112272939796e-11
30.043130215776454,0.023462558633972192,3.503553020610042e-10
30.043130215776454,0.03503514218779029,4.308800691726173e-10
30.043130215776454,0.05263150808357201,1.309902263624202e-09
30.043130215776454,0.0731423493547288,3.1741678379302145e-09
30.043130215776454,0.1025927647713422,4.7843035211473356e-09
30.043130215776454,0.14481159820038791,7.53498425012598e-09
30.043130215776454,0.20234603287313824,1.2153339579657958e-08
30.043130215776454,0.2834245013168247,1.868915932218305e-08
30.043130215776454,0.3967448265966417,2.903093146537115e-08
30.043130215776454,0.5552782518837672,4.3235325821613976e-08
30.043130215776454,0.7774818770639701,6.01587523398306e-08
30.043130215776454,1.0884445474248694,7.558568041026424e-08
30.043130215776454,1.5237112672761537,8.424348159785443e-08
30.043130215776454,2.088426337077478,8.011703489426783e-08
30.043130215776454,2.685504776398588,5.83452805102235e-08
30.663992820091988,0.01570796326794897,4.082805866936015e-11
30.663992820091988,0.023462558633972192,2.9810496329362046e-10
30.663992820091988,0.03503514218779029,3.6745327786148737e-10
30.663992820091988,0.05263150808357201,1.117594864544596e-09
30.663992820091988,0.0731423493547288,2.712363361098357e-09
30.663992820091988,0.1025927647713422,4.092665191439384e-09
30.663992820091988,0.14481159820038791,6.459859097285159e-09
30.663992820091988,0.20234603287313824,1.0464448245644715e-08
30.663992820091988,0.2834245013168247,1.6176746991706424e-08
30.663992820091988,0.3967448265966417,2.5216913980377948e-08
30.663992820091988,0.5552782518837672,3.764474587872349e-08
30.663992820091988,0.7774818770639701,5.2681942911192566e-08
30.663992820091988,1.0884445474248694,6.70370559753047e-08
30.663992820091988,1.5237112672761537,7.676141977019503e-08
30.663992820091988,2.088426337077478,7.647728812187687e-08
30.663992820091988,2.685504776398588,6.03518086929811e-08
31.297272676493826,0.01570796326794897,3.3976092106893275e-11
31.297272676493826,0.023462558633972192,2.4774567180421336e-10
31.297272676493826,0.03503514218779029,3.0580451107966576e-10
31.297272676493826,0.05263150808357201,9.305134180566672e-10
31.297272676493826,0.0731423493547288,2.2620128826746332e-09
31.297272676493826,0.1025927647713422,3.4162555104468554e-09
31.297272676493826,0.14481159820038791,5.405957687474627e-09
31.297272676493826,0.20234603287313824,8.796114456723748e-09
31.297272676493826,0.2834245013168247,1.3663464207441908e-08
31.297272676493826,0.3967448265966417,2.1364116964091623e-08
31.297272676493826,0.5552782518837672,3.197341313962319e-08
31.297272676493826,0.7774818770639701,4.497439628312827e-08
31.297272676493826,1.0884445474248694,5.8005745672744415e-08
31.297272676493826,1.5237112672761537,6.82158777030967e-08
31.297272676493826,2.088426337077478,7.133550548626604e-08
31.297272676493826,2.685504776398588,6.131229904189687e-08
31.943218130023702,0.01570796326794897,2.729554191939702e-11
31.943218130023702,0.023462558633972192,1.986802788487569e-10
31.943218130023702,0.03503514218779029,2.4590528836584963e-10
31.943218130023702,0.05263150808357201,7.486141865783615e-10
31.943218130023702,0.0731423493547288,1.8235820187754806e-09
31.943218130023702,0.1025927647713422,2.756532727086264e-09
31.943218130023702,0.14481159820038791,4.37219568988877e-09
31.943218130023702,0.20234603287313824,7.143399726433207e-09
31.943218130023702,0.2834245013168247,1.1149870938824145e-08
31.943218130023702,0.3967448265966417,1.7471205975770574e-08
31.943218130023702,0.5552782518837672,2.6210100065209417e-08
31.943218130023702,0.7774818770639701,3.7054579644065216e-08
31.943218130023702,1.0884445474248694,4.8440224067015375e-08
31.943218130023702,1.5237112672761537,5.858946062008254e-08
31.943218130023702,2.088426337077478,6.45595008383499e-08
31.943218130023702,2.685504776398588,6.047480380546143e-08
32.60208249262418,0.01570796326794897,2.0767177339805235e-11
32.60208249262418,0.023462558633972192,1.5146662026143639e-10
32.60208249262418,0.03503514218779029,1.8787350806999062e-10
32.60208249262418,0.05263150808357201,5.719123195348662e-10
32.60208249262418,0.0731423493547288,1.3961765647139904e-09
32.60208249262418,0.1025927647713422,2.1124319568616854e-09
32.60208249262418,0.14481159820038791,3.359129556067616e-09
32.60208249262418,0.20234603287313824,5.50935257566736e-09
32.60208249262418,0.2834245013168247,8.642313126841519e-09
32.60208249262418,0.3967448265966417,1.3565538378396869e-08
32.60208249262418,0.5552782518837672,2.0391761677046615e-08
32.60208249262418,0.7774818770639701,2.8956568862295575e-08
32.60208249262418,1.0884445474248694,3.833715999914561e-08
32.60208249262418,1.5237112672761537,4.7703660308193705e-08
32.60208249262418,2.088426337077478,5.556532088554046e-08
32.60208249262418,2.685504776398588,5.683044524263091e-08
33.27412414247666,0.01570796326794897,1.4526241409447894e-11
33.27412414247666,0.023462558633972192,1.0558050695940093e-10
33.27412414247666,0.03503514218779029,1.3135802968234694e-10
33.27412414247666,0.05263150808357201,4.0012609650242983e-10
33.27412414247666,0.0731423493547288,9.788083755497647e-10
33.27412414247666,0.1025927647713422,1.4833209701054345e-09
33.27412414247666,0.14481159820038791,2.365077807045381e-09
33.27412414247666,0.20234603287313824,3.894466447309847e-09
33.27412414247666,0.2834245013168247,6.1380242261112865e-09
33.27412414247666,0.3967448265966417,9.651635967964839e-09
33.27412414247666,0.5552782518837672,1.4539827848027927e-08
33.27412414247666,0.7774818770639701,2.074966117834408e-08
33.27412414247666,1.0884445474248694,2.7796845751992106e-08
33.27412414247666,1.5237112672761537,3.5568567087430665e-08
33.27412414247666,2.088426337077478,4.3844210704732636e-08
33.27412414247666,2.685504776398588,4.875710758776781e-08
33.959606625326195,0.01570796326794897,8.757744923316289e-12
33.959606625326195,0.023462558633972192,6.400389712725289e-11
33.959606625326195,0.03503514218779029,7.95117178924041e-11
33.959606625326195,0.05263150808357201,2.418731665653356e-10
33.959606625326195,0.0731423493547288,5.928542072573743e-10
33.959606625326195,0.1025927647713422,8.989375456995088e-10
33.959606625326195,0.14481159820038791,1.4336047065930866e-09
33.959606625326195,0.20234603287313824,2.3607603924030473e-09
33.959606625326195,0.2834245013168247,3.7165948225623825e-09
33.959606625326195,0.3967448265966417,5.820435156458842e-09
33.959606625326195,0.5552782518837672,8.737080130802227e-09
33.959606625326195,0.7774818770639701,1.2465829617016264e-08
33.959606625326195,1.0884445474248694,1.6848506454365446e-08
33.959606625326195,1.5237112672761537,2.2123308126203483e-08
33.959606625326195,2.088426337077478,2.8727084338871366e-08
33.959606625326195,2.685504776398588,3.430362898759307e-08
34.65879875783272,0.01570796326794897,3.079531542813576e-12
34.65879875783272,0.023462558633972192,2.161236603354618e-11
34.65879875783272,0.03503514218779029,2.3210093029873788e-11
34.65879875783272,0.05263150808357201,7.675997985693775e-11
34.65879875783272,0.0731423493547288,1.8585092830573785e-10
34.65879875783272,0.1025927647713422,2.785140492908579e-10
34.65879875783272,0.14481159820038791,4.543252642657535e-10
34.65879875783272,0.20234603287313824,7.504403131149112e-10
34.65879875783272,0.2834245013168247,1.1999085727408645e-09
34.65879875783272,0.3967448265966417,1.8868411866426155e-09
34.65879875783272,0.5552782518837672,2.847219962755778e-09
34.65879875783272,0.7774818770639701,4.088280148866176e-09
34.65879875783272,1.0884445474248694,5.6004275073651586e-09
34.65879875783272,1.5237112672761537,7.522018763628014e-09
34.65879875783272,2.088426337077478,1.026481842770803e-08
34.65879875783272,2.685504776398588,1.3175854402633956e-08
35.371974732989365,0.01570796326794897,0.0
35.371974732989365,0.023462558633972192,0.0
35.371974732989365,0.03503514218779029,0.0
35.371974732989365,0.05263150808357201,0.0
35.371974732989365,0.0731423493547288,0.0
35.371974732989365,0.1025927647713422,0.0
35.371974732989365,0.14481159820038791,0.0
35.371974732989365,0.20234603287313824,0.0
35.371974732989365,0.2834245013168247,0.0
35.371974732989365,0.3967448265966417,0.0
35.371974732989365,0.5552782518837672,0.0
35.371974732989365,0.7774818770639701,0.0
35.371974732989365,1.0884445474248694,0.0
35.371974732989365,1.5237112672761537,0.0
35.371974732989365,2.088426337077478,0.0
35.371974732989365,2.685504776398588,0.0
