5.0,0.01570796326794897,0.0
5.0,0.023462558633972192,0.0
5.0,0.03503514218779029,0.0
5.0,0.05263150808357201,0.0
5.0,0.0731423493547288,0.0
5.0,0.1025927647713422,0.0
5.0,0.14481159820038791,0.0
5.0,0.20234603287313824,0.0
5.0,0.2834245013168247,0.0
5.0,0.3967448265966417,0.0
5.0,0.5552782518837672,0.0
5.0,0.7774818770639701,0.0
5.0,1.0884445474248694,0.0
5.0,1.5237112672761537,0.0
5.0,2.088426337077478,0.0
5.0,2.685504776398588,0.0
5.12,0.01570796326794897,-2.4508855505781383e-05
5.12,0.023462558633972192,-6.00801703545473e-05
5.12,0.03503514218779029,-0.00015344325193531746
5.12,0.05263150808357201,-8.453098674444594e-05
5.12,0.0731423493547288,-9.221353855074692e-05
5.12,0.1025927647713422,-8.323082867582235e-05
5.12,0.14481159820038791,-0.00015140441130214705
5.12,0.20234603287313824,-0.0001461140527235116
5.12,0.2834245013168247,-0.00013702875516360692
5.12,0.3967448265966417,-0.00010128867219199859
5.12,0.5552782518837672,-9.857551379263356e-05
5.12,0.7774818770639701,-7.713207544689418e-05
5.12,1.0884445474248694,-7.612285180036782e-05
5.12,1.5237112672761537,-8.112454593971061e-05
5.12,2.088426337077478,-8.926540883740777e-05
5.12,2.685504776398588,-9.894560733686072e-05
5.2424,0.01570796326794897,-8.398982060812553e-05
5.2424,0.023462558633972192,-0.00012839071940041005
5.2424,0.03503514218779029,-0.0008680639631226336
5.2424,0.05263150808357201,-0.0006470631458151318
5.2424,0.0731423493547288,-0.0004710889128286221
5.2424,0.1025927647713422,-0.0007700306448483637
5.2424,0.14481159820038791,-0.0007343284095023857
5.2424,0.20234603287313824,-0.000807378711537912
5.2424,0.2834245013168247,-0.0006699396732864481
5.2424,0.3967448265966417,-0.0006391427703078396
5.2424,0.5552782518837672,-0.0005210248509120509
5.2424,0.7774818770639701,-0.0004528834049550001
5.2424,1.0884445474248694,-0.00042293586315189847
5.2424,1.5237112672761537,-0.00040947953860020873
5.2424,2.088426337077478,-0.00044488093625600635
5.2424,2.685504776398588,-0.0004829028133492277
5.367248,0.01570796326794897,-0.00016620121901356593
5.367248,0.023462558633972192,-0.0003664134641267291
5.367248,0.03503514218779029,-0.0018941447162340922
5.367248,0.05263150808357201,-0.002083806328999829
5.367248,0.0731423493547288,-0.0016564287695971936
5.367248,0.1025927647713422,-0.0020939962600708614
5.367248,0.14481159820038791,-0.002355613311996876
5.367248,0.20234603287313824,-0.0021899327680831274
5.367248,0.2834245013168247,-0.001978709568569103
5.367248,0.3967448265966417,-0.0019006943567566425
5.367248,0.5552782518837672,-0.0015833531023236214
5.367248,0.7774818770639701,-0.0014092426201138936
5.367248,1.0884445474248694,-0.0012297271446136905
5.367248,1.5237112672761537,-0.001199680503857752
5.367248,2.088426337077478,-0.00127819304510248
5.367248,2.685504776398588,-0.0013496405528227507
5.49459296,0.01570796326794897,-0.00025021557447208587
5.49459296,0.023462558633972192,-0.000666297236911653
5.49459296,0.03503514218779029,-0.002978525664748631
5.49459296,0.05263150808357201,-0.004381336806929246
5.49459296,0.0731423493547288,-0.003782826829053953
5.49459296,0.1025927647713422,-0.0047013279584721575
5.49459296,0.14481159820038791,-0.005271662532883501
5.49459296,0.20234603287313824,-0.004902067406113947
5.49459296,0.2834245013168247,-0.004688440892907831
5.49459296,0.3967448265966417,-0.004141352883687515
5.49459296,0.5552782518837672,-0.00363369375416019
5.49459296,0.7774818770639701,-0.00310621461996236
5.49459296,1.0884445474248694,-0.0027828165405115084
5.49459296,1.5237112672761537,-0.0025955754884629968
5.49459296,2.088426337077478,-0.0027779960124258577
5.49459296,2.685504776398588,-0.002906885786134979
5.624484819199999,0.01570796326794897,-0.00029196985878428164
5.624484819199999,0.023462558633972192,-0.0008873909011465322
5.624484819199999,0.03503514218779029,-0.004131682211038536
5.624484819199999,0.05263150808357201,-0.006298532241282132
5.624484819199999,0.0731423493547288,-0.006349118857880455
5.624484819199999,0.1025927647713422,-0.008271498039612284
5.624484819199999,0.14481159820038791,-0.009115371893921071
5.624484819199999,0.20234603287313824,-0.008535297483483724
5.624484819199999,0.2834245013168247,-0.008113003186676791
5.624484819199999,0.3967448265966417,-0.007511761968333155
5.624484819199999,0.5552782518837672,-0.006549840420187318
5.624484819199999,0.7774818770639701,-0.005606357463815497
5.624484819199999,1.0884445474248694,-0.004888671483096954
5.624484819199999,1.5237112672761537,-0.004539142403370086
5.624484819199999,2.088426337077478,-0.004786251810646378
5.624484819199999,2.685504776398588,-0.0049770404021881424
5.756974515584,0.01570796326794897,-0.00030761634065979576
5.756974515584,0.023462558633972192,-0.0010222984796322242
5.756974515584,0.03503514218779029,-0.0049319216221791725
5.756974515584,0.05263150808357201,-0.007942678444024383
5.756974515584,0.0731423493547288,-0.00902993882412079
5.756974515584,0.1025927647713422,-0.01276414366426467
5.756974515584,0.14481159820038791,-0.01332980133839264
5.756974515584,0.20234603287313824,-0.012972435788336241
5.756974515584,0.2834245013168247,-0.012743198165722674
5.756974515584,0.3967448265966417,-0.011738386471280206
5.756974515584,0.5552782518837672,-0.010197467619557836
5.756974515584,0.7774818770639701,-0.008737016257884657
5.756974515584,1.0884445474248694,-0.007547363510692471
5.756974515584,1.5237112672761537,-0.006894525176447725
5.756974515584,2.088426337077478,-0.007270018879432172
5.756974515584,2.685504776398588,-0.007507332214916297
5.89211400589568,0.01570796326794897,-0.00030666294269737846
5.89211400589568,0.023462558633972192,-0.001010395176398834
5.89211400589568,0.03503514218779029,-0.0053499020933980455
5.89211400589568,0.05263150808357201,-0.009305886127356404
5.89211400589568,0.0731423493547288,-0.011254477182346049
5.89211400589568,0.1025927647713422,-0.016902909783744247
5.89211400589568,0.14481159820038791,-0.017626271176258458
5.89211400589568,0.20234603287313824,-0.017594482542663385
5.89211400589568,0.2834245013168247,-0.01745623151057304
5.89211400589568,0.3967448265966417,-0.016296352217286536
5.89211400589568,0.5552782518837672,-0.014148165716484022
5.89211400589568,0.7774818770639701,-0.012199514141229722
5.89211400589568,1.0884445474248694,-0.010469738261586856
5.89211400589568,1.5237112672761537,-0.009487337662297023
5.89211400589568,2.088426337077478,-0.009853602960118337
5.89211400589568,2.685504776398588,-0.010136270191568372
6.029956286013594,0.01570796326794897,-0.0002628381997526788
6.029956286013594,0.023462558633972192,-0.0010211731173417967
6.029956286013594,0.03503514218779029,-0.005360148253737913
6.029956286013594,0.05263150808357201,-0.010137981735289564
6.029956286013594,0.0731423493547288,-0.013028985303315288
6.029956286013594,0.1025927647713422,-0.02000900190762708
6.029956286013594,0.14481159820038791,-0.0214656115751746
6.029956286013594,0.20234603287313824,-0.021838601699144176
6.029956286013594,0.2834245013168247,-0.022153083402830183
6.029956286013594,0.3967448265966417,-0.021327440528235247
6.029956286013594,0.5552782518837672,-0.018566778472435742
6.029956286013594,0.7774818770639701,-0.01597009040275519
6.029956286013594,1.0884445474248694,-0.01352608875883407
6.029956286013594,1.5237112672761537,-0.012144894896191015
6.029956286013594,2.088426337077478,-0.012571115563590932
6.029956286013594,2.685504776398588,-0.012831908125840836
6.170555411733866,0.01570796326794897,-0.00022586736589129527
6.170555411733866,0.023462558633972192,-0.0009515143509670703
6.170555411733866,0.03503514218779029,-0.005041339817772114
6.170555411733866,0.05263150808357201,-0.010516048270250091
6.170555411733866,0.0731423493547288,-0.014230645871918544
6.170555411733866,0.1025927647713422,-0.022452364969772508
6.170555411733866,0.14481159820038791,-0.02470121542735172
6.170555411733866,0.20234603287313824,-0.025930936806220013
6.170555411733866,0.2834245013168247,-0.026759043271042633
6.170555411733866,0.3967448265966417,-0.026067885965820776
6.170555411733866,0.5552782518837672,-0.02288968405981595
6.170555411733866,0.7774818770639701,-0.019793148484946937
6.170555411733866,1.0884445474248694,-0.016761068906104862
6.170555411733866,1.5237112672761537,-0.01486372414943046
6.170555411733866,2.088426337077478,-0.015262068145061198
6.170555411733866,2.685504776398588,-0.015481834977837632
6.313966519968544,0.01570796326794897,-0.00020607677298294485
6.313966519968544,0.023462558633972192,-0.0008942462548708973
6.313966519968544,0.03503514218779029,-0.004743051516586173
6.313966519968544,0.05263150808357201,-0.01041879185236936
6.313966519968544,0.0731423493547288,-0.014619807517444128
6.313966519968544,0.1025927647713422,-0.023751656771791915
6.313966519968544,0.14481159820038791,-0.02695703805367116
6.313966519968544,0.20234603287313824,-0.029039776266990825
6.313966519968544,0.2834245013168247,-0.03064426366537064
6.313966519968544,0.3967448265966417,-0.030315795754947555
6.313966519968544,0.5552782518837672,-0.027058369430043038
6.313966519968544,0.7774818770639701,-0.023505748807449142
6.313966519968544,1.0884445474248694,-0.019745183289840814
6.313966519968544,1.5237112672761537,-0.01744611804071139
6.313966519968544,2.088426337077478,-0.01773965459465901
6.313966519968544,2.685504776398588,-0.017698560405644544
6.460245850367914,0.01570796326794897,-0.00020186415245395701
6.460245850367914,0.023462558633972192,-0.0008593640387708656
6.460245850367914,0.03503514218779029,-0.0044686081418187
6.460245850367914,0.05263150808357201,-0.010029205268284798
6.460245850367914,0.0731423493547288,-0.01439101690188957
6.460245850367914,0.1025927647713422,-0.02414772105563244
6.460245850367914,0.14481159820038791,-0.028448298342797662
6.460245850367914,0.20234603287313824,-0.031446435009778416
6.460245850367914,0.2834245013168247,-0.0338930927225196
6.460245850367914,0.3967448265966417,-0.03402444556961372
6.460245850367914,0.5552782518837672,-0.030836869020199137
6.460245850367914,0.7774818770639701,-0.02690773606648893
6.460245850367914,1.0884445474248694,-0.02255299662156125
6.460245850367914,1.5237112672761537,-0.01982018934027685
6.460245850367914,2.088426337077478,-0.019901110711977643
6.460245850367914,2.685504776398588,-0.019743423831760417
6.6094507673752725,0.01570796326794897,-0.00018933677738545876
6.6094507673752725,0.023462558633972192,-0.0008151906852591058
6.6094507673752725,0.03503514218779029,-0.0042174624686060185
6.6094507673752725,0.05263150808357201,-0.009503261254990436
6.6094507673752725,0.0731423493547288,-0.013794514955608659
6.6094507673752725,0.1025927647713422,-0.023818062876694863
6.6094507673752725,0.14481159820038791,-0.0290758916174196
6.6094507673752725,0.20234603287313824,-0.03302070092619811
6.6094507673752725,0.2834245013168247,-0.03633920266413626
6.6094507673752725,0.3967448265966417,-0.03704907959003429
6.6094507673752725,0.5552782518837672,-0.03416781044701507
6.6094507673752725,0.7774818770639701,-0.029961744998699618
6.6094507673752725,1.0884445474248694,-0.02506302994594476
6.6094507673752725,1.5237112672761537,-0.021966969009650325
6.6094507673752725,2.088426337077478,-0.021846471876511456
6.6094507673752725,2.685504776398588,-0.021468466316181684
6.761639782722777,0.01570796326794897,-0.00017189721706655815
6.761639782722777,0.023462558633972192,-0.0007607846886948582
6.761639782722777,0.03503514218779029,-0.003958300326523329
6.761639782722777,0.05263150808357201,-0.008972286015721082
6.761639782722777,0.0731423493547288,-0.013054156443080184
6.761639782722777,0.1025927647713422,-0.02293903765241656
6.761639782722777,0.14481159820038791,-0.028981564458268494
6.761639782722777,0.20234603287313824,-0.03382246609204586
6.761639782722777,0.2834245013168247,-0.03809650871971918
6.761639782722777,0.3967448265966417,-0.03932591727730717
6.761639782722777,0.5552782518837672,-0.036873517717135255
6.761639782722777,0.7774818770639701,-0.03262075227967954
6.761639782722777,1.0884445474248694,-0.027307745719585014
6.761639782722777,1.5237112672761537,-0.02388658384695467
6.761639782722777,2.088426337077478,-0.023569298576712618
6.761639782722777,2.685504776398588,-0.022965798229063576
6.916872578377234,0.01570796326794897,-0.00015117729276059065
6.916872578377234,0.023462558633972192,-0.0006978516731915456
6.916872578377234,0.03503514218779029,-0.003660407802351911
6.916872578377234,0.05263150808357201,-0.0083379388787405
6.916872578377234,0.0731423493547288,-0.012184522609214144
6.916872578377234,0.1025927647713422,-0.02177172238497103
6.916872578377234,0.14481159820038791,-0.028337639469262738
6.916872578377234,0.20234603287313824,-0.033949919682828136
6.916872578377234,0.2834245013168247,-0.03923892369882972
6.916872578377234,0.3967448265966417,-0.04102763981415767
6.916872578377234,0.5552782518837672,-0.039087061754635104
6.916872578377234,0.7774818770639701,-0.03484726769565112
6.916872578377234,1.0884445474248694,-0.0293690134354534
6.916872578377234,1.5237112672761537,-0.025544341214248062
6.916872578377234,2.088426337077478,-0.025032451571606988
6.916872578377234,2.685504776398588,-0.024131350741327263
7.075210029944778,0.01570796326794897,-0.00013714973105951743
7.075210029944778,0.023462558633972192,-0.0006399007710006338
7.075210029944778,0.03503514218779029,-0.0033769617461786947
7.075210029944778,0.05263150808357201,-0.007662449017860911
7.075210029944778,0.0731423493547288,-0.011304264707803793
7.075210029944778,0.1025927647713422,-0.0204416428342747
7.075210029944778,0.14481159820038791,-0.02728601600832716
7.075210029944778,0.20234603287313824,-0.03338375612012188
7.075210029944778,0.2834245013168247,-0.039618855872079896
7.075210029944778,0.3967448265966417,-0.04204842660974907
7.075210029944778,0.5552782518837672,-0.040652496790529805
7.075210029944778,0.7774818770639701,-0.03662674038974472
7.075210029944778,1.0884445474248694,-0.031041825813368312
7.075210029944778,1.5237112672761537,-0.02694157961528748
7.075210029944778,2.088426337077478,-0.026262666145153282
7.075210029944778,2.685504776398588,-0.02506841608519106
7.236714230543676,0.01570796326794897,-0.0001242230585839826
7.236714230543676,0.023462558633972192,-0.000587317900108279
7.236714230543676,0.03503514218779029,-0.003096497463550896
7.236714230543676,0.05263150808357201,-0.007007107570596709
7.236714230543676,0.0731423493547288,-0.010381473503103065
7.236714230543676,0.1025927647713422,-0.01903957991104696
7.236714230543676,0.14481159820038791,-0.02584642380666231
7.236714230543676,0.20234603287313824,-0.032347910066871176
7.236714230543676,0.2834245013168247,-0.03940001260485645
7.236714230543676,0.3967448265966417,-0.04247797016890238
7.236714230543676,0.5552782518837672,-0.04169989689228862
7.236714230543676,0.7774818770639701,-0.038002068992798683
7.236714230543676,1.0884445474248694,-0.032401147686413105
7.236714230543676,1.5237112672761537,-0.028080450622480237
7.236714230543676,2.088426337077478,-0.027281078353930538
7.236714230543676,2.685504776398588,-0.02575314153663784
7.401448515154549,0.01570796326794897,-0.00010940890186689131
7.401448515154549,0.023462558633972192,-0.0005308007646221978
7.401448515154549,0.03503514218779029,-0.002821880956874611
7.401448515154549,0.05263150808357201,-0.006383672732488325
7.401448515154549,0.0731423493547288,-0.00946089194296036
7.401448515154549,0.1025927647713422,-0.01756538394901589
7.401448515154549,0.14481159820038791,-0.024218406041496027
7.401448515154549,0.20234603287313824,-0.03097966197714552
7.401448515154549,0.2834245013168247,-0.03858947290560402
7.401448515154549,0.3967448265966417,-0.04228862490407681
7.401448515154549,0.5552782518837672,-0.042277209045525004
7.401448515154549,0.7774818770639701,-0.03885520803150085
7.401448515154549,1.0884445474248694,-0.03337315251351505
7.401448515154549,1.5237112672761537,-0.029033415645821712
7.401448515154549,2.088426337077478,-0.02812431843685167
7.401448515154549,2.685504776398588,-0.026425417077585653
7.5694774854576385,0.01570796326794897,-9.726809095418315e-05
7.5694774854576385,0.023462558633972192,-0.00048377904402475595
7.5694774854576385,0.03503514218779029,-0.0025795559619927826
7.5694774854576385,0.05263150808357201,-0.0058219425203304654
7.5694774854576385,0.0731423493547288,-0.008613360551967401
7.5694774854576385,0.1025927647713422,-0.01611237617453461
7.5694774854576385,0.14481159820038791,-0.02246223717443167
7.5694774854576385,0.20234603287313824,-0.02930928943573188
7.5694774854576385,0.2834245013168247,-0.037345276959586234
7.5694774854576385,0.3967448265966417,-0.04158633686305078
7.5694774854576385,0.5552782518837672,-0.04228950419090401
7.5694774854576385,0.7774818770639701,-0.03931977284526132
7.5694774854576385,1.0884445474248694,-0.034025939137512964
7.5694774854576385,1.5237112672761537,-0.029742379003953424
7.5694774854576385,2.088426337077478,-0.02871686385412465
7.5694774854576385,2.685504776398588,-0.02685299273347735
7.740867035166793,0.01570796326794897,-8.663148868689212e-05
7.740867035166793,0.023462558633972192,-0.0004411278740284002
7.740867035166793,0.03503514218779029,-0.0023574309720530537
7.740867035166793,0.05263150808357201,-0.005311354581337999
7.740867035166793,0.0731423493547288,-0.007833591419821333
7.740867035166793,0.1025927647713422,-0.014740241469290734
7.740867035166793,0.14481159820038791,-0.020697951578209653
7.740867035166793,0.20234603287313824,-0.027423596503449856
7.740867035166793,0.2834245013168247,-0.035679113751481334
7.740867035166793,0.3967448265966417,-0.040453150578090284
7.740867035166793,0.5552782518837672,-0.04183687481893734
7.740867035166793,0.7774818770639701,-0.039378819163472405
7.740867035166793,1.0884445474248694,-0.03436403597155402
7.740867035166793,1.5237112672761537,-0.030112509302816205
7.740867035166793,2.088426337077478,-0.029091873133894018
7.740867035166793,2.685504776398588,-0.026987568302238186
7.915684375870128,0.01570796326794897,-7.744917499217872e-05
7.915684375870128,0.023462558633972192,-0.0004040100645850316
7.915684375870128,0.03503514218779029,-0.0021522259580203365
7.915684375870128,0.05263150808357201,-0.004839882709278828
7.915684375870128,0.0731423493547288,-0.0070977571695358095
7.915684375870128,0.1025927647713422,-0.013417512323603423
7.915684375870128,0.14481159820038791,-0.018945156764988532
7.915684375870128,0.20234603287313824,-0.02546331176116275
7.915684375870128,0.2834245013168247,-0.03372786979545022
7.915684375870128,0.3967448265966417,-0.03898934756312029
7.915684375870128,0.5552782518837672,-0.04097099096240569
7.915684375870128,0.7774818770639701,-0.03903706798688191
7.915684375870128,1.0884445474248694,-0.03440146724152321
7.915684375870128,1.5237112672761537,-0.030276387213053976
7.915684375870128,2.088426337077478,-0.02923370040805592
7.915684375870128,2.685504776398588,-0.02695851025639554
8.093998063387529,0.01570796326794897,-6.999499275437e-05
8.093998063387529,0.023462558633972192,-0.0003693937363932565
8.093998063387529,0.03503514218779029,-0.00195053312007088
8.093998063387529,0.05263150808357201,-0.004394213205154147
8.093998063387529,0.0731423493547288,-0.0064238686425512215
8.093998063387529,0.1025927647713422,-0.012196818996248379
8.093998063387529,0.14481159820038791,-0.017275895810948703
8.093998063387529,0.20234603287313824,-0.023456252900060023
8.093998063387529,0.2834245013168247,-0.031578696271210856
8.093998063387529,0.3967448265966417,-0.0372425639991046
8.093998063387529,0.5552782518837672,-0.03973151354680588
8.093998063387529,0.7774818770639701,-0.03832852120372708
8.093998063387529,1.0884445474248694,-0.03410532630055633
8.093998063387529,1.5237112672761537,-0.030257863331958325
8.093998063387529,2.088426337077478,-0.029193182380447432
8.093998063387529,2.685504776398588,-0.026867732028676667
8.275878024655281,0.01570796326794897,-6.31189600150078e-05
8.275878024655281,0.023462558633972192,-0.0003370165955236267
8.275878024655281,0.03503514218779029,-0.0017654711668352876
8.275878024655281,0.05263150808357201,-0.003980776652992502
8.275878024655281,0.0731423493547288,-0.005819059329396253
8.275878024655281,0.1025927647713422,-0.011038757105567213
8.275878024655281,0.14481159820038791,-0.015680359838086036
8.275878024655281,0.20234603287313824,-0.02148427488381395
8.275878024655281,0.2834245013168247,-0.029340842701638295
8.275878024655281,0.3967448265966417,-0.03523951352886582
8.275878024655281,0.5552782518837672,-0.03819151321437232
8.275878024655281,0.7774818770639701,-0.03731153298557185
8.275878024655281,1.0884445474248694,-0.033525267888588985
8.275878024655281,1.5237112672761537,-0.029987359858102313
8.275878024655281,2.088426337077478,-0.02899529357570217
8.275878024655281,2.685504776398588,-0.02649472879619144
8.461395585148386,0.01570796326794897,-5.543067203623587e-05
8.461395585148386,0.023462558633972192,-0.00030474902783900665
8.461395585148386,0.03503514218779029,-0.0015908096314278346
8.461395585148386,0.05263150808357201,-0.0036062030079423843
8.461395585148386,0.0731423493547288,-0.005262995466712347
8.461395585148386,0.1025927647713422,-0.009972144968992656
8.461395585148386,0.14481159820038791,-0.014180967343404469
8.461395585148386,0.20234603287313824,-0.019592234272392924
8.461395585148386,0.2834245013168247,-0.027039766102664373
8.461395585148386,0.3967448265966417,-0.033070967726642024
8.461395585148386,0.5552782518837672,-0.03639875862315418
8.461395585148386,0.7774818770639701,-0.03601925231385395
8.461395585148386,1.0884445474248694,-0.032726812412790865
8.461395585148386,1.5237112672761537,-0.02954682582201826
8.461395585148386,2.088426337077478,-0.028638633616878517
8.461395585148386,2.685504776398588,-0.02611125517799581
8.650623496851354,0.01570796326794897,-4.912911371389644e-05
8.650623496851354,0.023462558633972192,-0.0002741827821335692
8.650623496851354,0.03503514218779029,-0.0014312306912642634
8.650623496851354,0.05263150808357201,-0.003258231611472677
8.650623496851354,0.0731423493547288,-0.004756972006477235
8.650623496851354,0.1025927647713422,-0.008976212641204438
8.650623496851354,0.14481159820038791,-0.012803383100927235
8.650623496851354,0.20234603287313824,-0.017811681444276632
8.650623496851354,0.2834245013168247,-0.024794782465446325
8.650623496851354,0.3967448265966417,-0.030754954274320005
8.650623496851354,0.5552782518837672,-0.03438993643581992
8.650623496851354,0.7774818770639701,-0.03447520110681161
8.650623496851354,1.0884445474248694,-0.03169678789407808
8.650623496851354,1.5237112672761537,-0.028883874204664883
8.650623496851354,2.088426337077478,-0.028113278886114576
8.650623496851354,2.685504776398588,-0.025378852620393563
8.843635966788382,0.01570796326794897,-4.2746991248796336e-05
8.843635966788382,0.023462558633972192,-0.00024701290503614684
8.843635966788382,0.03503514218779029,-0.0012832023801130515
8.843635966788382,0.05263150808357201,-0.002935381800378119
8.843635966788382,0.0731423493547288,-0.004288001579371906
8.843635966788382,0.1025927647713422,-0.008066726768339874
8.843635966788382,0.14481159820038791,-0.011513312586565162
8.843635966788382,0.20234603287313824,-0.016111613531559134
8.843635966788382,0.2834245013168247,-0.0226115024110441
8.843635966788382,0.3967448265966417,-0.028428405685323788
8.843635966788382,0.5552782518837672,-0.03223941529638355
8.843635966788382,0.7774818770639701,-0.032761327801381725
8.843635966788382,1.0884445474248694,-0.03049918875077352
8.843635966788382,1.5237112672761537,-0.028076081289618648
8.843635966788382,2.088426337077478,-0.02749068786077651
8.843635966788382,2.685504776398588,-0.024627355807070574
9.04050868612415,0.01570796326794897,-3.7609002772082645e-05
9.04050868612415,0.023462558633972192,-0.00022055513515412562
9.04050868612415,0.03503514218779029,-0.0011470565145523005
9.04050868612415,0.05263150808357201,-0.0026301302802593423
9.04050868612415,0.0731423493547288,-0.003843712085438224
9.04050868612415,0.1025927647713422,-0.007221490134771664
9.04050868612415,0.14481159820038791,-0.010324403143114207
9.04050868612415,0.20234603287313824,-0.014503079531535016
9.04050868612415,0.2834245013168247,-0.020516019454851157
9.04050868612415,0.3967448265966417,-0.02609266812476652
9.04050868612415,0.5552782518837672,-0.030017898692066013
9.04050868612415,0.7774818770639701,-0.03092293418741815
9.04050868612415,1.0884445474248694,-0.029114393074816367
9.04050868612415,1.5237112672761537,-0.02714698051282196
9.04050868612415,2.088426337077478,-0.02668193199699809
9.04050868612415,2.685504776398588,-0.02384608890287092
9.241318859846633,0.01570796326794897,-3.322592431730156e-05
9.241318859846633,0.023462558633972192,-0.00019536258418661532
9.241318859846633,0.03503514218779029,-0.0010238281223078484
9.241318859846633,0.05263150808357201,-0.0023560227898815557
9.241318859846633,0.0731423493547288,-0.0034348947015518114
9.241318859846633,0.1025927647713422,-0.006440663917548284
9.241318859846633,0.14481159820038791,-0.009228952793655577
9.241318859846633,0.20234603287313824,-0.013007433881930446
9.241318859846633,0.2834245013168247,-0.0185149214287222
9.241318859846633,0.3967448265966417,-0.023791364342570342
9.241318859846633,0.5552782518837672,-0.027756477247321568
9.241318859846633,0.7774818770639701,-0.0289820718377953
9.241318859846633,1.0884445474248694,-0.027645910827436292
9.241318859846633,1.5237112672761537,-0.026127381660815168
9.241318859846633,2.088426337077478,-0.025770055863863186
9.241318859846633,2.685504776398588,-0.02303732275959016
9.446145237043565,0.01570796326794897,-2.9419915397821496e-05
9.446145237043565,0.023462558633972192,-0.00017119192018160952
9.446145237043565,0.03503514218779029,-0.0009135086620059354
9.446145237043565,0.05263150808357201,-0.0020995651277214964
9.446145237043565,0.0731423493547288,-0.003065004111432444
9.446145237043565,0.1025927647713422,-0.005738400797311307
9.446145237043565,0.14481159820038791,-0.008237611713910891
9.446145237043565,0.20234603287313824,-0.011626474923868228
9.446145237043565,0.2834245013168247,-0.016644292638858194
9.446145237043565,0.3967448265966417,-0.021564276236229515
9.446145237043565,0.5552782518837672,-0.02549912990223397
9.446145237043565,0.7774818770639701,-0.02698690140949599
9.446145237043565,1.0884445474248694,-0.026079709127432217
9.446145237043565,1.5237112672761537,-0.024962443381804443
9.446145237043565,2.088426337077478,-0.024811222934085404
9.446145237043565,2.685504776398588,-0.02207483365688496
9.655068141784435,0.01570796326794897,-2.567268046239895e-05
9.655068141784435,0.023462558633972192,-0.00015138069787317361
9.655068141784435,0.03503514218779029,-0.0008104965465719202
9.655068141784435,0.05263150808357201,-0.001866821774539622
9.655068141784435,0.0731423493547288,-0.002724035342259689
9.655068141784435,0.1025927647713422,-0.005095735567758751
9.655068141784435,0.14481159820038791,-0.007329471375499481
9.655068141784435,0.20234603287313824,-0.010357101940669215
9.655068141784435,0.2834245013168247,-0.014901592305426524
9.655068141784435,0.3967448265966417,-0.019433360299779604
9.655068141784435,0.5552782518837672,-0.02326113261696412
9.655068141784435,0.7774818770639701,-0.02495080372276564
9.655068141784435,1.0884445474248694,-0.02444553221751209
9.655068141784435,1.5237112672761537,-0.02372734139518223
9.655068141784435,2.088426337077478,-0.023742590831081045
9.655068141784435,2.685504776398588,-0.02097899247052952
9.868169504620123,0.01570796326794897,-2.269703098615457e-05
9.868169504620123,0.023462558633972192,-0.00013263036454571662
9.868169504620123,0.03503514218779029,-0.000716089526585199
9.868169504620123,0.05263150808357201,-0.00165487646125762
9.868169504620123,0.0731423493547288,-0.0024132084147632433
9.868169504620123,0.1025927647713422,-0.004506178799871398
9.868169504620123,0.14481159820038791,-0.006487035554624497
9.868169504620123,0.20234603287313824,-0.009183599556269368
9.868169504620123,0.2834245013168247,-0.013273717441833184
9.868169504620123,0.3967448265966417,-0.017415901676946892
9.868169504620123,0.5552782518837672,-0.021089710991787015
9.868169504620123,0.7774818770639701,-0.022915790735581518
9.868169504620123,1.0884445474248694,-0.02275492580311597
9.868169504620123,1.5237112672761537,-0.022409649064237664
9.868169504620123,2.088426337077478,-0.022548866164971218
9.868169504620123,2.685504776398588,-0.01986775358514937
10.085532894712527,0.01570796326794897,-1.965598892118577e-05
10.085532894712527,0.023462558633972192,-0.0001149894963098001
10.085532894712527,0.03503514218779029,-0.0006306334615867043
10.085532894712527,0.05263150808357201,-0.001460007197130271
10.085532894712527,0.0731423493547288,-0.002129619149701267
10.085532894712527,0.1025927647713422,-0.003967228412550132
10.085532894712527,0.14481159820038791,-0.005725087410272993
10.085532894712527,0.20234603287313824,-0.008115891688212022
10.085532894712527,0.2834245013168247,-0.011774507532115308
10.085532894712527,0.3967448265966417,-0.015525052642344822
10.085532894712527,0.5552782518837672,-0.01898297675858704
10.085532894712527,0.7774818770639701,-0.020908139226978092
10.085532894712527,1.0884445474248694,-0.02104867859146009
10.085532894712527,1.5237112672761537,-0.021039859114955584
10.085532894712527,2.088426337077478,-0.021276832503730757
10.085532894712527,2.685504776398588,-0.018692999065830728
10.30724355260678,0.01570796326794897,-1.6924277395431975e-05
10.30724355260678,0.023462558633972192,-0.00010053147688184088
10.30724355260678,0.03503514218779029,-0.0005550884841539197
10.30724355260678,0.05263150808357201,-0.001284202886754161
10.30724355260678,0.0731423493547288,-0.0018743343873983626
10.30724355260678,0.1025927647713422,-0.0034828821539358164
10.30724355260678,0.14481159820038791,-0.005034263311753784
10.30724355260678,0.20234603287313824,-0.007148172270225035
10.30724355260678,0.2834245013168247,-0.010403794900787742
10.30724355260678,0.3967448265966417,-0.013760784787463464
10.30724355260678,0.5552782518837672,-0.016986593846373157
10.30724355260678,0.7774818770639701,-0.01895492028515781
10.30724355260678,1.0884445474248694,-0.019353750958937016
10.30724355260678,1.5237112672761537,-0.01961718968707001
10.30724355260678,2.088426337077478,-0.019979967557866168
10.30724355260678,2.685504776398588,-0.017578761266502294
10.533388423658916,0.01570796326794897,-1.4717944161390851e-05
10.533388423658916,0.023462558633972192,-8.704053140047231e-05
10.533388423658916,0.03503514218779029,-0.00048631047311494533
10.533388423658916,0.05263150808357201,-0.0011254220296704092
10.533388423658916,0.0731423493547288,-0.0016415430233708446
10.533388423658916,0.1025927647713422,-0.0030431063057827718
10.533388423658916,0.14481159820038791,-0.004411283214084805
10.533388423658916,0.20234603287313824,-0.006269934569395679
10.533388423658916,0.2834245013168247,-0.009155843138198156
10.533388423658916,0.3967448265966417,-0.012154181960913116
10.533388423658916,0.5552782518837672,-0.015124549602752257
10.533388423658916,0.7774818770639701,-0.017081519638221798
10.533388423658916,1.0884445474248694,-0.017698286779464438
10.533388423658916,1.5237112672761537,-0.01820816112213039
10.533388423658916,2.088426337077478,-0.01864964000884125
10.533388423658916,2.685504776398588,-0.016402609005148172
10.764056192132092,0.01570796326794897,-1.27955646538143e-05
10.764056192132092,0.023462558633972192,-7.578096596653217e-05
10.764056192132092,0.03503514218779029,-0.0004243953093326436
10.764056192132092,0.05263150808357201,-0.0009824700412923166
10.764056192132092,0.0731423493547288,-0.0014312662327294814
10.764056192132092,0.1025927647713422,-0.002647102484360148
10.764056192132092,0.14481159820038791,-0.0038486376170096272
10.764056192132092,0.20234603287313824,-0.005477518391382907
10.764056192132092,0.2834245013168247,-0.008011468107937953
10.764056192132092,0.3967448265966417,-0.010680792850004905
10.764056192132092,0.5552782518837672,-0.013375979670518016
10.764056192132092,0.7774818770639701,-0.015281482721427684
10.764056192132092,1.0884445474248694,-0.016085560770685584
10.764056192132092,1.5237112672761537,-0.016790756774006536
10.764056192132092,2.088426337077478,-0.017324410150030608
10.764056192132092,2.685504776398588,-0.015253914665395203
10.999337315974737,0.01570796326794897,-1.1032372273407004e-05
10.999337315974737,0.023462558633972192,-6.48924349146572e-05
10.999337315974737,0.03503514218779029,-0.0003677731326684357
10.999337315974737,0.05263150808357201,-0.0008533712750900428
10.999337315974737,0.0731423493547288,-0.0012430792152359176
10.999337315974737,0.1025927647713422,-0.002295163137223386
10.999337315974737,0.14481159820038791,-0.003338842105334707
10.999337315974737,0.20234603287313824,-0.0047604652242643755
10.999337315974737,0.2834245013168247,-0.006984694956057964
10.999337315974737,0.3967448265966417,-0.009338419861800722
10.999337315974737,0.5552782518837672,-0.011772207257508363
10.999337315974737,0.7774818770639701,-0.013601409222697888
10.999337315974737,1.0884445474248694,-0.014517422215027526
10.999337315974737,1.5237112672761537,-0.0154055947844141
10.999337315974737,2.088426337077478,-0.016061922030684333
10.999337315974737,2.685504776398588,-0.014119220374341162
11.23932406229423,0.01570796326794897,-9.297103906438403e-06
11.23932406229423,0.023462558633972192,-5.573200197078512e-05
11.23932406229423,0.03503514218779029,-0.0003169202164198131
11.23932406229423,0.05263150808357201,-0.0007411720157363218
11.23932406229423,0.0731423493547288,-0.0010758244073518577
11.23932406229423,0.1025927647713422,-0.0019815082479964575
11.23932406229423,0.14481159820038791,-0.0028909092068891327
11.23932406229423,0.20234603287313824,-0.004121108009254562
11.23932406229423,0.2834245013168247,-0.006054754391247193
11.23932406229423,0.3967448265966417,-0.008116034214503062
11.23932406229423,0.5552782518837672,-0.010302786517386328
11.23932406229423,0.7774818770639701,-0.01202916227084937
11.23932406229423,1.0884445474248694,-0.013043075043852085
11.23932406229423,1.5237112672761537,-0.014045546014181523
11.23932406229423,2.088426337077478,-0.014779338853475713
11.23932406229423,2.685504776398588,-0.012962524659230592
11.484110543540115,0.01570796326794897,-7.703290296234571e-06
11.484110543540115,0.023462558633972192,-4.705328872569219e-05
11.484110543540115,0.03503514218779029,-0.0002725982039427301
11.484110543540115,0.05263150808357201,-0.0006400228063603182
11.484110543540115,0.0731423493547288,-0.0009264044403118667
11.484110543540115,0.1025927647713422,-0.0017017988587286635
11.484110543540115,0.14481159820038791,-0.002486398840536467
11.484110543540115,0.20234603287313824,-0.003546668050615975
11.484110543540115,0.2834245013168247,-0.005227831330327801
11.484110543540115,0.3967448265966417,-0.0070245857229192825
11.484110543540115,0.5552782518837672,-0.00896640653365399
11.484110543540115,0.7774818770639701,-0.010572913801595678
11.484110543540115,1.0884445474248694,-0.0116320138169063
11.484110543540115,1.5237112672761537,-0.012745259476828892
11.484110543540115,2.088426337077478,-0.013513206253168528
11.484110543540115,2.685504776398588,-0.011850620875048094
11.733792754410914,0.01570796326794897,-6.6566070932806e-06
11.733792754410914,0.023462558633972192,-3.999563505796336e-05
11.733792754410914,0.03503514218779029,-0.00023323099743209185
11.733792754410914,0.05263150808357201,-0.0005489564452550417
11.733792754410914,0.0731423493547288,-0.0007948533567059325
11.733792754410914,0.1025927647713422,-0.00145268204659917
11.733792754410914,0.14481159820038791,-0.0021327257732639323
11.733792754410914,0.20234603287313824,-0.003041332362245045
11.733792754410914,0.2834245013168247,-0.004489626793477907
11.733792754410914,0.3967448265966417,-0.0060430722398949685
11.733792754410914,0.5552782518837672,-0.007754048937859608
11.733792754410914,0.7774818770639701,-0.009247044174272016
11.733792754410914,1.0884445474248694,-0.010335095307450705
11.733792754410914,1.5237112672761537,-0.011489568198427877
11.733792754410914,2.088426337077478,-0.012313667000617569
11.733792754410914,2.685504776398588,-0.01083763710009742
11.988468609499135,0.01570796326794897,-5.6582868056081375e-06
11.988468609499135,0.023462558633972192,-3.343728725374784e-05
11.988468609499135,0.03503514218779029,-0.0001978639748410305
11.988468609499135,0.05263150808357201,-0.00046927230775964005
11.988468609499135,0.0731423493547288,-0.0006791075011457541
11.988468609499135,0.1025927647713422,-0.0012385644279456105
11.988468609499135,0.14481159820038791,-0.0018165992043853289
11.988468609499135,0.20234603287313824,-0.0025945065282297715
11.988468609499135,0.2834245013168247,-0.0038354748290389687
11.988468609499135,0.3967448265966417,-0.005171256441964498
11.988468609499135,0.5552782518837672,-0.006672637022095313
11.988468609499135,0.7774818770639701,-0.008044836917597338
11.988468609499135,1.0884445474248694,-0.00912917931132859
11.988468609499135,1.5237112672761537,-0.010301235758816332
11.988468609499135,2.088426337077478,-0.011145419898032643
11.988468609499135,2.685504776398588,-0.009856155931841736
12.248237981689115,0.01570796326794897,-4.725121354439148e-06
12.248237981689115,0.023462558633972192,-2.8534836605751836e-05
12.248237981689115,0.03503514218779029,-0.00016762099389523982
12.248237981689115,0.05263150808357201,-0.0003983557189941358
12.248237981689115,0.0731423493547288,-0.0005757140459350926
12.248237981689115,0.1025927647713422,-0.0010492241284365004
12.248237981689115,0.14481159820038791,-0.001540538867216312
12.248237981689115,0.20234603287313824,-0.0021975616334870365
12.248237981689115,0.2834245013168247,-0.0032602012835824326
12.248237981689115,0.3967448265966417,-0.004402225071394553
12.248237981689115,0.5552782518837672,-0.005712850236719469
12.248237981689115,0.7774818770639701,-0.006968478276041997
12.248237981689115,1.0884445474248694,-0.0080199499954122
12.248237981689115,1.5237112672761537,-0.009182840792830846
12.248237981689115,2.088426337077478,-0.010067763069607627
12.248237981689115,2.685504776398588,-0.00895848371605068
12.513202741322901,0.01570796326794897,-3.8740169924410106e-06
12.513202741322901,0.023462558633972192,-2.381269993701031e-05
12.513202741322901,0.03503514218779029,-0.00014034341529737168
12.513202741322901,0.05263150808357201,-0.0003361175558818672
12.513202741322901,0.0731423493547288,-0.0004859772936676802
12.513202741322901,0.1025927647713422,-0.0008863920517282844
12.513202741322901,0.14481159820038791,-0.001299508604157561
12.513202741322901,0.20234603287313824,-0.0018510699894166809
12.513202741322901,0.2834245013168247,-0.0027551041849783247
12.513202741322901,0.3967448265966417,-0.003731727234089781
12.513202741322901,0.5552782518837672,-0.00486129237910976
12.513202741322901,0.7774818770639701,-0.006000652208846272
12.513202741322901,1.0884445474248694,-0.006993948510173616
12.513202741322901,1.5237112672761537,-0.008145205329240162
12.513202741322901,2.088426337077478,-0.009018216101956977
12.513202741322901,2.685504776398588,-0.008059852182091466
12.783466796149359,0.01570796326794897,-3.2680606221181604e-06
12.783466796149359,0.023462558633972192,-1.991468656166013e-05
12.783466796149359,0.03503514218779029,-0.00011792783585403171
12.783466796149359,0.05263150808357201,-0.0002831948293402839
12.783466796149359,0.0731423493547288,-0.00040658650199124286
12.783466796149359,0.1025927647713422,-0.0007399580231675551
12.783466796149359,0.14481159820038791,-0.0010896550002765745
12.783466796149359,0.20234603287313824,-0.0015530121333848727
12.783466796149359,0.2834245013168247,-0.0023147896707188327
12.783466796149359,0.3967448265966417,-0.003140725884025954
12.783466796149359,0.5552782518837672,-0.004113764772676875
12.783466796149359,0.7774818770639701,-0.005131225939139773
12.783466796149359,1.0884445474248694,-0.006066994254841289
12.783466796149359,1.5237112672761537,-0.007176876222180095
12.783466796149359,2.088426337077478,-0.008027409966914393
12.783466796149359,2.685504776398588,-0.007248350008986464
13.059136132072346,0.01570796326794897,-2.7416017501511144e-06
13.059136132072346,0.023462558633972192,-1.6860355448469297e-05
13.059136132072346,0.03503514218779029,-9.792974911287562e-05
13.059136132072346,0.05263150808357201,-0.0002361137285605337
13.059136132072346,0.0731423493547288,-0.0003402383981464185
13.059136132072346,0.1025927647713422,-0.0006177648394511216
13.059136132072346,0.14481159820038791,-0.0009120565612633853
13.059136132072346,0.20234603287313824,-0.0012961615689538431
13.059136132072346,0.2834245013168247,-0.0019351591581541067
13.059136132072346,0.3967448265966417,-0.002631212823578536
13.059136132072346,0.5552782518837672,-0.003466990872741952
13.059136132072346,0.7774818770639701,-0.00436638204679334
13.059136132072346,1.0884445474248694,-0.005231732797530076
13.059136132072346,1.5237112672761537,-0.006284861780923188
13.059136132072346,2.088426337077478,-0.007108290742843866
13.059136132072346,2.685504776398588,-0.006462233843945923
13.340318854713793,0.01570796326794897,-2.3671431415850184e-06
13.340318854713793,0.023462558633972192,-1.357868143872124e-05
13.340318854713793,0.03503514218779029,-8.089004244020664e-05
13.340318854713793,0.05263150808357201,-0.0001959801349092229
13.340318854713793,0.0731423493547288,-0.0002829128029107495
13.340318854713793,0.1025927647713422,-0.0005122579147674068
13.340318854713793,0.14481159820038791,-0.0007585470908874593
13.340318854713793,0.20234603287313824,-0.0010733734186111313
13.340318854713793,0.2834245013168247,-0.0016078869721108992
13.340318854713793,0.3967448265966417,-0.002192725496143286
13.340318854713793,0.5552782518837672,-0.0028999305617208016
13.340318854713793,0.7774818770639701,-0.0036893874823387116
13.340318854713793,1.0884445474248694,-0.004487079902762486
13.340318854713793,1.5237112672761537,-0.00547014671160852
13.340318854713793,2.088426337077478,-0.006242596839877361
13.340318854713793,2.685504776398588,-0.005701920551624539
13.627125231808071,0.01570796326794897,-2.052399256481908e-06
13.627125231808071,0.023462558633972192,-1.1020388472392917e-05
13.627125231808071,0.03503514218779029,-6.638247523258887e-05
13.627125231808071,0.05263150808357201,-0.00016207867865110584
13.627125231808071,0.0731423493547288,-0.000233501505515336
13.627125231808071,0.1025927647713422,-0.0004224059873927987
13.627125231808071,0.14481159820038791,-0.000626771246781329
13.627125231808071,0.20234603287313824,-0.0008879724518668443
13.627125231808071,0.2834245013168247,-0.0013289206970143836
13.627125231808071,0.3967448265966417,-0.001818495924714389
13.627125231808071,0.5552782518837672,-0.002414927334992156
13.627125231808071,0.7774818770639701,-0.003101884970155231
13.627125231808071,1.0884445474248694,-0.003827603195633385
13.627125231808071,1.5237112672761537,-0.004730627926374744
13.627125231808071,2.088426337077478,-0.0054559586438844565
13.627125231808071,2.685504776398588,-0.00499945410117869
13.91966773644423,0.01570796326794897,-1.7536613748739276e-06
13.91966773644423,0.023462558633972192,-9.080132942817197e-06
13.91966773644423,0.03503514218779029,-5.430966406149989e-05
13.91966773644423,0.05263150808357201,-0.00013299338141352162
13.91966773644423,0.0731423493547288,-0.000191449467294584
13.91966773644423,0.1025927647713422,-0.0003456205357130396
13.91966773644423,0.14481159820038791,-0.0005119703005775666
13.91966773644423,0.20234603287313824,-0.0007284594560281433
13.91966773644423,0.2834245013168247,-0.0010902032895558822
13.91966773644423,0.3967448265966417,-0.0014997963084139145
13.91966773644423,0.5552782518837672,-0.001994467047284548
13.91966773644423,0.7774818770639701,-0.0025848941492117397
13.91966773644423,1.0884445474248694,-0.003241672174670831
13.91966773644423,1.5237112672761537,-0.0040558562919206015
13.91966773644423,2.088426337077478,-0.004729565250606656
13.91966773644423,2.685504776398588,-0.004370668971104418
14.218061091173114,0.01570796326794897,-1.4048148057271008e-06
14.218061091173114,0.023462558633972192,-7.232842691755995e-06
14.218061091173114,0.03503514218779029,-4.4682356490506016e-05
14.218061091173114,0.05263150808357201,-0.00010856473811841673
14.218061091173114,0.0731423493547288,-0.0001567071586139764
14.218061091173114,0.1025927647713422,-0.0002830033270549822
14.218061091173114,0.14481159820038791,-0.0004179895213387512
14.218061091173114,0.20234603287313824,-0.0005967711951449568
14.218061091173114,0.2834245013168247,-0.0008940895890616037
14.218061091173114,0.3967448265966417,-0.001231279820099384
14.218061091173114,0.5552782518837672,-0.0016482059024563668
14.218061091173114,0.7774818770639701,-0.0021547659221631066
14.218061091173114,1.0884445474248694,-0.002734600309472316
14.218061091173114,1.5237112672761537,-0.003462516677169126
14.218061091173114,2.088426337077478,-0.004077531525730307
14.218061091173114,2.685504776398588,-0.0037817734847816545
14.52242231299658,0.01570796326794897,-1.1189760898252657e-06
14.52242231299658,0.023462558633972192,-5.9576553912216755e-06
14.52242231299658,0.03503514218779029,-3.608882272260449e-05
14.52242231299658,0.05263150808357201,-8.798430817531013e-05
14.52242231299658,0.0731423493547288,-0.00012726717289453465
14.52242231299658,0.1025927647713422,-0.00022911736208827251
14.52242231299658,0.14481159820038791,-0.00033850733306214594
14.52242231299658,0.20234603287313824,-0.0004845286043553632
14.52242231299658,0.2834245013168247,-0.0007255336850289992
14.52242231299658,0.3967448265966417,-0.0010038895568067006
14.52242231299658,0.5552782518837672,-0.001350184321756609
14.52242231299658,0.7774818770639701,-0.0017797699721223575
14.52242231299658,1.0884445474248694,-0.0022907574438339666
14.52242231299658,1.5237112672761537,-0.002938543934191717
14.52242231299658,2.088426337077478,-0.003501778372364173
14.52242231299658,2.685504776398588,-0.0032752497911752595
14.83287075925651,0.01570796326794897,-8.764155582016558e-07
14.83287075925651,0.023462558633972192,-4.741344836839255e-06
14.83287075925651,0.03503514218779029,-2.8884509059483643e-05
14.83287075925651,0.05263150808357201,-7.08903387930995e-05
14.83287075925651,0.0731423493547288,-0.000102063007802837
14.83287075925651,0.1025927647713422,-0.00018447613389571154
14.83287075925651,0.14481159820038791,-0.00027331953922282595
14.83287075925651,0.20234603287313824,-0.000392549093973787
14.83287075925651,0.2834245013168247,-0.0005867265077900117
14.83287075925651,0.3967448265966417,-0.0008115551303794622
14.83287075925651,0.5552782518837672,-0.0010953206871910618
14.83287075925651,0.7774818770639701,-0.001459010320095856
14.83287075925651,1.0884445474248694,-0.0019061197687559911
14.83287075925651,1.5237112672761537,-0.002474989199805628
14.83287075925651,2.088426337077478,-0.002987829018842341
14.83287075925651,2.685504776398588,-0.002813506762770981
15.149528174441643,0.01570796326794897,-7.301049935080362e-07
15.149528174441643,0.023462558633972192,-3.841612334293619e-06
15.149528174441643,0.03503514218779029,-2.312422767810441e-05
15.149528174441643,0.05263150808357201,-5.71735257372313e-05
15.149528174441643,0.0731423493547288,-8.218082729820904e-05
15.149528174441643,0.1025927647713422,-0.00014944084233604283
15.149528174441643,0.14481159820038791,-0.00022042511664445931
15.149528174441643,0.20234603287313824,-0.00031524512808360483
15.149528174441643,0.2834245013168247,-0.00047215288272945116
15.149528174441643,0.3967448265966417,-0.0006541416476910603
15.149528174441643,0.5552782518837672,-0.0008895050262661611
15.149528174441643,0.7774818770639701,-0.0011946035073574716
15.149528174441643,1.0884445474248694,-0.001579732252836724
15.149528174441643,1.5237112672761537,-0.0020765006170466193
15.149528174441643,2.088426337077478,-0.0025234552289833266
15.149528174441643,2.685504776398588,-0.0023873575970153717
15.472518737930475,0.01570796326794897,-6.273461032976667e-07
15.472518737930475,0.023462558633972192,-3.11876804138747e-06
15.472518737930475,0.03503514218779029,-1.8285436077577516e-05
15.472518737930475,0.05263150808357201,-4.554378976272226e-05
15.472518737930475,0.0731423493547288,-6.499021002712042e-05
15.472518737930475,0.1025927647713422,-0.0001194669211858634
15.472518737930475,0.14481159820038791,-0.00017672723336978178
15.472518737930475,0.20234603287313824,-0.0002514636237542092
15.472518737930475,0.2834245013168247,-0.0003781126986023186
15.472518737930475,0.3967448265966417,-0.0005235573583773387
15.472518737930475,0.5552782518837672,-0.0007144083184427571
15.472518737930475,0.7774818770639701,-0.0009692491476153188
15.472518737930475,1.0884445474248694,-0.0012970110269431322
15.472518737930475,1.5237112672761537,-0.0017246341961247125
15.472518737930475,2.088426337077478,-0.0021128847925496234
15.472518737930475,2.685504776398588,-0.0019945395088136406
15.801969112689084,0.01570796326794897,-4.859228055987905e-07
15.801969112689084,0.023462558633972192,-2.452690508669547e-06
15.801969112689084,0.03503514218779029,-1.383346345027214e-05
15.801969112689084,0.05263150808357201,-3.6133125130521465e-05
15.801969112689084,0.0731423493547288,-5.12648857137021e-05
15.801969112689084,0.1025927647713422,-9.437368134607613e-05
15.801969112689084,0.14481159820038791,-0.00013911097919791268
15.801969112689084,0.20234603287313824,-0.00019962621136746103
15.801969112689084,0.2834245013168247,-0.0002998551446895815
15.801969112689084,0.3967448265966417,-0.00041488607333798233
15.801969112689084,0.5552782518837672,-0.0005711322696255321
15.801969112689084,0.7774818770639701,-0.0007789269640853544
15.801969112689084,1.0884445474248694,-0.0010539232333272813
15.801969112689084,1.5237112672761537,-0.0014199624851724336
15.801969112689084,2.088426337077478,-0.0017504117371877096
15.801969112689084,2.685504776398588,-0.0016563110086889135
16.13800849494287,0.01570796326794897,-4.0152520716934656e-07
16.13800849494287,0.023462558633972192,-1.955125011952057e-06
16.13800849494287,0.03503514218779029,-1.0517256435196678e-05
16.13800849494287,0.05263150808357201,-2.8475734823560847e-05
16.13800849494287,0.0731423493547288,-4.103569350895178e-05
16.13800849494287,0.1025927647713422,-7.477461120274731e-05
16.13800849494287,0.14481159820038791,-0.00010981483650127748
16.13800849494287,0.20234603287313824,-0.00015705990853652837
16.13800849494287,0.2834245013168247,-0.00023655678721365366
16.13800849494287,0.3967448265966417,-0.00032850630944832786
16.13800849494287,0.5552782518837672,-0.00045405321986062385
16.13800849494287,0.7774818770639701,-0.0006260951468972193
16.13800849494287,1.0884445474248694,-0.0008527933877927595
16.13800849494287,1.5237112672761537,-0.001158428509996134
16.13800849494287,2.088426337077478,-0.0014400025539163988
16.13800849494287,2.685504776398588,-0.0013644957899143586
16.480768664841722,0.01570796326794897,-3.087918148651537e-07
16.480768664841722,0.023462558633972192,-1.5619277708276668e-06
16.480768664841722,0.03503514218779029,-7.966088379921003e-06
16.480768664841722,0.05263150808357201,-2.2448782374084656e-05
16.480768664841722,0.0731423493547288,-3.1789621696275674e-05
16.480768664841722,0.1025927647713422,-5.861369050530127e-05
16.480768664841722,0.14481159820038791,-8.55770660475278e-05
16.480768664841722,0.20234603287313824,-0.00012207086682060081
16.480768664841722,0.2834245013168247,-0.00018426269441032588
16.480768664841722,0.3967448265966417,-0.00025750516934286183
16.480768664841722,0.5552782518837672,-0.00035819880173814224
16.480768664841722,0.7774818770639701,-0.000498356532538357
16.480768664841722,1.0884445474248694,-0.0006820194035464345
16.480768664841722,1.5237112672761537,-0.0009397568447179404
16.480768664841722,2.088426337077478,-0.0011732907802358404
16.480768664841722,2.685504776398588,-0.0010994813160303037
16.83038403813856,0.01570796326794897,-2.3264248900559171e-07
16.83038403813856,0.023462558633972192,-1.1755406259493953e-06
16.83038403813856,0.03503514218779029,-6.229895229062433e-06
16.83038403813856,0.05263150808357201,-1.726735126222109e-05
16.83038403813856,0.0731423493547288,-2.455966348897322e-05
16.83038403813856,0.1025927647713422,-4.572727359182384e-05
16.83038403813856,0.14481159820038791,-6.680933217108185e-05
16.83038403813856,0.20234603287313824,-9.507184411266162e-05
16.83038403813856,0.2834245013168247,-0.00014327025668972525
16.83038403813856,0.3967448265966417,-0.0001996635120821087
16.83038403813856,0.5552782518837672,-0.00028094004630921116
16.83038403813856,0.7774818770639701,-0.0003929652921226663
16.83038403813856,1.0884445474248694,-0.0005423394350678149
16.83038403813856,1.5237112672761537,-0.0007521996394813704
16.83038403813856,2.088426337077478,-0.0009432395916582904
16.83038403813856,2.685504776398588,-0.0008946018196309992
17.186991718901332,0.01570796326794897,-1.7058009339400325e-07
17.186991718901332,0.023462558633972192,-9.71054817245917e-07
17.186991718901332,0.03503514218779029,-4.856995115999549e-06
17.186991718901332,0.05263150808357201,-1.3236813627114184e-05
17.186991718901332,0.0731423493547288,-1.9155926002691557e-05
17.186991718901332,0.1025927647713422,-3.466632685258063e-05
17.186991718901332,0.14481159820038791,-5.088586404373802e-05
17.186991718901332,0.20234603287313824,-7.260235422667041e-05
17.186991718901332,0.2834245013168247,-0.0001095108112838504
17.186991718901332,0.3967448265966417,-0.0001528297726518613
17.186991718901332,0.5552782518837672,-0.00021626484781862303
17.186991718901332,0.7774818770639701,-0.0003046391761053325
17.186991718901332,1.0884445474248694,-0.0004231889571645039
17.186991718901332,1.5237112672761537,-0.0005902467479924827
17.186991718901332,2.088426337077478,-0.000743726993913137
17.186991718901332,2.685504776398588,-0.0007095512098857773
17.55073155327936,0.01570796326794897,-1.4419758038791143e-07
17.55073155327936,0.023462558633972192,-7.439088625066119e-07
17.55073155327936,0.03503514218779029,-3.7306226323953974e-06
17.55073155327936,0.05263150808357201,-1.0032389502889736e-05
17.55073155327936,0.0731423493547288,-1.441738828204386e-05
17.55073155327936,0.1025927647713422,-2.6319258584057446e-05
17.55073155327936,0.14481159820038791,-3.8354078014492347e-05
17.55073155327936,0.20234603287313824,-5.494770110376836e-05
17.55073155327936,0.2834245013168247,-8.275805921968632e-05
17.55073155327936,0.3967448265966417,-0.00011596999737157927
17.55073155327936,0.5552782518837672,-0.00016517203181584642
17.55073155327936,0.7774818770639701,-0.00023447259611560566
17.55073155327936,1.0884445474248694,-0.0003277491918135038
17.55073155327936,1.5237112672761537,-0.0004595685366165081
17.55073155327936,2.088426337077478,-0.0005776853683575496
17.55073155327936,2.685504776398588,-0.0005498282807368763
17.92174618434495,0.01570796326794897,-1.1632070151586919e-07
17.92174618434495,0.023462558633972192,-4.839922595243033e-07
17.92174618434495,0.03503514218779029,-2.727926217805896e-06
17.92174618434495,0.05263150808357201,-7.327690618837088e-06
17.92174618434495,0.0731423493547288,-1.0682744147043872e-05
17.92174618434495,0.1025927647713422,-1.9198824516610933e-05
17.92174618434495,0.14481159820038791,-2.8531580036896147e-05
17.92174618434495,0.20234603287313824,-4.0915198733434206e-05
17.92174618434495,0.2834245013168247,-6.124545324399483e-05
17.92174618434495,0.3967448265966417,-8.615224947879801e-05
17.92174618434495,0.5552782518837672,-0.00012293784154259838
17.92174618434495,0.7774818770639701,-0.0001755496349437291
17.92174618434495,1.0884445474248694,-0.00024767925144549897
17.92174618434495,1.5237112672761537,-0.00034778873321249736
17.92174618434495,2.088426337077478,-0.0004418660466907275
17.92174618434495,2.685504776398588,-0.000423980618535078
18.300181108031847,0.01570796326794897,-9.182288062132367e-08
18.300181108031847,0.023462558633972192,-3.727609073115453e-07
18.300181108031847,0.03503514218779029,-2.015810148526241e-06
18.300181108031847,0.05263150808357201,-5.2710444565791684e-06
18.300181108031847,0.0731423493547288,-7.806063363410497e-06
18.300181108031847,0.1025927647713422,-1.3923665036943533e-05
18.300181108031847,0.14481159820038791,-2.0848110294929793e-05
18.300181108031847,0.20234603287313824,-2.9675232295390093e-05
18.300181108031847,0.2834245013168247,-4.449239540775354e-05
18.300181108031847,0.3967448265966417,-6.289451174123641e-05
18.300181108031847,0.5552782518837672,-9.068859493664012e-05
18.300181108031847,0.7774818770639701,-0.00013029627066628793
18.300181108031847,1.0884445474248694,-0.000184359542164873
18.300181108031847,1.5237112672761537,-0.00026207605700365324
18.300181108031847,2.088426337077478,-0.00033384375033696043
18.300181108031847,2.685504776398588,-0.0003161763382859955
18.686184730192483,0.01570796326794897,-6.207281341923632e-08
18.686184730192483,0.023462558633972192,-2.896926857409636e-07
18.686184730192483,0.03503514218779029,-1.4241058732911448e-06
18.686184730192483,0.05263150808357201,-3.7571985211800295e-06
18.686184730192483,0.0731423493547288,-5.565219032812075e-06
18.686184730192483,0.1025927647713422,-1.016274128347152e-05
18.686184730192483,0.14481159820038791,-1.5157585964802686e-05
18.686184730192483,0.20234603287313824,-2.1685068600735576e-05
18.686184730192483,0.2834245013168247,-3.246401661163075e-05
18.686184730192483,0.3967448265966417,-4.553711039288114e-05
18.686184730192483,0.5552782518837672,-6.626608042672354e-05
18.686184730192483,0.7774818770639701,-9.56059994379274e-05
18.686184730192483,1.0884445474248694,-0.00013605585031479118
18.686184730192483,1.5237112672761537,-0.0001956437318292792
18.686184730192483,2.088426337077478,-0.00024939264203648645
18.686184730192483,2.685504776398588,-0.000238716554877279
19.07990842479633,0.01570796326794897,-4.164691972061643e-08
19.07990842479633,0.023462558633972192,-2.0398003129461393e-07
19.07990842479633,0.03503514218779029,-1.019899813833393e-06
19.07990842479633,0.05263150808357201,-2.643192554503264e-06
19.07990842479633,0.0731423493547288,-3.939902978976898e-06
19.07990842479633,0.1025927647713422,-7.197564968788646e-06
19.07990842479633,0.14481159820038791,-1.0878008538136459e-05
19.07990842479633,0.20234603287313824,-1.5585666357173403e-05
19.07990842479633,0.2834245013168247,-2.3411744176480316e-05
19.07990842479633,0.3967448265966417,-3.268806100170786e-05
19.07990842479633,0.5552782518837672,-4.7851607907184084e-05
19.07990842479633,0.7774818770639701,-6.910851506018213e-05
19.07990842479633,1.0884445474248694,-9.887463220798384e-05
19.07990842479633,1.5237112672761537,-0.0001433896104809336
19.07990842479633,2.088426337077478,-0.00018362789749842796
19.07990842479633,2.685504776398588,-0.0001744038683810141
19.481506593292263,0.01570796326794897,-2.8248307980163747e-08
19.481506593292263,0.023462558633972192,-1.3269877965613926e-07
19.481506593292263,0.03503514218779029,-7.287094723555748e-07
19.481506593292263,0.05263150808357201,-1.853106224891332e-06
19.481506593292263,0.0731423493547288,-2.7245230735551057e-06
19.481506593292263,0.1025927647713422,-4.991648456381254e-06
19.481506593292263,0.14481159820038791,-7.6199083787233824e-06
19.481506593292263,0.20234603287313824,-1.091625536121598e-05
19.481506593292263,0.2834245013168247,-1.6428773230594766e-05
19.481506593292263,0.3967448265966417,-2.308554733082995e-05
19.481506593292263,0.5552782518837672,-3.388187937201849e-05
19.481506593292263,0.7774818770639701,-4.935821468473562e-05
19.481506593292263,1.0884445474248694,-7.083377281333774e-05
19.481506593292263,1.5237112672761537,-0.00010358838495990786
19.481506593292263,2.088426337077478,-0.00013251752861077643
19.481506593292263,2.685504776398588,-0.00012657309300313126
19.891136725158105,0.01570796326794897,-1.756335076539762e-08
19.891136725158105,0.023462558633972192,-8.526157423670366e-08
19.891136725158105,0.03503514218779029,-4.937437517992919e-07
19.891136725158105,0.05263150808357201,-1.2535774719467949e-06
19.891136725158105,0.0731423493547288,-1.8766371472546062e-06
19.891136725158105,0.1025927647713422,-3.4221251423364586e-06
19.891136725158105,0.14481159820038791,-5.207403556113829e-06
19.891136725158105,0.20234603287313824,-7.515288476411807e-06
19.891136725158105,0.2834245013168247,-1.1201313910589867e-05
19.891136725158105,0.3967448265966417,-1.600428662225906e-05
19.891136725158105,0.5552782518837672,-2.3654085398588785e-05
19.891136725158105,0.7774818770639701,-3.4494687710080125e-05
19.891136725158105,1.0884445474248694,-5.008620336478759e-05
19.891136725158105,1.5237112672761537,-7.310938243993074e-05
19.891136725158105,2.088426337077478,-9.474103563745451e-05
19.891136725158105,2.685504776398588,-9.007127927085592e-05
20.308959459661267,0.01570796326794897,-1.0474833126777652e-08
20.308959459661267,0.023462558633972192,-4.4617878402274817e-08
20.308959459661267,0.03503514218779029,-3.3468269469222546e-07
20.308959459661267,0.05263150808357201,-8.164155305481896e-07
20.308959459661267,0.0731423493547288,-1.2620134677659183e-06
20.308959459661267,0.1025927647713422,-2.313040233812657e-06
20.308959459661267,0.14481159820038791,-3.5634886581484285e-06
20.308959459661267,0.20234603287313824,-5.217806671840424e-06
20.308959459661267,0.2834245013168247,-7.715999804459654e-06
20.308959459661267,0.3967448265966417,-1.1147289244661314e-05
20.308959459661267,0.5552782518837672,-1.6400003200173557e-05
20.308959459661267,0.7774818770639701,-2.384431013172565e-05
20.308959459661267,1.0884445474248694,-3.515926116687603e-05
20.308959459661267,1.5237112672761537,-5.107578914062088e-05
20.308959459661267,2.088426337077478,-6.624421237234806e-05
20.308959459661267,2.685504776398588,-6.276404677018256e-05
20.73513864885449,0.01570796326794897,-8.370133558732356e-09
20.73513864885449,0.023462558633972192,-3.26024446667967e-08
20.73513864885449,0.03503514218779029,-2.341613163986577e-07
20.73513864885449,0.05263150808357201,-5.471825074172969e-07
20.73513864885449,0.0731423493547288,-8.488183396310109e-07
20.73513864885449,0.1025927647713422,-1.5279035676598742e-06
20.73513864885449,0.14481159820038791,-2.3762045314846517e-06
20.73513864885449,0.20234603287313824,-3.5086389871970802e-06
20.73513864885449,0.2834245013168247,-5.205956781234983e-06
20.73513864885449,0.3967448265966417,-7.4252608759050415e-06
20.73513864885449,0.5552782518837672,-1.0986966919261656e-05
20.73513864885449,0.7774818770639701,-1.6137607090460305e-05
20.73513864885449,1.0884445474248694,-2.394832076296593e-05
20.73513864885449,1.5237112672761537,-3.487409938217952e-05
20.73513864885449,2.088426337077478,-4.512433050816896e-05
20.73513864885449,2.685504776398588,-4.2890447039057184e-05
21.169841421831578,0.01570796326794897,-7.165705952493156e-09
21.169841421831578,0.023462558633972192,-1.837830687541794e-08
21.169841421831578,0.03503514218779029,-1.7289569935811437e-07
21.169841421831578,0.05263150808357201,-3.591855758415093e-07
21.169841421831578,0.0731423493547288,-5.700979869829907e-07
21.169841421831578,0.1025927647713422,-1.020831348285479e-06
21.169841421831578,0.14481159820038791,-1.6315767310419173e-06
21.169841421831578,0.20234603287313824,-2.329468376086199e-06
21.169841421831578,0.2834245013168247,-3.489954424872291e-06
21.169841421831578,0.3967448265966417,-4.995429610123781e-06
21.169841421831578,0.5552782518837672,-7.4703741983288685e-06
21.169841421831578,0.7774818770639701,-1.0931862320870548e-05
21.169841421831578,1.0884445474248694,-1.6274531231584737e-05
21.169841421831578,1.5237112672761537,-2.395213875528752e-05
21.169841421831578,2.088426337077478,-3.0610301675864255e-05
21.169841421831578,2.685504776398588,-2.8271368397268123e-05
21.61323825026821,0.01570796326794897,-4.692593482737477e-09
21.61323825026821,0.023462558633972192,-1.0492483723850705e-08
21.61323825026821,0.03503514218779029,-1.1367133875348592e-07
21.61323825026821,0.05263150808357201,-2.1251800377760953e-07
21.61323825026821,0.0731423493547288,-3.5003899883724844e-07
21.61323825026821,0.1025927647713422,-6.208652376360762e-07
21.61323825026821,0.14481159820038791,-9.846486927233654e-07
21.61323825026821,0.20234603287313824,-1.3986705114759534e-06
21.61323825026821,0.2834245013168247,-2.1826862639085543e-06
21.61323825026821,0.3967448265966417,-3.119510810702692e-06
21.61323825026821,0.5552782518837672,-4.678645801355097e-06
21.61323825026821,0.7774818770639701,-6.9440811716435745e-06
21.61323825026821,1.0884445474248694,-1.0350481336655794e-05
21.61323825026821,1.5237112672761537,-1.5328314017255178e-05
21.61323825026821,2.088426337077478,-1.983917314264467e-05
21.61323825026821,2.685504776398588,-1.8525519932215977e-05
22.065503015273574,0.01570796326794897,-3.3457817449874143e-09
22.065503015273574,0.023462558633972192,-4.2580021486366945e-09
22.065503015273574,0.03503514218779029,-6.687787188796897e-08
22.065503015273574,0.05263150808357201,-1.3014461551594668e-07
22.065503015273574,0.0731423493547288,-1.9561188036129103e-07
22.065503015273574,0.1025927647713422,-3.585581563885287e-07
22.065503015273574,0.14481159820038791,-5.922857806355055e-07
22.065503015273574,0.20234603287313824,-8.295621251113621e-07
22.065503015273574,0.2834245013168247,-1.3007140182924586e-06
22.065503015273574,0.3967448265966417,-1.8853132024517826e-06
22.065503015273574,0.5552782518837672,-2.8419302613637327e-06
22.065503015273574,0.7774818770639701,-4.302320964711188e-06
22.065503015273574,1.0884445474248694,-6.403085013149768e-06
22.065503015273574,1.5237112672761537,-9.575619351477437e-06
22.065503015273574,2.088426337077478,-1.2556656058177652e-05
22.065503015273574,2.685504776398588,-1.2021607445268315e-05
22.526813075579053,0.01570796326794897,1.2669171145364052e-10
22.526813075579053,0.023462558633972192,5.208910164271944e-10
22.526813075579053,0.03503514218779029,2.825896015140577e-09
22.526813075579053,0.05263150808357201,6.318807248162819e-09
22.526813075579053,0.0731423493547288,9.318867898013441e-09
22.526813075579053,0.1025927647713422,1.7958307207906768e-08
22.526813075579053,0.14481159820038791,2.5745120851605656e-08
22.526813075579053,0.20234603287313824,3.6460448331643e-08
22.526813075579053,0.2834245013168247,5.4388115017885277e-08
22.526813075579053,0.3967448265966417,7.838703090436517e-08
22.526813075579053,0.5552782518837672,1.0933440368565723e-07
22.526813075579053,0.7774818770639701,1.4091830370860548e-07
22.526813075579053,1.0884445474248694,1.5410408563705079e-07
22.526813075579053,1.5237112672761537,1.3236450420675329e-07
22.526813075579053,2.088426337077478,8.609488910239055e-08
22.526813075579053,2.685504776398588,4.054584234201927e-08
22.997349337090636,0.01570796326794897,1.1901849826009802e-10
22.997349337090636,0.023462558633972192,4.896246392934008e-10
22.997349337090636,0.03503514218779029,2.6593973825978584e-09
22.997349337090636,0.05263150808357201,5.945062454087609e-09
22.997349337090636,0.0731423493547288,8.767706085909008e-09
22.997349337090636,0.1025927647713422,1.69151137831678e-08
22.997349337090636,0.14481159820038791,2.4244347741605195e-08
22.997349337090636,0.20234603287313824,3.4404636966802684e-08
22.997349337090636,0.2834245013168247,5.157989157366619e-08
22.997349337090636,0.3967448265966417,7.484364268237983e-08
22.997349337090636,0.5552782518837672,1.0508879023395085e-07
22.997349337090636,0.7774818770639701,1.3623351238657872e-07
22.997349337090636,1.0884445474248694,1.4990915584192733e-07
22.997349337090636,1.5237112672761537,1.3024260551844645e-07
22.997349337090636,2.088426337077478,8.596062250549496e-08
22.997349337090636,2.685504776398588,4.060998151832044e-08
23.477296323832444,0.01570796326794897,1.1155235266597892e-10
23.477296323832444,0.023462558633972192,4.595754575240531e-10
23.477296323832444,0.03503514218779029,2.4939546488720308e-09
23.477296323832444,0.05263150808357201,5.575830550827979e-09
23.477296323832444,0.0731423493547288,8.223673452856264e-09
23.477296323832444,0.1025927647713422,1.588247148607696e-08
23.477296323832444,0.14481159820038791,2.276591440791807e-08
23.477296323832444,0.20234603287313824,3.2398189320250817e-08
23.477296323832444,0.2834245013168247,4.882455920998425e-08
23.477296323832444,0.3967448265966417,7.131075407551127e-08
23.477296323832444,0.5552782518837672,1.0076940959863897e-07
23.477296323832444,0.7774818770639701,1.3138075585319552e-07
23.477296323832444,1.0884445474248694,1.4559729926577822e-07
23.477296323832444,1.5237112672761537,1.2803294492660322e-07
23.477296323832444,2.088426337077478,8.582509563602418e-08
23.477296323832444,2.685504776398588,4.0738191406383904e-08
23.966842250309092,0.01570796326794897,1.0418321827555415e-10
23.966842250309092,0.023462558633972192,4.2986103959311155e-10
23.966842250309092,0.03503514218779029,2.331192043695702e-09
23.966842250309092,0.05263150808357201,5.213543909746463e-09
23.966842250309092,0.0731423493547288,7.689255331906636e-09
23.966842250309092,0.1025927647713422,1.4872297323199555e-08
23.966842250309092,0.14481159820038791,2.1320217662627616e-08
23.966842250309092,0.20234603287313824,3.0416032361760085e-08
23.966842250309092,0.2834245013168247,4.610914828010554e-08
23.966842250309092,0.3967448265966417,6.777344593927929e-08
23.966842250309092,0.5552782518837672,9.639002374218686e-08
23.966842250309092,0.7774818770639701,1.2636805812253074e-07
23.966842250309092,1.0884445474248694,1.4100120058844402e-07
23.966842250309092,1.5237112672761537,1.256626898600406e-07
23.966842250309092,2.088426337077478,8.565044075334648e-08
23.966842250309092,2.685504776398588,4.0876647511949406e-08
24.46617909531528,0.01570796326794897,9.700515676297158e-11
24.46617909531528,0.023462558633972192,4.0071225328522364e-10
24.46617909531528,0.03503514218779029,2.1720439103421315e-09
24.46617909531528,0.05263150808357201,4.8586417222386645e-09
24.46617909531528,0.0731423493547288,7.1672323940892505e-09
24.46617909531528,0.1025927647713422,1.3883397483103192e-08
24.46617909531528,0.14481159820038791,1.990153283790021e-08
24.46617909531528,0.20234603287313824,2.8483151495576732e-08
24.46617909531528,0.2834245013168247,4.3435210411971824e-08
24.46617909531528,0.3967448265966417,6.424444213335405e-08
24.46617909531528,0.5552782518837672,9.192711862317207e-08
24.46617909531528,0.7774818770639701,1.211583833298235e-07
24.46617909531528,1.0884445474248694,1.3618788308214062e-07
24.46617909531528,1.5237112672761537,1.2320040239013953e-07
24.46617909531528,2.088426337077478,8.552796674883895e-08
24.46617909531528,2.685504776398588,4.117148708970719e-08
24.97550267722158,0.01570796326794897,8.991608666537567e-11
24.97550267722158,0.023462558633972192,3.7236398812763665e-10
24.97550267722158,0.03503514218779029,2.016459430181946e-09
24.97550267722158,0.05263150808357201,4.5132539397835505e-09
24.97550267722158,0.0731423493547288,6.657997269289089e-09
24.97550267722158,0.1025927647713422,1.2917801157142919e-08
24.97550267722158,0.14481159820038791,1.852398292425215e-08
24.97550267722158,0.20234603287313824,2.6592845202004082e-08
24.97550267722158,0.2834245013168247,4.0799017024237546e-08
24.97550267722158,0.3967448265966417,6.071848099734043e-08
24.97550267722158,0.5552782518837672,8.740081737633835e-08
24.97550267722158,0.7774818770639701,1.157819180081219e-07
24.97550267722158,1.0884445474248694,1.3118462303560082e-07
24.97550267722158,1.5237112672761537,1.2054737090020382e-07
24.97550267722158,2.088426337077478,8.544229777991657e-08
24.97550267722158,2.685504776398588,4.157960781837538e-08
25.49501273076601,0.01570796326794897,8.305666818002053e-11
25.49501273076601,0.023462558633972192,3.448189674291926e-10
25.49501273076601,0.03503514218779029,1.864957355616901e-09
25.49501273076601,0.05263150808357201,4.1764498056424065e-09
25.49501273076601,0.0731423493547288,6.161796963907455e-09
25.49501273076601,0.1025927647713422,1.1980932839767825e-08
25.49501273076601,0.14481159820038791,1.718445320460473e-08
25.49501273076601,0.20234603287313824,2.47437143334684e-08
25.49501273076601,0.2834245013168247,3.8211591335502237e-08
25.49501273076601,0.3967448265966417,5.7174103665309754e-08
25.49501273076601,0.5552782518837672,8.277529026575256e-08
25.49501273076601,0.7774818770639701,1.1026019807936638e-07
25.49501273076601,1.0884445474248694,1.2605163871446052e-07
25.49501273076601,1.5237112672761537,1.1772830239447332e-07
25.49501273076601,2.088426337077478,8.530029577863668e-08
25.49501273076601,2.685504776398588,4.2192136474769844e-08
26.024912985381327,0.01570796326794897,7.637571250303577e-11
26.024912985381327,0.023462558633972192,3.177861945800516e-10
26.024912985381327,0.03503514218779029,1.7174143650820758e-09
26.024912985381327,0.05263150808357201,3.848376522392899e-09
26.024912985381327,0.0731423493547288,5.678408152114237e-09
26.024912985381327,0.1025927647713422,1.106307638278506e-08
26.024912985381327,0.14481159820038791,1.5874691577258432e-08
26.024912985381327,0.20234603287313824,2.2935702382926366e-08
26.024912985381327,0.2834245013168247,3.5646943932490736e-08
26.024912985381327,0.3967448265966417,5.3626844167530614e-08
26.024912985381327,0.5552782518837672,7.804482753985142e-08
26.024912985381327,0.7774818770639701,1.0457471161821931e-07
26.024912985381327,1.0884445474248694,1.2063192353821678e-07
26.024912985381327,1.5237112672761537,1.1472438295860806e-07
26.024912985381327,2.088426337077478,8.532489510487478e-08
26.024912985381327,2.685504776398588,4.303495068858459e-08
26.56541124508896,0.01570796326794897,6.984684454379763e-11
26.56541124508896,0.023462558633972192,2.9146813309422187e-10
26.56541124508896,0.03503514218779029,1.5740903794413774e-09
26.56541124508896,0.05263150808357201,3.5292804846587934e-09
26.56541124508896,0.0731423493547288,5.209847955585325e-09
26.56541124508896,0.1025927647713422,1.0171307318420448e-08
26.56541124508896,0.14481159820038791,1.4601992005276373e-08
26.56541124508896,0.20234603287313824,2.116747781880052e-08
26.56541124508896,0.2834245013168247,3.3108971955174566e-08
26.56541124508896,0.3967448265966417,5.0058025840993326e-08
26.56541124508896,0.5552782518837672,7.325817804760228e-08
26.56541124508896,0.7774818770639701,9.866315139982977e-08
26.56541124508896,1.0884445474248694,1.1489283320686994e-07
26.56541124508896,1.5237112672761537,1.1144330790842626e-07
26.56541124508896,2.088426337077478,8.517655786059734e-08
26.56541124508896,2.685504776398588,4.412416349910781e-08
27.11671946999074,0.01570796326794897,6.355571803137185e-11
27.11671946999074,0.023462558633972192,2.65650525902052e-10
27.11671946999074,0.03503514218779029,1.4346651211821254e-09
27.11671946999074,0.05263150808357201,3.219436574933333e-09
27.11671946999074,0.0731423493547288,4.752407110365237e-09
27.11671946999074,0.1025927647713422,9.302068627396012e-09
27.11671946999074,0.14481159820038791,1.3358102252284309e-08
27.11671946999074,0.20234603287313824,1.943547427671669e-08
27.11671946999074,0.2834245013168247,3.0589785608930615e-08
27.11671946999074,0.3967448265966417,4.646529980010738e-08
27.11671946999074,0.5552782518837672,6.837256278991377e-08
27.11671946999074,0.7774818770639701,9.2583362453201e-08
27.11671946999074,1.0884445474248694,1.0889138346591058e-07
27.11671946999074,1.5237112672761537,1.0781417520590818e-07
27.11671946999074,2.088426337077478,8.495072834799442e-08
27.11671946999074,2.685504776398588,4.5826093999207184e-08
27.67905385939056,0.01570796326794897,5.743361294102288e-11
27.67905385939056,0.023462558633972192,2.40812936719612e-10
27.67905385939056,0.03503514218779029,1.2994416380663926e-09
27.67905385939056,0.05263150808357201,2.918781425279545e-09
27.67905385939056,0.0731423493547288,4.3078365512805356e-09
27.67905385939056,0.1025927647713422,8.453033705916666e-09
27.67905385939056,0.14481159820038791,1.2147031334473319e-08
27.67905385939056,0.20234603287313824,1.7738293016710134e-08
27.67905385939056,0.2834245013168247,2.808731408796425e-08
27.67905385939056,0.3967448265966417,4.283508481804698e-08
27.67905385939056,0.5552782518837672,6.334756690229129e-08
27.67905385939056,0.7774818770639701,8.628574919092874e-08
27.67905385939056,1.0884445474248694,1.0264687736861123e-07
27.67905385939056,1.5237112672761537,1.0381591451441608e-07
27.67905385939056,2.088426337077478,8.452391581156776e-08
27.67905385939056,2.685504776398588,4.775902738207044e-08
28.25263493657837,0.01570796326794897,5.1482550218519706e-11
28.25263493657837,0.023462558633972192,2.1658177977608214e-10
28.25263493657837,0.03503514218779029,1.167762178951726e-09
28.25263493657837,0.05263150808357201,2.626263420214003e-09
28.25263493657837,0.0731423493547288,3.8758537450646235e-09
28.25263493657837,0.1025927647713422,7.624655026292602e-09
28.25263493657837,0.14481159820038791,1.0965133120940662e-08
28.25263493657837,0.20234603287313824,1.6070274375058194e-08
28.25263493657837,0.2834245013168247,2.5602499567469568e-08
28.25263493657837,0.3967448265966417,3.91740510350666e-08
28.25263493657837,0.5552782518837672,5.820583343514794e-08
28.25263493657837,0.7774818770639701,7.976212079277303e-08
28.25263493657837,1.0884445474248694,9.599433797390146e-08
28.25263493657837,1.5237112672761537,9.936645777896462e-08
28.25263493657837,2.088426337077478,8.379592375132638e-08
28.25263493657837,2.685504776398588,4.9971894772204315e-08
28.837687635309933,0.01570796326794897,4.571577301078589e-11
28.837687635309933,0.023462558633972192,1.9291054222438117e-10
28.837687635309933,0.03503514218779029,1.039877693613287e-09
28.837687635309933,0.05263150808357201,2.3422091828383416e-09
28.837687635309933,0.0731423493547288,3.4562293135249415e-09
28.837687635309933,0.1025927647713422,6.8144774797233165e-09
28.837687635309933,0.14481159820038791,9.811728174938077e-09
28.837687635309933,0.20234603287313824,1.443262574917321e-08
28.837687635309933,0.2834245013168247,2.3125982475618286e-08
28.837687635309933,0.3967448265966417,3.549324945475743e-08
28.837687635309933,0.5552782518837672,5.299242647449925e-08
28.837687635309933,0.7774818770639701,7.303816970252308e-08
28.837687635309933,1.0884445474248694,8.895521990845797e-08
28.837687635309933,1.5237112672761537,9.422685556753985e-08
28.837687635309933,2.088426337077478,8.256293223713705e-08
28.837687635309933,2.685504776398588,5.2346415061233376e-08
29.43444138801614,0.01570796326794897,4.012983176449655e-11
29.43444138801614,0.023462558633972192,1.6982706290224689e-10
29.43444138801614,0.03503514218779029,9.154623425678527e-10
29.43444138801614,0.05263150808357201,2.0652558300755454e-09
29.43444138801614,0.0731423493547288,3.048125152308712e-09
29.43444138801614,0.1025927647713422,6.023305527920975e-09
29.43444138801614,0.14481159820038791,8.683480554499883e-09
29.43444138801614,0.20234603287313824,1.2818997931550478e-08
29.43444138801614,0.2834245013168247,2.0662058540061324e-08
29.43444138801614,0.3967448265966417,3.1794087761130854e-08
29.43444138801614,0.5552782518837672,4.765532409854984e-08
29.43444138801614,0.7774818770639701,6.606315913678674e-08
29.43444138801614,1.0884445474248694,8.149598845243324e-08
29.43444138801614,1.5237112672761537,8.850138694816678e-08
29.43444138801614,2.088426337077478,8.083678895308425e-08
29.43444138801614,2.685504776398588,5.474342353253323e-08
30.043130215776454,0.01570796326794897,3.470138127133867e-11
30.043130215776454,0.023462558633972192,1.474330525290067e-10
30.043130215776454,0.03503514218779029,7.947831179547098e-10
30.043130215776454,0.05263150808357201,1.7959631831052161e-09
30.043130215776454,0.0731423493547288,2.649769728017914e-09
30.043130215776454,0.1025927647713422,5.249312783282917e-09
30.043130215776454,0.14481159820038791,7.580596632926873e-09
30.043130215776454,0.20234603287313824,1.122938853864988e-08
30.043130215776454,0.2834245013168247,1.8198743172229006e-08
30.043130215776454,0.3967448265966417,2.8074016279534365e-08
30.043130215776454,0.5552782518837672,4.2223039950219986e-08
30.043130215776454,0.7774818770639701,5.889339446624553e-08
30.043130215776454,1.0884445474248694,7.358042208126818e-08
30.043130215776454,1.5237112672761537,8.208790276379648e-08
30.043130215776454,2.088426337077478,7.82358464127817e-08
30.043130215776454,2.685504776398588,5.710636077486644e-08
30.663992820091988,0.01570796326794897,2.9530106986520605e-11
30.663992820091988,0.023462558633972192,1.2554065214095008e-10
30.663992820091988,0.03503514218779029,6.776710792471308e-10
30.663992820091988,0.05263150808357201,1.5344812729061884e-09
30.663992820091988,0.0731423493547288,2.2629976534777533e-09
30.663992820091988,0.1025927647713422,4.4939508452397315e-09
30.663992820091988,0.14481159820038791,6.5014520925330174e-09
30.663992820091988,0.20234603287313824,9.660712092256553e-09
30.663992820091988,0.2834245013168247,1.574044470342166e-08
30.663992820091988,0.3967448265966417,2.432548555482338e-08
30.663992820091988,0.5552782518837672,3.6708406317671856e-08
30.663992820091988,0.7774818770639701,5.151296030811076e-08
30.663992820091988,1.0884445474248694,6.521696733651353e-08
30.663992820091988,1.5237112672761537,7.472775771504957e-08
30.663992820091988,2.088426337077478,7.456880650754027e-08
30.663992820091988,2.685504776398588,5.900622127926788e-08
31.297272676493826,0.01570796326794897,2.4455642632961762e-11
31.297272676493826,0.023462558633972192,1.0434726751465114e-10
31.297272676493826,0.03503514218779029,5.640692900886096e-10
31.297272676493826,0.05263150808357201,1.2792726589520285e-09
31.297272676493826,0.0731423493547288,1.886289848855584e-09
31.297272676493826,0.1025927647713422,3.7547100442506255e-09
31.297272676493826,0.14481159820038791,5.4427093220459965e-09
31.297272676493826,0.20234603287313824,8.113636131189577e-09
31.297272676493826,0.2834245013168247,1.3287398358504651e-08
31.297272676493826,0.3967448265966417,2.0560364625630013e-08
31.297272676493826,0.5552782518837672,3.1118405963882546e-08
31.297272676493826,0.7774818770639701,4.393632140262663e-08
31.297272676493826,1.0884445474248694,5.635525853217361e-08
31.297272676493826,1.5237112672761537,6.639531239730635e-08
31.297272676493826,2.088426337077478,6.953671407035284e-08
31.297272676493826,2.685504776398588,5.980638323330525e-08
31.943218130023702,0.01570796326794897,1.961192365096112e-11
31.943218130023702,0.023462558633972192,8.377955297696713e-11
31.943218130023702,0.03503514218779029,4.5357868593329515e-10
31.943218130023702,0.05263150808357201,1.0310371600953912e-09
31.943218130023702,0.0731423493547288,1.5196662466583248e-09
31.943218130023702,0.1025927647713422,3.031966708043971e-09
31.943218130023702,0.14481159820038791,4.404480764466804e-09
31.943218130023702,0.20234603287313824,6.586751287627145e-09
31.943218130023702,0.2834245013168247,1.0837844608273453e-08
31.943218130023702,0.3967448265966417,1.6778451973857342e-08
31.943218130023702,0.5552782518837672,2.546558743973905e-08
31.943218130023702,0.7774818770639701,3.6159755720586174e-08
31.943218130023702,1.0884445474248694,4.7037347204990795e-08
31.943218130023702,1.5237112672761537,5.699559877392918e-08
31.943218130023702,2.088426337077478,6.280513582736112e-08
31.943218130023702,2.685504776398588,5.8817522619211926e-08
32.60208249262418,0.01570796326794897,1.49448963404331e-11
32.60208249262418,0.023462558633972192,6.387878678153896e-11
32.60208249262418,0.03503514218779029,3.466052676861545e-10
32.60208249262418,0.05263150808357201,7.896483054789359e-10
32.60208249262418,0.0731423493547288,1.1628879542243227e-09
32.60208249262418,0.1025927647713422,2.326413028422522e-09
32.60208249262418,0.14481159820038791,3.387099561400145e-09
32.60208249262418,0.20234603287313824,5.0803414809370135e-09
32.60208249262418,0.2834245013168247,8.391500360290319e-09
32.60208249262418,0.3967448265966417,1.300127375315117e-08
32.60208249262418,0.5552782518837672,1.977802415466761e-08
32.60208249262418,0.7774818770639701,2.82187649305068e-08
32.60208249262418,1.0884445474248694,3.7233799307670166e-08
32.60208249262418,1.5237112672761537,4.643717332936557e-08
32.60208249262418,2.088426337077478,5.399601440051812e-08
32.60208249262418,2.685504776398588,5.507974994948262e-08
33.27412414247666,0.01570796326794897,1.0384049849121202e-11
33.27412414247666,0.023462558633972192,4.461354912325615e-11
33.27412414247666,0.03503514218779029,2.425177756716409e-10
33.27412414247666,0.05263150808357201,5.536041573934983e-10
33.27412414247666,0.0731423493547288,8.154806118570873e-10
33.27412414247666,0.1025927647713422,1.634994039418949e-09
33.27412414247666,0.14481159820038791,2.386147444197864e-09
33.27412414247666,0.20234603287313824,3.589584599368919e-09
33.27412414247666,0.2834245013168247,5.952851473604033e-09
33.27412414247666,0.3967448265966417,9.228480365462967e-09
33.27412414247666,0.5552782518837672,1.4069639581473577e-08
33.27412414247666,0.7774818770639701,2.0171578618515904e-08
33.27412414247666,1.0884445474248694,2.6970849653123523e-08
33.27412414247666,1.5237112672761537,3.46226002266117e-08
33.27412414247666,2.088426337077478,4.2621128981185664e-08
33.27412414247666,2.685504776398588,4.71930893578366e-08
33.959606625326195,0.01570796326794897,6.260417420527477e-12
33.959606625326195,0.023462558633972192,2.6884643361843157e-11
33.959606625326195,0.03503514218779029,1.469173456843636e-10
33.959606625326195,0.05263150808357201,3.357349801285981e-10
33.959606625326195,0.0731423493547288,4.942955289806416e-10
33.959606625326195,0.1025927647713422,9.915037836759357e-10
33.959606625326195,0.14481159820038791,1.449949660284411e-09
33.959606625326195,0.20234603287313824,2.1776056134572448e-09
33.959606625326195,0.2834245013168247,3.604588373775103e-09
33.959606625326195,0.3967448265966417,5.554882003372645e-09
33.959606625326195,0.5552782518837672,8.443888537876935e-09
33.959606625326195,0.7774818770639701,1.2101731027493498e-08
33.959606625326195,1.0884445474248694,1.633409698500897e-08
33.959606625326195,1.5237112672761537,2.1530332188492288e-08
33.959606625326195,2.088426337077478,2.7881460880560875e-08
33.959606625326195,2.685504776398588,3.3179762765900916e-08
34.65879875783272,0.01570796326794897,2.1034270572462544e-12
34.65879875783272,0.023462558633972192,7.477256664674368e-12
34.65879875783272,0.03503514218779029,4.4891162480018116e-11
34.65879875783272,0.05263150808357201,1.0657222859912528e-10
34.65879875783272,0.0731423493547288,1.5653758835974404e-10
34.65879875783272,0.1025927647713422,3.091764741863423e-10
34.65879875783272,0.14481159820038791,4.560192445317153e-10
34.65879875783272,0.20234603287313824,6.918485635151938e-10
34.65879875783272,0.2834245013168247,1.1599592625321016e-09
34.65879875783272,0.3967448265966417,1.7962877806960862e-09
34.65879875783272,0.5552782518837672,2.749642294190844e-09
34.65879875783272,0.7774818770639701,3.964501060910523e-09
34.65879875783272,1.0884445474248694,5.4249504010051945e-09
34.65879875783272,1.5237112672761537,7.318308162132236e-09
34.65879875783272,2.088426337077478,9.953482382752272e-09
34.65879875783272,2.685504776398588,1.2730531369725014e-08
35.371974732989365,0.01570796326794897,0.0
35.371974732989365,0.023462558633972192,0.0
35.371974732989365,0.03503514218779029,0.0
35.371974732989365,0.05263150808357201,0.0
35.371974732989365,0.0731423493547288,0.0
35.371974732989365,0.1025927647713422,0.0
35.371974732989365,0.14481159820038791,0.0
35.371974732989365,0.20234603287313824,0.0
35.371974732989365,0.2834245013168247,0.0
35.371974732989365,0.3967448265966417,0.0
35.371974732989365,0.5552782518837672,0.0
35.371974732989365,0.7774818770639701,0.0
35.371974732989365,1.0884445474248694,0.0
35.371974732989365,1.5237112672761537,0.0
35.371974732989365,2.088426337077478,0.0
35.371974732989365,2.685504776398588,0.0
