z,Pm,k
5.0,0.0,0.0
5.0,0.0,0.0031415926535897933
5.0,0.0,0.0022672492052927726
5.0,0.0,0.0011659543910562402
5.0,-0.0,0.0005370868080460986
5.0,-0.0,0.000396218307721067
5.0,0.0,0.00017805919910513906
5.0,0.0,9.53954615732175e-05
5.0,0.0,5.037161244305974e-05
5.0,0.0,2.5861691921612632e-05
5.0,-0.0,1.3446006743605336e-05
5.0,0.0,7.009042443231143e-06
5.0,-0.0,3.588489762328293e-06
5.0,0.0,1.850973811970075e-06
5.0,-0.0,9.497642809428069e-07
5.0,-0.0,5.067141663988782e-07
5.0,0.0,1.638187552463092e-06
5.12,0.0,0.0
5.12,0.0,0.0015707963267948967
5.12,0.0,0.0011336246026463863
5.12,0.0,0.0005829771955281201
5.12,-0.0,0.0002685434040230493
5.12,-0.0,0.0001981091538605335
5.12,0.0,8.902959955256953e-05
5.12,0.0,4.769773078660875e-05
5.12,0.0,2.518580622152987e-05
5.12,0.0,1.2930845960806316e-05
5.12,-0.0,6.723003371802668e-06
5.12,0.0,3.5045212216155713e-06
5.12,-0.0,1.7942448811641465e-06
5.12,0.0,9.254869059850375e-07
5.12,-0.0,4.7488214047140344e-07
5.12,0.0,2.533570831994391e-07
5.12,0.0,8.19093776231546e-07
5.2424,0.0,0.0
5.2424,0.0,0.0010471975511965978
5.2424,0.0,0.0007557497350975909
5.2424,0.0,0.0003886514636854134
5.2424,-0.0,0.0001790289360153662
5.2424,-0.0,0.00013207276924035566
5.2424,0.0,5.935306636837969e-05
5.2424,0.0,3.17984871910725e-05
5.2424,0.0,1.6790537481019913e-05
5.2424,0.0,8.620563973870877e-06
5.2424,-0.0,4.482002247868446e-06
5.2424,0.0,2.3363474810770475e-06
5.2424,-0.0,1.1961632541094311e-06
5.2424,0.0,6.169912706566917e-07
5.2424,-0.0,3.165880936476023e-07
5.2424,0.0,1.6890472213295938e-07
5.2424,0.0,5.460625174876974e-07
5.367248,0.0,0.0
5.367248,0.0,0.0007853981633974483
5.367248,0.0,0.0005668123013231932
5.367248,0.0,0.00029148859776406005
5.367248,-0.0,0.00013427170201152464
5.367248,-0.0,9.905457693026675e-05
5.367248,0.0,4.4514799776284764e-05
5.367248,0.0,2.3848865393304376e-05
5.367248,0.0,1.2592903110764936e-05
5.367248,0.0,6.465422980403158e-06
5.367248,-0.0,3.361501685901334e-06
5.367248,0.0,1.7522606108077857e-06
5.367248,-0.0,8.971224405820732e-07
5.367248,0.0,4.6274345299251875e-07
5.367248,-0.0,2.3744107023570172e-07
5.367248,0.0,1.2667854159971954e-07
5.367248,0.0,4.09546888115773e-07
5.49459296,0.0,0.0
5.49459296,0.0,0.0006283185307179587
5.49459296,0.0,0.0004534498410585545
5.49459296,0.0,0.00023319087821124804
5.49459296,-0.0,0.00010741736160921972
5.49459296,-0.0,7.92436615442134e-05
5.49459296,0.0,3.561183982102781e-05
5.49459296,0.0,1.90790923146435e-05
5.49459296,0.0,1.0074322488611948e-05
5.49459296,0.0,5.172338384322526e-06
5.49459296,-0.0,2.689201348721067e-06
5.49459296,0.0,1.4018084886462285e-06
5.49459296,-0.0,7.176979524656586e-07
5.49459296,0.0,3.7019476239401503e-07
5.49459296,-0.0,1.8995285618856138e-07
5.49459296,0.0,1.0134283327977563e-07
5.49459296,0.0,3.276375104926184e-07
5.6244848192,0.0,0.0
5.6244848192,0.0,0.0005235987755982989
5.6244848192,0.0,0.00037787486754879544
5.6244848192,0.0,0.0001943257318427067
5.6244848192,-0.0,8.95144680076831e-05
5.6244848192,-0.0,6.603638462017783e-05
5.6244848192,0.0,2.9676533184189845e-05
5.6244848192,0.0,1.589924359553625e-05
5.6244848192,0.0,8.395268740509957e-06
5.6244848192,0.0,4.310281986935438e-06
5.6244848192,-0.0,2.241001123934223e-06
5.6244848192,0.0,1.1681737405385238e-06
5.6244848192,-0.0,5.980816270547156e-07
5.6244848192,0.0,3.0849563532834585e-07
5.6244848192,-0.0,1.5829404682380115e-07
5.6244848192,0.0,8.445236106647969e-08
5.6244848192,-0.0,2.730312587438487e-07
5.756974515584,0.0,0.0
5.756974515584,0.0,0.0004487989505128276
5.756974515584,0.0,0.0003238927436132532
5.756974515584,0.0,0.00016656491300803431
5.756974515584,-0.0,7.672668686372837e-05
5.756974515584,-0.0,5.660261538872385e-05
5.756974515584,0.0,2.5437028443591294e-05
5.756974515584,0.0,1.3627923081888215e-05
5.756974515584,0.0,7.19594463472282e-06
5.756974515584,0.0,3.694527417373233e-06
5.756974515584,-0.0,1.9208581062293337e-06
5.756974515584,0.0,1.001291777604449e-06
5.756974515584,-0.0,5.126413946183276e-07
5.756974515584,0.0,2.644248302814393e-07
5.756974515584,-0.0,1.3568061156325812e-07
5.756974515584,-0.0,7.23877380569826e-08
5.756974515584,0.0,2.3402679320901313e-07
5.89211400589568,0.0,0.0
5.89211400589568,5.37586683381391e-10,0.00039269908169872416
5.89211400589568,-5.286951515350466e-09,0.0002834061506615966
5.89211400589568,-3.791744336239869e-09,0.00014574429888203003
5.89211400589568,-3.0396700346505695e-09,6.713585100576232e-05
5.89211400589568,-2.767739216504958e-09,4.9527288465133374e-05
5.89211400589568,-2.6028974647487534e-09,2.2257399888142382e-05
5.89211400589568,5.75723832545236e-09,1.1924432696652188e-05
5.89211400589568,-1.4768547504582663e-09,6.296451555382468e-06
5.89211400589568,-2.390366217029113e-10,3.232711490201579e-06
5.89211400589568,-2.0332590126199464e-12,1.680750842950667e-06
5.89211400589568,5.8176049316483154e-11,8.761303054038928e-07
5.89211400589568,1.8171299165566414e-11,4.485612202910366e-07
5.89211400589568,5.830277545584703e-13,2.3137172649625937e-07
5.89211400589568,3.552954968175999e-13,1.1872053511785086e-07
5.89211400589568,1.3419107798489783e-12,6.333927079985977e-08
5.89211400589568,2.2682254421912463e-12,2.047734440578865e-07
6.029956286013594,0.0,0.0
6.029956286013594,3.542517452362998e-08,0.00034906585039886593
6.029956286013594,-1.5259705777752672e-07,0.0002519165783658636
6.029956286013594,-7.978904414177037e-08,0.0001295504878951378
6.029956286013594,-7.051504215644108e-09,5.9676312005122065e-05
6.029956286013594,-2.7478103318752278e-08,4.4024256413451883e-05
6.029956286013594,-1.1731960378266042e-08,1.9784355456126565e-05
6.029956286013594,-5.019327517711071e-10,1.05994957303575e-05
6.029956286013594,-5.608803553534084e-09,5.596845827006638e-06
6.029956286013594,6.72062817010529e-10,2.873521324623626e-06
6.029956286013594,1.4276138134818088e-09,1.4940007492894818e-06
6.029956286013594,2.694223918372075e-10,7.787824936923493e-07
6.029956286013594,4.723724464305788e-11,3.987210847031437e-07
6.029956286013594,3.1419956775846514e-11,2.056637568855639e-07
6.029956286013594,-2.712067299307016e-12,1.0552936454920076e-07
6.029956286013594,-6.698667342561265e-13,5.6301574044319795e-08
6.029956286013594,7.499414180499427e-12,1.8202083916256578e-07
6.170555411733866,-0.0,0.0
6.170555411733866,2.0594659915904337e-08,0.00031415926535897936
6.170555411733866,-2.516356349611828e-07,0.00022672492052927724
6.170555411733866,-1.4313648275077328e-07,0.00011659543910562402
6.170555411733866,2.1714146381286377e-08,5.370868080460986e-05
6.170555411733866,1.7748645648342928e-08,3.96218307721067e-05
6.170555411733866,-4.043418834048998e-08,1.7805919910513906e-05
6.170555411733866,8.229268956809507e-09,9.53954615732175e-06
6.170555411733866,3.7118950719418538e-09,5.037161244305974e-06
6.170555411733866,-6.096278264084954e-09,2.586169192161263e-06
6.170555411733866,1.1363742742943905e-09,1.3446006743605336e-06
6.170555411733866,5.932020966582612e-10,7.009042443231142e-07
6.170555411733866,-8.366946784401405e-11,3.588489762328293e-07
6.170555411733866,2.842728010398187e-11,1.8509738119700751e-07
6.170555411733866,3.557582631284362e-12,9.497642809428069e-08
6.170555411733866,-6.294141703899562e-12,5.0671416639887815e-08
6.170555411733866,-1.1585819464933779e-11,1.638187552463092e-07
6.3139665199685435,-0.0,0.0
6.3139665199685435,-4.801454181962672e-07,0.00028559933214452666
6.3139665199685435,-3.4465334330220204e-07,0.00020611356411752478
6.3139665199685435,-1.3449779392725265e-08,0.00010599585373238548
6.3139665199685435,-4.937879464750017e-09,4.8826073458736235e-05
6.3139665199685435,9.125839576027521e-08,3.6019846156460636e-05
6.3139665199685435,-4.2056702846152193e-08,1.6187199918649007e-05
6.3139665199685435,-2.4273396472095152e-08,8.672314688474319e-06
6.3139665199685435,-1.456552828243464e-11,4.5792374948236125e-06
6.3139665199685435,1.2230305137841479e-09,2.3510629019647847e-06
6.3139665199685435,6.753075344966657e-10,1.222364249418667e-06
6.3139665199685435,1.799696438375536e-10,6.371856766573766e-07
6.3139665199685435,-9.665507012333236e-10,3.2622634202984483e-07
6.3139665199685435,-2.830195643015393e-10,1.682703465427341e-07
6.3139665199685435,-1.2188903656877677e-10,8.634220735843699e-08
6.3139665199685435,5.7500275729783914e-11,4.6064924218079834e-08
6.3139665199685435,1.2250327358953315e-11,1.4892614113300837e-07
6.460245850367914,-0.0,0.0
6.460245850367914,-9.344857694901364e-07,0.00026179938779914946
6.460245850367914,-3.132271148806928e-07,0.00018893743377439772
6.460245850367914,7.359733228383087e-08,9.716286592135335e-05
6.460245850367914,-8.91268713704319e-09,4.475723400384155e-05
6.460245850367914,7.494494692978375e-08,3.3018192310088916e-05
6.460245850367914,-7.776729827827521e-08,1.4838266592094923e-05
6.460245850367914,4.779830082436748e-08,7.949621797768125e-06
6.460245850367914,3.6873227653359146e-09,4.197634370254978e-06
6.460245850367914,-4.326366705546512e-09,2.155140993467719e-06
6.460245850367914,-2.938721067514713e-10,1.1205005619671114e-06
6.460245850367914,1.9151396485993943e-10,5.840868702692619e-07
6.460245850367914,-6.788673838817792e-10,2.990408135273578e-07
6.460245850367914,-3.476446784708512e-10,1.5424781766417292e-07
6.460245850367914,-3.578404819809326e-10,7.914702341190057e-08
6.460245850367914,1.1600582717579348e-10,4.2226180533239846e-08
6.460245850367914,8.79765045167956e-11,1.3651562937192434e-07
6.6094507673752725,-0.0,0.0
6.6094507673752725,-1.1945421529673887e-06,0.00024166097335306103
6.6094507673752725,-2.58049904891536e-07,0.00017440378502252095
6.6094507673752725,-6.762768280332577e-08,8.968879931201848e-05
6.6094507673752725,-8.433183750458762e-08,4.131436984969989e-05
6.6094507673752725,6.020154420279095e-08,3.0478331363158997e-05
6.6094507673752725,-1.260020001052545e-07,1.3696861469626082e-05
6.6094507673752725,1.3476532862713872e-08,7.3381124287090384e-06
6.6094507673752725,2.885232368207951e-09,3.874739418696903e-06
6.6094507673752725,2.4984019658653396e-09,1.9893609170471255e-06
6.6094507673752725,-2.815511616377905e-09,1.0343082110465644e-06
6.6094507673752725,-3.216498672529969e-10,5.391571110177802e-07
6.6094507673752725,-5.26685243203138e-10,2.7603767402525334e-07
6.6094507673752725,-3.6517165603455616e-10,1.42382600920775e-07
6.6094507673752725,-1.3788880699836347e-10,7.305879084175437e-08
6.6094507673752725,2.000834281805608e-10,3.8978012799913706e-08
6.6094507673752725,5.17966672012845e-12,1.2601442711254553e-07
6.761639782722778,-0.0,0.0
6.761639782722778,-1.3337452183328034e-06,0.0002243994752564138
6.761639782722778,-2.951991048078477e-07,0.0001619463718066266
6.761639782722778,-2.671750036345097e-07,8.328245650401716e-05
6.761639782722778,-1.5115314036603211e-07,3.836334343186418e-05
6.761639782722778,2.6633083291376063e-08,2.8301307694361925e-05
6.761639782722778,-1.1983447739011936e-07,1.2718514221795647e-05
6.761639782722778,-3.34254372127747e-08,6.813961540944107e-06
6.761639782722778,-1.866787512479524e-08,3.59797231736141e-06
6.761639782722778,1.1465725657992402e-10,1.8472637086866165e-06
6.761639782722778,-9.46024924904823e-10,9.604290531146669e-07
6.761639782722778,-1.9796597129256476e-10,5.006458888022245e-07
6.761639782722778,-1.092881593085853e-09,2.563206973091638e-07
6.761639782722778,-3.3881708682473346e-10,1.3221241514071964e-07
6.761639782722778,-6.229937133607807e-10,6.784030578162906e-08
6.761639782722778,3.01047236767828e-10,3.61938690284913e-08
6.761639782722778,-1.9847960693942783e-11,1.1701339660450657e-07
6.916872578377234,-0.0,0.0
6.916872578377234,-1.3301740304147743e-06,0.00020943951023931956
6.916872578377234,-3.801979144844312e-07,0.00015114994701951817
6.916872578377234,-4.0242831416719637e-07,7.773029273708268e-05
6.916872578377234,-1.7536134739872773e-07,3.580578720307324e-05
6.916872578377234,-4.054841262946132e-08,2.6414553848071133e-05
6.916872578377234,-1.1188458918600873e-07,1.1870613273675937e-05
6.916872578377234,-5.470410300076358e-08,6.3596974382145e-06
6.916872578377234,-3.649835314247859e-08,3.3581074962039826e-06
6.916872578377234,-1.0171614211082756e-08,1.7241127947741754e-06
6.916872578377234,2.959766983073534e-10,8.964004495736891e-07
6.916872578377234,-2.195862216305784e-10,4.6726949621540953e-07
6.916872578377234,-9.8331228327018e-10,2.392326508218862e-07
6.916872578377234,-9.819991553770499e-11,1.2339825413133833e-07
6.916872578377234,-7.034759878241358e-10,6.331761872952046e-08
6.916872578377234,3.224421622814118e-10,3.378094442659188e-08
6.916872578377234,-8.645390546888583e-11,1.0921250349753946e-07
7.075210029944779,-0.0,0.0
7.075210029944779,-1.144714611241959e-06,0.00019634954084936208
7.075210029944779,-4.0990775385210365e-07,0.0001417030753307983
7.075210029944779,-4.112946921129643e-07,7.287214944101501e-05
7.075210029944779,-2.27046981468107e-07,3.356792550288116e-05
7.075210029944779,-6.331919287206504e-08,2.4763644232566687e-05
7.075210029944779,-9.036175862575079e-08,1.1128699944071191e-05
7.075210029944779,-1.1343433878537973e-07,5.962216348326094e-06
7.075210029944779,-3.141425386789309e-08,3.148225777691234e-06
7.075210029944779,-8.351103577577724e-09,1.6163557451007895e-06
7.075210029944779,1.6862839256126975e-10,8.403754214753335e-07
7.075210029944779,-6.52029935058405e-10,4.380651527019464e-07
7.075210029944779,-9.493476038055839e-10,2.242806101455183e-07
7.075210029944779,-4.6616710934709256e-11,1.1568586324812969e-07
7.075210029944779,-5.949860359983878e-10,5.936026755892543e-08
7.075210029944779,3.73247787259921e-10,3.1669635399929886e-08
7.075210029944779,-1.9088699026256083e-10,1.0238672202894325e-07
7.236714230543676,-0.0,0.0
7.236714230543676,-9.37827668528875e-07,0.00018479956785822315
7.236714230543676,-4.376404522645528e-07,0.00013336760031133955
7.236714230543676,-4.2840812435815383e-07,6.858555241507295e-05
7.236714230543676,-2.1031294506805287e-07,3.159334164977051e-05
7.236714230543676,-3.6337833940677145e-08,2.330695927770982e-05
7.236714230543676,-7.131043147640826e-08,1.0474070535596415e-05
7.236714230543676,-1.6188449029587321e-07,5.611497739601029e-06
7.236714230543676,-3.142545284820931e-08,2.9630360260623377e-06
7.236714230543676,-2.147844275114405e-08,1.5212759953889783e-06
7.236714230543676,-3.57958009392505e-10,7.909415731532551e-07
7.236714230543676,1.924271752048041e-10,4.1229661430771426e-07
7.236714230543676,-3.852444996262323e-10,2.1108763307813488e-07
7.236714230543676,7.946445434050848e-12,1.0888081246882795e-07
7.236714230543676,-1.2230459476895766e-09,5.586848711428276e-08
7.236714230543676,3.054625785848047e-10,2.980671567052225e-08
7.236714230543676,-9.23655871178087e-11,9.636397367429953e-08
7.401448515154549,-0.0,0.0
7.401448515154549,-8.098424820762556e-07,0.00017453292519943296
7.401448515154549,-4.1017632900067546e-07,0.0001259582891829318
7.401448515154549,-3.9385401056294814e-07,6.47752439475689e-05
7.401448515154549,-1.5569171710764168e-07,2.9838156002561033e-05
7.401448515154549,-2.240978308097732e-08,2.2012128206725942e-05
7.401448515154549,-6.462486814162912e-08,9.892177728063282e-06
7.401448515154549,-1.8729086734666697e-07,5.29974786517875e-06
7.401448515154549,-2.888623136743689e-08,2.798422913503319e-06
7.401448515154549,-2.2607803884403157e-08,1.436760662311813e-06
7.401448515154549,-3.304021588449424e-09,7.470003746447409e-07
7.401448515154549,-1.5188056890945026e-09,3.893912468461746e-07
7.401448515154549,-1.8162796411058506e-10,1.9936054235157184e-07
7.401448515154549,4.939357635652312e-12,1.0283187844278194e-07
7.401448515154549,-8.397544918785686e-10,5.276468227460038e-08
7.401448515154549,2.692236216550624e-10,2.8150787022159897e-08
7.401448515154549,-4.1218739370305434e-10,9.101041958128289e-08
7.569477485457639,-0.0,0.0
7.569477485457639,-6.998219815337965e-07,0.00016534698176788387
7.569477485457639,-3.4642694885601897e-07,0.00011932890554172486
7.569477485457639,-3.8403954946282166e-07,6.136602058190738e-05
7.569477485457639,-1.3113280020734152e-07,2.8267726739268345e-05
7.569477485457639,-2.6019193679901553e-08,2.085359514321405e-05
7.569477485457639,-7.299446217286845e-08,9.37153679500732e-06
7.569477485457639,-2.0573809470471554e-07,5.0208137670114476e-06
7.569477485457639,-2.8198801930159996e-08,2.651137497003144e-06
7.569477485457639,-1.533064714739058e-08,1.3611416800848754e-06
7.569477485457639,-6.4834134349069006e-09,7.076845654529125e-07
7.569477485457639,-1.779916884453945e-09,3.6889697069637596e-07
7.569477485457639,-7.258582435795673e-11,1.888678822278049e-07
7.569477485457639,2.878884501184536e-11,9.741967431421447e-08
7.569477485457639,-5.446392493615252e-10,4.998759373383194e-08
7.569477485457639,8.862158832217173e-11,2.6669166652572535e-08
7.569477485457639,-3.458443744518358e-11,8.622039749805748e-08
7.740867035166792,-0.0,0.0
7.740867035166792,-5.819557651420068e-07,0.00015707963267948968
7.740867035166792,-2.84764861814866e-07,0.00011336246026463862
7.740867035166792,-3.503124102153803e-07,5.829771955281201e-05
7.740867035166792,-1.1151029615396162e-07,2.685434040230493e-05
7.740867035166792,-3.629242591690649e-08,1.981091538605335e-05
7.740867035166792,-7.502942382853403e-08,8.902959955256953e-06
7.740867035166792,-2.1305703429816803e-07,4.769773078660875e-06
7.740867035166792,-2.404822176246609e-08,2.518580622152987e-06
7.740867035166792,-1.9336970345997117e-08,1.2930845960806316e-06
7.740867035166792,-3.787987229958643e-09,6.723003371802668e-07
7.740867035166792,-1.2298349715511786e-09,3.504521221615571e-07
7.740867035166792,-1.3449967913831393e-10,1.7942448811641465e-07
7.740867035166792,-8.627041451746923e-11,9.254869059850376e-08
7.740867035166792,-8.354552355495517e-11,4.7488214047140345e-08
7.740867035166792,6.073573598850637e-11,2.5335708319943908e-08
7.740867035166792,-2.1911572866760853e-10,8.19093776231546e-08
7.9156843758701285,-0.0,0.0
7.9156843758701285,-4.770903931837383e-07,0.00014959965017094254
7.9156843758701285,-2.2164758989696318e-07,0.0001079642478710844
7.9156843758701285,-3.114034848901341e-07,5.552163766934477e-05
7.9156843758701285,-9.45959141610754e-08,2.5575562287909456e-05
7.9156843758701285,-4.223165191707973e-08,1.886753846290795e-05
7.9156843758701285,-7.079920317598577e-08,8.479009481197099e-06
7.9156843758701285,-1.895699127898335e-07,4.542641027296071e-06
7.9156843758701285,-1.668577906991554e-08,2.3986482115742734e-06
7.9156843758701285,-2.0002722661203988e-08,1.231509139124411e-06
7.9156843758701285,-3.3584503382923596e-09,6.402860354097779e-07
7.9156843758701285,-1.0330796882632292e-09,3.337639258681497e-07
7.9156843758701285,-6.023194835622964e-11,1.7088046487277586e-07
7.9156843758701285,-1.9490809948252505e-10,8.814161009381309e-08
7.9156843758701285,-7.891779774684933e-11,4.5226870521086043e-08
7.9156843758701285,6.095294063299417e-11,2.4129246018994197e-08
7.9156843758701285,-1.8687771267178416e-10,7.800893106967105e-08
8.09399806338753,-0.0,0.0
8.09399806338753,-4.0042537626159464e-07,0.00014279966607226333
8.09399806338753,-1.8291733183205225e-07,0.00010305678205876239
8.09399806338753,-2.7781938949721886e-07,5.299792686619274e-05
8.09399806338753,-8.427972358163733e-08,2.4413036729368118e-05
8.09399806338753,-4.5954477518070436e-08,1.8009923078230318e-05
8.09399806338753,-6.026176410533344e-08,8.093599959324504e-06
8.09399806338753,-1.6213278992619764e-07,4.336157344237159e-06
8.09399806338753,-1.2629423748958937e-08,2.2896187474118062e-06
8.09399806338753,-1.9296914266031624e-08,1.1755314509823924e-06
8.09399806338753,-3.7089800847162688e-09,6.111821247093335e-07
8.09399806338753,-1.2479611129472554e-09,3.185928383286883e-07
8.09399806338753,-7.031563687888758e-11,1.6311317101492242e-07
8.09399806338753,-8.738040877304986e-11,8.413517327136705e-08
8.09399806338753,6.35813603117429e-11,4.3171103679218495e-08
8.09399806338753,-1.584148977845931e-12,2.3032462109039917e-08
8.09399806338753,-1.1651702412317848e-10,7.446307056650418e-08
8.275878024655281,-0.0,0.0
8.275878024655281,-3.484727753472085e-07,0.00013659098493868667
8.275878024655281,-1.4908748357722772e-07,9.857605240403359e-05
8.275878024655281,-2.3564530606850394e-07,5.069366917635827e-05
8.275878024655281,-7.500331279547872e-08,2.3351600349830372e-05
8.275878024655281,-4.511472319226854e-08,1.7226882944394214e-05
8.275878024655281,-5.542839771364865e-08,7.741704308919089e-06
8.275878024655281,-1.3219069154231484e-07,4.147628764052935e-06
8.275878024655281,-9.517618398927675e-09,2.1900701062199886e-06
8.275878024655281,-1.6777626560527285e-08,1.1244213878962013e-06
8.275878024655281,-4.213615637392374e-09,5.84608988852406e-07
8.275878024655281,-5.97553491510572e-10,3.0474097579265836e-07
8.275878024655281,-3.20580223002497e-10,1.5602129401427362e-07
8.275878024655281,1.2907608382153135e-11,8.047712225956847e-08
8.275878024655281,1.2408483664909298e-11,4.1294099171426387e-08
8.275878024655281,-3.720965623691565e-11,2.20310507129947e-08
8.275878024655281,5.583979843509693e-11,7.122554575926487e-08
8.461395585148386,-0.0,0.0
8.461395585148386,-3.057776328204454e-07,0.00013089969389957473
8.461395585148386,-1.2415452415223878e-07,9.446871688719886e-05
8.461395585148386,-1.99467974285797e-07,4.858143296067668e-05
8.461395585148386,-6.642341276710205e-08,2.2378617001920775e-05
8.461395585148386,-4.1110117148863694e-08,1.6509096155044458e-05
8.461395585148386,-4.90996914430122e-08,7.419133296047461e-06
8.461395585148386,-1.0657217793460677e-07,3.974810898884063e-06
8.461395585148386,-8.842039094488577e-09,2.098817185127489e-06
8.461395585148386,-1.3968003240402261e-08,1.0775704967338596e-06
8.461395585148386,-3.947594148227685e-09,5.602502809835557e-07
8.461395585148386,-5.481115498700747e-10,2.9204343513463094e-07
8.461395585148386,-4.332530200524489e-10,1.495204067636789e-07
8.461395585148386,-1.6586475473245763e-11,7.712390883208646e-08
8.461395585148386,-1.780034514769547e-11,3.9573511705950286e-08
8.461395585148386,1.1966949817241556e-11,2.1113090266619923e-08
8.461395585148386,-1.780783119293872e-10,6.825781468596217e-08
8.650623496851354,-0.0,0.0
8.650623496851354,-2.644213001187854e-07,0.00012566370614359174
8.650623496851354,-1.0942166492979124e-07,9.06899682117109e-05
8.650623496851354,-1.696888414426434e-07,4.663817564224961e-05
8.650623496851354,-5.5538494117090946e-08,2.1483472321843943e-05
8.650623496851354,-3.563319479152279e-08,1.584873230884268e-05
8.650623496851354,-4.326672732504015e-08,7.122367964205563e-06
8.650623496851354,-9.165998275684726e-08,3.8158184629287e-06
8.650623496851354,-9.74807938232833e-09,2.0148644977223898e-06
8.650623496851354,-1.3475675702910323e-08,1.0344676768645052e-06
8.650623496851354,-2.871768576599639e-09,5.378402697442134e-07
8.650623496851354,-7.191860477667539e-10,2.8036169772924573e-07
8.650623496851354,-4.078062902380485e-10,1.4353959049313172e-07
8.650623496851354,-5.313095910105706e-11,7.4038952478803e-08
8.650623496851354,2.044864338248446e-12,3.799057123771228e-08
8.650623496851354,1.1712522230537676e-11,2.0268566655955127e-08
8.650623496851354,5.795428507349978e-12,6.552750209852368e-08
8.843635966788382,-0.0,0.0
8.843635966788382,-2.322044031612993e-07,0.00012083048667653052
8.843635966788382,-9.683096217322898e-08,8.720189251126048e-05
8.843635966788382,-1.4315248537650664e-07,4.484439965600924e-05
8.843635966788382,-4.551654877032123e-08,2.0657184924849944e-05
8.843635966788382,-3.092081129535393e-08,1.5239165681579498e-05
8.843635966788382,-3.598735044304428e-08,6.848430734813041e-06
8.843635966788382,-8.056689986794507e-08,3.6690562143545192e-06
8.843635966788382,-9.398921305525935e-09,1.9373697093484516e-06
8.843635966788382,-1.2452841343155824e-08,9.946804585235627e-07
8.843635966788382,-2.585330799817643e-09,5.171541055232822e-07
8.843635966788382,-1.0606477581144943e-09,2.695785555088901e-07
8.843635966788382,-3.189379334371418e-10,1.3801883701262667e-07
8.843635966788382,-2.2712287814268553e-11,7.11913004603875e-08
8.843635966788382,2.5743220209024683e-11,3.6529395420877184e-08
8.843635966788382,-4.698566528474609e-11,1.9489006399956853e-08
8.843635966788382,4.61055066703181e-11,6.300721355627276e-08
9.04050868612415,-0.0,0.0
9.04050868612415,-2.0520509491112813e-07,0.00011635528346628864
9.04050868612415,-8.54539705126365e-08,8.39721927886212e-05
9.04050868612415,-1.2282260234061106e-07,4.318349596504593e-05
9.04050868612415,-3.663154751924671e-08,1.9892104001707354e-05
9.04050868612415,-2.7304387223991588e-08,1.4674752137817294e-05
9.04050868612415,-3.0015297693187835e-08,6.594785152042188e-06
9.04050868612415,-7.184451169133259e-08,3.5331652434525e-06
9.04050868612415,-8.610601524853873e-09,1.8656152756688793e-06
9.04050868612415,-1.1958336520838473e-08,9.578404415412085e-07
9.04050868612415,-2.5370261588129898e-09,4.980002497631606e-07
9.04050868612415,-1.1572498225080471e-09,2.595941645641164e-07
9.04050868612415,-2.3676119757133846e-10,1.3290702823438123e-07
9.04050868612415,-2.6189537814508926e-11,6.85545856285213e-08
9.04050868612415,-1.1366873944949972e-11,3.517645484973359e-08
9.04050868612415,1.9738795729016605e-11,1.87671913481066e-08
9.04050868612415,-4.653052968905766e-11,6.067361305418859e-08
9.241318859846633,-0.0,0.0
9.241318859846633,-1.7764736170863913e-07,0.0001121997376282069
9.241318859846633,-7.427117107828144e-08,8.09731859033133e-05
9.241318859846633,-1.0554820350415086e-07,4.164122825200858e-05
9.241318859846633,-3.1025427934188576e-08,1.918167171593209e-05
9.241318859846633,-2.3745928458271145e-08,1.4150653847180963e-05
9.241318859846633,-2.5274963558520904e-08,6.3592571108978235e-06
9.241318859846633,-6.418271112114074e-08,3.4069807704720537e-06
9.241318859846633,-7.435314709080857e-09,1.798986158680705e-06
9.241318859846633,-1.0298991526395442e-08,9.236318543433082e-07
9.241318859846633,-2.4049279099782107e-09,4.802145265573334e-07
9.241318859846633,-1.2170347942632787e-09,2.5032294440111226e-07
9.241318859846633,-2.0768720289800054e-10,1.281603486545819e-07
9.241318859846633,-1.9614817177051667e-11,6.610620757035982e-08
9.241318859846633,-2.824376163070392e-12,3.392015289081453e-08
9.241318859846633,-2.991430901071354e-11,1.809693451424565e-08
9.241318859846633,-4.505410244815712e-11,5.8506698302253284e-08
9.446145237043565,-0.0,0.0
9.446145237043565,-1.5326329894732655e-07,0.00010833078115826874
9.446145237043565,-6.271550296455759e-08,7.818100707906112e-05
9.446145237043565,-9.158770894783124e-08,4.0205323829525524e-05
9.446145237043565,-2.7258744107256974e-08,1.8520234760210297e-05
9.446145237043565,-2.014851390032331e-08,1.366270026624369e-05
9.446145237043565,-2.1599537295098546e-08,6.13997238293583e-06
9.446145237043565,-5.7472036298846364e-08,3.2894986749385346e-06
9.446145237043565,-6.635966004962439e-09,1.7369521532089565e-06
9.446145237043565,-8.98076217310254e-09,8.91782480055608e-07
9.446145237043565,-2.2875502684030176e-09,4.6365540495190813e-07
9.446145237043565,-9.06321799261608e-10,2.416911187321084e-07
9.446145237043565,-1.4838495506229304e-10,1.2374102628718253e-07
9.446145237043565,-5.259372455731932e-11,6.38266831713819e-08
9.446145237043565,-5.261176000788723e-12,3.275049244630369e-08
9.446145237043565,-2.0285575284266633e-12,1.747290228961649e-08
9.446145237043565,7.88798708108337e-11,5.648922594700317e-08
9.655068141784437,-0.0,0.0
9.655068141784437,-1.309582262696612e-07,0.00010471975511965978
9.655068141784437,-5.3673429946954236e-08,7.557497350975908e-05
9.655068141784437,-7.977521299581769e-08,3.886514636854134e-05
9.655068141784437,-2.2859840827696475e-08,1.790289360153662e-05
9.655068141784437,-1.739790441212448e-08,1.3207276924035566e-05
9.655068141784437,-1.9045405597320272e-08,5.9353066368379685e-06
9.655068141784437,-5.075275086205851e-08,3.17984871910725e-06
9.655068141784437,-5.987067215023705e-09,1.6790537481019913e-06
9.655068141784437,-7.562141932888057e-09,8.620563973870877e-07
9.655068141784437,-2.246937488975606e-09,4.4820022478684455e-07
9.655068141784437,-8.216617636126481e-10,2.3363474810770477e-07
9.655068141784437,-2.965604282327107e-11,1.196163254109431e-07
9.655068141784437,-1.2568546485775362e-10,6.169912706566917e-08
9.655068141784437,-1.6025198419054428e-11,3.165880936476023e-08
9.655068141784437,3.0696952553261843e-12,1.689047221329594e-08
9.655068141784437,1.0542157104357597e-10,5.460625174876973e-08
9.868169504620125,-0.0,0.0
9.868169504620125,-1.1120487442908324e-07,0.00010134169850289656
9.868169504620125,-4.505266956846456e-08,7.313707113847653e-05
9.868169504620125,-6.848722752601135e-08,3.7611431969556136e-05
9.868169504620125,-1.913578150891792e-08,1.732538090471286e-05
9.868169504620125,-1.519991387528604e-08,1.2781235732937644e-05
9.868169504620125,-1.6447297684782162e-08,5.743845132423841e-06
9.868169504620125,-4.3415404657427565e-08,3.077272953974758e-06
9.868169504620125,-5.208742722270629e-09,1.6248907239696691e-06
9.868169504620125,-6.655405351890022e-09,8.342481265036333e-07
9.868169504620125,-1.9283920258138866e-09,4.3374215301952696e-07
9.868169504620125,-4.910703486021362e-10,2.2609814333003687e-07
9.868169504620125,5.1650916335691544e-11,1.1575773426865462e-07
9.868169504620125,-1.326884977150493e-10,5.970883264419597e-08
9.868169504620125,-1.0225898369651007e-11,3.0637557449767964e-08
9.868169504620125,-1.2266587849652476e-11,1.6345618270931555e-08
9.868169504620125,2.694144357382209e-11,5.2844759756873933e-08
10.085532894712529,-0.0,0.0
10.085532894712529,-9.493254677306148e-08,9.817477042468104e-05
10.085532894712529,-3.862811149956823e-08,7.085153766539914e-05
10.085532894712529,-5.7714993817103943e-08,3.6436074720507506e-05
10.085532894712529,-1.6143445399894618e-08,1.678396275144058e-05
10.085532894712529,-1.3264588676706713e-08,1.2381822116283343e-05
10.085532894712529,-1.381288023552709e-08,5.5643499720355955e-06
10.085532894712529,-3.782167099770486e-08,2.981108174163047e-06
10.085532894712529,-4.539151059560001e-09,1.574112888845617e-06
10.085532894712529,-5.826330415717751e-09,8.081778725503947e-07
10.085532894712529,-1.727316230475603e-09,4.2018771073766676e-07
10.085532894712529,-3.756434614339206e-10,2.190325763509732e-07
10.085532894712529,4.767883143869355e-11,1.1214030507275916e-07
10.085532894712529,-7.760989053408961e-11,5.784293162406484e-08
10.085532894712529,-4.511987957003682e-11,2.9680133779462715e-08
10.085532894712529,-2.8869554538889975e-11,1.5834817699964943e-08
10.085532894712529,1.1855384725914643e-11,5.1193361014471624e-08
10.30724355260678,-0.0,0.0
10.30724355260678,-7.98143462312199e-08,9.519977738150889e-05
10.30724355260678,-3.2407074799222005e-08,6.870452137250826e-05
10.30724355260678,-5.03268969840149e-08,3.533195124412849e-05
10.30724355260678,-1.3440667406581268e-08,1.6275357819578745e-05
10.30724355260678,-1.1469916239059999e-08,1.2006615385486879e-05
10.30724355260678,-1.1744132049282187e-08,5.395733306216335e-06
10.30724355260678,-3.2742298479825456e-08,2.890771562824773e-06
10.30724355260678,-3.873501442355111e-09,1.5264124982745375e-06
10.30724355260678,-5.045693758486262e-09,7.836876339882615e-07
10.30724355260678,-1.1428804763788642e-09,4.074547498062223e-07
10.30724355260678,-2.383349029249628e-10,2.1239522555245888e-07
10.30724355260678,6.725133645474527e-11,1.0874211400994828e-07
10.30724355260678,-2.0479297755562764e-11,5.6090115514244695e-08
10.30724355260678,-5.5119905409961634e-12,2.8780735786145664e-08
10.30724355260678,-2.5687268969242976e-11,1.5354974739359945e-08
10.30724355260678,-2.236794927733688e-11,4.964204704433612e-08
10.533388423658915,-0.0,0.0
10.533388423658915,-6.691841625904232e-08,9.239978392911157e-05
10.533388423658915,-2.756336053734387e-08,6.668380015566978e-05
10.533388423658915,-4.33169227661506e-08,3.4292776207536475e-05
10.533388423658915,-1.0650057282525844e-08,1.5796670824885254e-05
10.533388423658915,-9.808440309132415e-09,1.165347963885491e-05
10.533388423658915,-1.0152484271324033e-08,5.2370352677982076e-06
10.533388423658915,-2.880904276015671e-08,2.8057488698005145e-06
10.533388423658915,-3.3376983384390136e-09,1.4815180130311688e-06
10.533388423658915,-4.169024181803467e-09,7.606379976944891e-07
10.533388423658915,-7.2523664266649e-10,3.9547078657662755e-07
10.533388423658915,-1.9699634916859657e-10,2.0614830715385713e-07
10.533388423658915,1.2044915164857574e-11,1.0554381653906744e-07
10.533388423658915,-1.8018844508389047e-11,5.444040623441397e-08
10.533388423658915,6.7723019939970425e-12,2.793424355714138e-08
10.533388423658915,-2.5786681842949356e-11,1.4903357835261124e-08
10.533388423658915,-1.134814831738051e-11,4.818198683714976e-08
10.764056192132093,-0.0,0.0
10.764056192132093,-5.613612722180221e-08,8.975979010256552e-05
10.764056192132093,-2.337943842642705e-08,6.477854872265065e-05
10.764056192132093,-3.678593830642799e-08,3.331298260160686e-05
10.764056192132093,-9.111308887136516e-09,1.5345337372745673e-05
10.764056192132093,-8.557813793713659e-09,1.132052307774477e-05
10.764056192132093,-8.891658863870445e-09,5.0874056887182595e-06
10.764056192132093,-2.4719876738367444e-08,2.7255846163776428e-06
10.764056192132093,-2.730054638368952e-09,1.4391889269445641e-06
10.764056192132093,-3.193672523021811e-09,7.389054834746466e-07
10.764056192132093,-5.341127960314727e-10,3.8417162124586675e-07
10.764056192132093,-2.0251904538960936e-10,2.002583555208898e-07
10.764056192132093,-4.87413231411109e-11,1.0252827892366552e-07
10.764056192132093,-8.363169161437546e-11,5.2884966056287856e-08
10.764056192132093,-2.463322250203863e-11,2.7136122312651625e-08
10.764056192132093,-1.3194124576490554e-11,1.447754761139652e-08
10.764056192132093,-7.887048812692768e-13,4.680535864180263e-08
10.999337315974735,-0.0,0.0
10.999337315974735,-4.6666539673615523e-08,8.726646259971648e-05
10.999337315974735,-2.0151647360459388e-08,6.29791445914659e-05
10.999337315974735,-3.0311485240027066e-08,3.238762197378445e-05
10.999337315974735,-7.530752811731003e-09,1.4919078001280516e-05
10.999337315974735,-7.53433436274233e-09,1.1006064103362971e-05
10.999337315974735,-7.529835473524601e-09,4.946088864031641e-06
10.999337315974735,-2.1144253585804173e-08,2.649873932589375e-06
10.999337315974735,-2.5962498873373566e-09,1.3992114567516595e-06
10.999337315974735,-2.6531932256288275e-09,7.183803311559065e-07
10.999337315974735,-2.836955998045664e-10,3.7350018732237046e-07
10.999337315974735,-1.711533999874292e-10,1.946956234230873e-07
10.999337315974735,-8.053905366575684e-11,9.968027117578592e-08
10.999337315974735,-3.8043294147250415e-11,5.141593922139097e-08
10.999337315974735,-5.017158610346383e-11,2.638234113730019e-08
10.999337315974735,3.9032551180408766e-13,1.4075393511079949e-08
10.999337315974735,-1.3390093728881102e-11,4.5505209790641444e-08
11.23932406229423,-0.0,0.0
11.23932406229423,-3.90908113038224e-08,8.49079095564809e-05
11.23932406229423,-1.681961837907334e-08,6.127700554845331e-05
11.23932406229423,-2.542659991813413e-08,3.1512280839357845e-05
11.23932406229423,-6.453605989827748e-09,1.4515859676921583e-05
11.23932406229423,-6.2450347122223e-09,1.0708602911380189e-05
11.23932406229423,-6.475106934284584e-09,4.81241078662538e-06
11.23932406229423,-1.8342328290173366e-08,2.5782557181950675e-06
11.23932406229423,-2.169912172140016e-09,1.3613949308935065e-06
11.23932406229423,-2.093406024917025e-09,6.989646465300711e-07
11.23932406229423,-1.6759659283469637e-10,3.634055876650091e-07
11.23932406229423,-1.3515941753086375e-10,1.8943357954678765e-07
11.23932406229423,-3.854075435569834e-11,9.698620979265658e-08
11.23932406229423,-1.2459232643581666e-11,5.002631924243446e-08
11.23932406229423,-8.320514508458166e-11,2.5669304890346133e-08
11.23932406229423,-1.358050471683252e-11,1.369497747023995e-08
11.23932406229423,1.6552936854704054e-11,4.427533925575924e-08
11.484110543540115,-0.0,0.0
11.484110543540115,-3.2236961177033476e-08,8.267349088394193e-05
11.484110543540115,-1.4524820880786247e-08,5.966445277086243e-05
11.484110543540115,-2.1173006428501033e-08,3.068301029095369e-05
11.484110543540115,-5.3708416216387575e-09,1.4133863369634173e-05
11.484110543540115,-5.289557534167182e-09,1.0426797571607025e-05
11.484110543540115,-5.584336701166096e-09,4.68576839750366e-06
11.484110543540115,-1.575529262477235e-08,2.5104068835057238e-06
11.484110543540115,-1.8765059819547635e-09,1.325568748501572e-06
11.484110543540115,-1.9946911981598836e-09,6.805708400424377e-07
11.484110543540115,-5.302965037381491e-11,3.5384228272645624e-07
11.484110543540115,-1.4788455587729823e-10,1.8444848534818798e-07
11.484110543540115,-2.1663998226675292e-11,9.443394111390245e-08
11.484110543540115,5.978195178439591e-12,4.8709837157107236e-08
11.484110543540115,-3.3500706498115946e-11,2.499379686691597e-08
11.484110543540115,-2.742005607680325e-11,1.3334583326286267e-08
11.484110543540115,-5.9748903796392106e-12,4.311019874902874e-08
11.733792754410917,-0.0,0.0
11.733792754410917,-2.673388434622271e-08,8.055365778435368e-05
11.733792754410917,-1.2123175508134195e-08,5.8134595007506986e-05
11.733792754410917,-1.799821156306715e-08,2.9896266437339493e-05
11.733792754410917,-4.564111989716049e-09,1.377145661656663e-05
11.733792754410917,-4.520521814315439e-09,1.0159443787719666e-05
11.733792754410917,-4.880891619186008e-09,4.56562048987536e-06
11.733792754410917,-1.2988286905693263e-08,2.4460374762363463e-06
11.733792754410917,-1.5915178006757303e-09,1.291579806232301e-06
11.733792754410917,-1.8317153887538285e-09,6.631203056823752e-07
11.733792754410917,4.0017579787516705e-12,3.447694036821881e-07
11.733792754410917,-1.2145465908175617e-10,1.7971903700592674e-07
11.733792754410917,1.4701648739031577e-11,9.201255800841778e-08
11.733792754410917,5.021170567715871e-12,4.746086697359167e-08
11.733792754410917,-2.7201031677595753e-11,2.4352930280584793e-08
11.733792754410917,-3.5117005670434514e-11,1.2992670933304568e-08
11.733792754410917,-2.547551863109328e-11,4.200480903751518e-08
11.988468609499135,-0.0,0.0
11.988468609499135,-2.2208959244044698e-08,7.853981633974484e-05
11.988468609499135,-1.0247209607785877e-08,5.668123013231931e-05
11.988468609499135,-1.56309535043751e-08,2.9148859776406004e-05
11.988468609499135,-3.81287565951474e-09,1.3427170201152465e-05
11.988468609499135,-3.809832857584093e-09,9.905457693026675e-06
11.988468609499135,-4.100643155446957e-09,4.451479977628477e-06
11.988468609499135,-1.0879838412522104e-08,2.3848865393304375e-06
11.988468609499135,-1.430864876725871e-09,1.2592903110764935e-06
11.988468609499135,-1.5843723653427725e-09,6.465422980403158e-07
11.988468609499135,4.0709691474279414e-11,3.361501685901334e-07
11.988468609499135,-9.854930246381394e-11,1.7522606108077856e-07
11.988468609499135,7.603670000092719e-12,8.971224405820732e-08
11.988468609499135,7.027871745033768e-12,4.627434529925188e-08
11.988468609499135,-8.796477058668005e-12,2.3744107023570173e-08
11.988468609499135,-4.446228284666217e-11,1.2667854159971954e-08
11.988468609499135,-1.99347530703127e-11,4.09546888115773e-08
12.248237981689117,-0.0,0.0
12.248237981689117,-1.8414021416063565e-08,7.662421106316569e-05
12.248237981689117,-8.519682395345753e-09,5.529876110470177e-05
12.248237981689117,-1.3321560292329788e-08,2.8437911976981467e-05
12.248237981689117,-3.1748807105752964e-09,1.3099678245026795e-05
12.248237981689117,-3.179083079532145e-09,9.663861163928462e-06
12.248237981689117,-3.5170648056139765e-09,4.342907295247294e-06
12.248237981689117,-8.900687776854447e-09,2.3267185749565246e-06
12.248237981689117,-1.2572681775279247e-09,1.2285759132453596e-06
12.248237981689117,-1.221185542946329e-09,6.30772973697869e-07
12.248237981689117,4.1380928420878035e-11,3.2795138399037407e-07
12.248237981689117,-9.931749756522552e-11,1.709522547129547e-07
12.248237981689117,-1.992320327278603e-11,8.752414054459252e-08
12.248237981689117,-1.062682181829427e-12,4.514570273097744e-08
12.248237981689117,-4.472153012188299e-12,2.316498246201968e-08
12.248237981689117,-5.968220075398989e-11,1.2358882107289712e-08
12.248237981689117,-1.0909214778989401e-11,3.9955793962514436e-08
12.5132027413229,-0.0,0.0
12.5132027413229,-1.5406602804037928e-08,7.479982508547127e-05
12.5132027413229,-7.158144360794479e-09,5.39821239355422e-05
12.5132027413229,-1.1125236700106881e-08,2.7760818834672385e-05
12.5132027413229,-2.872623893471985e-09,1.2787781143954728e-05
12.5132027413229,-2.6447976419852443e-09,9.433769231453975e-06
12.5132027413229,-2.9870382431914234e-09,4.2395047405985495e-06
12.5132027413229,-7.471492683112495e-09,2.2713205136480356e-06
12.5132027413229,-1.191696289374032e-09,1.1993241057871367e-06
12.5132027413229,-9.524318309926547e-10,6.157545695622055e-07
12.5132027413229,3.936288355933132e-11,3.2014301770488895e-07
12.5132027413229,-1.8515080621375906e-11,1.6688196293407484e-07
12.5132027413229,-3.751027628579462e-11,8.544023243638793e-08
12.5132027413229,8.648885185886369e-13,4.4070805046906546e-08
12.5132027413229,1.0041801426245162e-11,2.2613435260543022e-08
12.5132027413229,-5.815345518723961e-11,1.2064623009497099e-08
12.5132027413229,9.33942179023325e-12,3.9004465534835525e-08
12.783466796149359,-0.0,0.0
12.783466796149359,-1.2501237420226171e-08,7.306029426953008e-05
12.783466796149359,-5.812003206840098e-09,5.272672570448308e-05
12.783466796149359,-8.966467130036024e-09,2.7115218396656747e-05
12.783466796149359,-2.411107171605644e-09,1.249039088479299e-05
12.783466796149359,-2.2216859770777726e-09,9.214379249327138e-06
12.783466796149359,-2.4482164303627696e-09,4.1409116070962576e-06
12.783466796149359,-6.155171869742677e-09,2.2184991063538954e-06
12.783466796149359,-9.817212951193993e-10,1.1714328475130173e-06
12.783466796149359,-8.548042034242042e-10,6.014346958514565e-07
12.783466796149359,6.472997428926823e-11,3.126978312466357e-07
12.783466796149359,-1.649464337401679e-11,1.6300098705188704e-07
12.783466796149359,-2.2508147298718757e-11,8.34532502867045e-08
12.783466796149359,6.1118220914929e-12,4.304590260395523e-08
12.783466796149359,1.4890845677956596e-11,2.2087541417274577e-08
12.783466796149359,-3.7630677156090617e-11,1.178405038136926e-08
12.783466796149359,2.918729279442734e-11,3.809738494100214e-08
13.059136132072346,-0.0,0.0
13.059136132072346,-1.016651770143466e-08,7.139983303613166e-05
13.059136132072346,-4.942470339725166e-09,5.1528391029381196e-05
13.059136132072346,-7.38942929338654e-09,2.649896343309637e-05
13.059136132072346,-1.97389940548675e-09,1.2206518364684059e-05
13.059136132072346,-1.8222758735003478e-09,9.004961539115159e-06
13.059136132072346,-1.8719288689554226e-09,4.046799979662252e-06
13.059136132072346,-4.7264257153855524e-09,2.1680786721185797e-06
13.059136132072346,-8.558990054508211e-10,1.1448093737059031e-06
13.059136132072346,-7.032425440342313e-10,5.877657254911962e-07
13.059136132072346,8.049989511003166e-11,3.0559106235466674e-07
13.059136132072346,3.714575740805892e-11,1.5929641916434415e-07
13.059136132072346,-1.1337016193384968e-12,8.155658550746121e-08
13.059136132072346,-1.210189354834712e-12,4.2067586635683527e-08
13.059136132072346,5.895908944329599e-12,2.1585551839609247e-08
13.059136132072346,-2.0268644265096307e-11,1.1516231054519958e-08
13.059136132072346,1.0143760142630287e-11,3.723153528325209e-08
13.340318854713793,-0.0,0.0
13.340318854713793,-8.245856505848826e-09,6.981317007977319e-05
13.340318854713793,-4.1071158026064086e-09,5.038331567317272e-05
13.340318854713793,-5.914149462676033e-09,2.591009757902756e-05
13.340318854713793,-1.5503726961178535e-09,1.1935262401024413e-05
13.340318854713793,-1.4148482745173186e-09,8.804851282690377e-06
13.340318854713793,-1.610519944779638e-09,3.956871091225313e-06
13.340318854713793,-3.732056718566967e-09,2.1198991460715e-06
13.340318854713793,-6.241262992528457e-10,1.1193691654013275e-06
13.340318854713793,-6.256562896211297e-10,5.747042649247251e-07
13.340318854713793,1.261213561212924e-10,2.9880014985789637e-07
13.340318854713793,-1.5405322040752803e-11,1.5575649873846983e-07
13.340318854713793,-1.759246712587596e-11,7.974421694062874e-08
13.340318854713793,-4.479448516986426e-12,4.113275137711278e-08
13.340318854713793,-3.507033487266179e-13,2.1105872909840152e-08
13.340318854713793,-8.873788996147426e-12,1.1260314808863959e-08
13.340318854713793,-1.6945018684155435e-12,3.640416783251316e-08
13.62712523180807,-0.0,0.0
13.62712523180807,-6.743067354369623e-09,6.829549246934334e-05
13.62712523180807,-3.4434046439169197e-09,4.928802620201679e-05
13.62712523180807,-4.763082077471229e-09,2.5346834588179135e-05
13.62712523180807,-1.1700971222416778e-09,1.1675800174915186e-05
13.62712523180807,-1.1340753842595897e-09,8.613441472197107e-06
13.62712523180807,-1.3454695673748375e-09,3.8708521544595445e-06
13.62712523180807,-3.0710629762227897e-09,2.0738143820264675e-06
13.62712523180807,-4.3115331215884603e-10,1.0950350531099943e-06
13.62712523180807,-4.829102914739864e-10,5.622106939481006e-07
13.62712523180807,1.0988494577505499e-10,2.92304494426203e-07
13.62712523180807,-2.6779473710673932e-11,1.5237048789632918e-07
13.62712523180807,-1.2738317028976905e-11,7.801064700713681e-08
13.62712523180807,7.9664000692756e-12,4.023856112978424e-08
13.62712523180807,2.391254065503341e-12,2.0647049585713193e-08
13.62712523180807,-2.7476978170133475e-12,1.101552535649735e-08
13.62712523180807,-3.997979462779843e-12,3.5612772879632436e-08
13.91966773644423,-0.0,0.0
13.91966773644423,-5.399072622745769e-09,6.684239688488922e-05
13.91966773644423,-2.9214950631332925e-09,4.823934479346325e-05
13.91966773644423,-3.701596229942977e-09,2.4807540235239154e-05
13.91966773644423,-8.998370463784651e-10,1.1427378894597842e-05
13.91966773644423,-8.834050855542184e-10,8.430176760022701e-06
13.91966773644423,-1.0779457675022042e-09,3.788493597981682e-06
13.91966773644423,-2.397836237802239e-09,2.0296906717705852e-06
13.91966773644423,-3.1213287335624284e-10,1.071736434958718e-06
13.91966773644423,-3.573868639996184e-10,5.502487642896304e-07
13.91966773644423,1.0561153665722013e-10,2.8608524986394334e-07
13.91966773644423,-3.877304380726111e-11,1.4912856262193922e-07
13.91966773644423,-7.372811917632016e-12,7.635084600698496e-08
13.91966773644423,9.332721615696758e-13,3.9382421531278196e-08
13.91966773644423,-1.1776728868320024e-12,2.0207750658357593e-08
13.91966773644423,2.1811609200555454e-12,1.0781152476571876e-08
13.91966773644423,-4.589220934562841e-12,3.485505430772536e-08
14.218061091173116,-0.0,0.0
14.218061091173116,-4.119693941221683e-09,6.544984694978737e-05
14.218061091173116,-2.4623643397398857e-09,4.723435844359943e-05
14.218061091173116,-2.9652098743450565e-09,2.429071648033834e-05
14.218061091173116,-7.2941573006448e-10,1.1189308500960388e-05
14.218061091173116,-6.806535442284151e-10,8.254548077522229e-06
14.218061091173116,-8.393989156744169e-10,3.7095666480237306e-06
14.218061091173116,-1.848716821446072e-09,1.9874054494420313e-06
14.218061091173116,-2.752143755700082e-10,1.0494085925637446e-06
14.218061091173116,-2.895257446814096e-10,5.387852483669298e-07
14.218061091173116,5.6585988109763984e-11,2.8012514049177786e-07
14.218061091173116,-5.749243816082838e-11,1.4602171756731547e-07
14.218061091173116,-3.7890737510678536e-13,7.476020338183945e-08
14.218061091173116,1.8964652540917523e-12,3.856195441604323e-08
14.218061091173116,6.648112000350298e-13,1.9786755852975143e-08
14.218061091173116,-1.6352998228263614e-12,1.0556545133309961e-08
14.218061091173116,-2.052916470761543e-11,3.4128907342981085e-08
14.522422312996579,-0.0,0.0
14.522422312996579,-3.30059530244823e-09,6.41141357875468e-05
14.522422312996579,-2.104408774343095e-09,4.627039194475046e-05
14.522422312996579,-2.291118737746137e-09,2.379498757257633e-05
14.522422312996579,-5.861498887282779e-10,1.096095526624691e-05
14.522422312996579,-5.298258638038701e-10,8.086087912674836e-06
14.522422312996579,-6.273574018037101e-10,3.6338612062273277e-06
14.522422312996579,-1.4899142907892955e-09,1.9468461545554593e-06
14.522422312996579,-2.1517473842253104e-10,1.0279920906746887e-06
14.522422312996579,-2.591065365494995e-10,5.27789631053319e-07
14.522422312996579,4.0669796288275654e-11,2.7440830088990484e-07
14.522422312996579,-3.77175735247542e-11,1.4304168251492128e-07
14.522422312996579,-2.7440872389737793e-12,7.323448494547537e-08
14.522422312996579,-1.8032770233906644e-12,3.777497575449133e-08
14.522422312996579,1.097179341762342e-13,1.9382944509036875e-08
14.522422312996579,1.3874856142015316e-12,1.03411054367118e-08
14.522422312996579,-7.703527997210942e-12,3.343239902985902e-08
14.83287075925651,-0.0,0.0
14.83287075925651,-2.646523734690423e-09,6.283185307179587e-05
14.83287075925651,-1.6745179537983082e-09,4.534498410585545e-05
14.83287075925651,-1.9051803494678788e-09,2.3319087821124804e-05
14.83287075925651,-4.668605023627461e-10,1.0741736160921972e-05
14.83287075925651,-4.297640759680014e-10,7.92436615442134e-06
14.83287075925651,-5.210716130512219e-10,3.5611839821027815e-06
14.83287075925651,-1.2026152714097395e-09,1.90790923146435e-06
14.83287075925651,-1.5693652938575695e-10,1.0074322488611949e-06
14.83287075925651,-1.9952249159503307e-10,5.172338384322526e-07
14.83287075925651,4.3238176662003286e-11,2.689201348721067e-07
14.83287075925651,-4.821518996814349e-11,1.4018084886462286e-07
14.83287075925651,4.358068678329162e-13,7.176979524656586e-08
14.83287075925651,-1.1654378027742257e-13,3.70194762394015e-08
14.83287075925651,-7.881184272939124e-13,1.899528561885614e-08
14.83287075925651,-1.6032377623931476e-12,1.0134283327977564e-08
14.83287075925651,-1.94372446944681e-11,3.276375104926184e-08
15.149528174441642,-0.0,0.0
15.149528174441642,-2.0686162125053557e-09,6.159985595274105e-05
15.149528174441642,-1.3906669476269609e-09,4.445586677044652e-05
15.149528174441642,-1.4446826986060496e-09,2.2861850805024316e-05
15.149528174441642,-3.7042578314330504e-10,1.0531113883256835e-05
15.149528174441642,-3.7091327930685697e-10,7.768986425903273e-06
15.149528174441642,-3.8154811088433765e-10,3.491356845198805e-06
15.149528174441642,-9.612114615840136e-10,1.8704992465336764e-06
15.149528174441642,-1.5266939136925424e-10,9.876786753541126e-07
15.149528174441642,-1.6232097235043125e-10,5.070919984629927e-07
15.149528174441642,4.482515896763532e-11,2.63647191051085e-07
15.149528174441642,-4.131698667499154e-11,1.374322047692381e-07
15.149528174441642,6.2577945305763455e-12,7.03625443593783e-08
15.149528174441642,-3.94101814977696e-12,3.6293604156275984e-08
15.149528174441642,1.0948566594254255e-12,1.8622829038094254e-08
15.149528174441642,-4.387059950948745e-12,9.935571890174082e-09
15.149528174441642,-2.886884644966071e-12,3.212132455809984e-08
15.472518737930475,-0.0,0.0
15.472518737930475,-1.6057426351743014e-09,6.041524333826526e-05
15.472518737930475,-1.0867256111102696e-09,4.360094625563024e-05
15.472518737930475,-1.0456872019786854e-09,2.242219982800462e-05
15.472518737930475,-2.9850550388328515e-10,1.0328592462424972e-05
15.472518737930475,-2.79240231453552e-10,7.619582840789749e-06
15.472518737930475,-2.7441154978962317e-10,3.4242153674065205e-06
15.472518737930475,-7.293765506470807e-10,1.8345281071772596e-06
15.472518737930475,-1.2597621714741904e-10,9.686848546742258e-07
15.472518737930475,-1.584558675776285e-10,4.973402292617814e-07
15.472518737930475,3.8645556049378247e-11,2.585770527616411e-07
15.472518737930475,-3.454731027501441e-11,1.3478927775444505e-07
15.472518737930475,-2.235232175156121e-12,6.900941850631334e-08
15.472518737930475,-4.8420439414813484e-12,3.559565023019375e-08
15.472518737930475,1.0961852030485342e-12,1.8264697710438592e-08
15.472518737930475,-3.640405550679336e-12,9.744503199978427e-09
15.472518737930475,-1.9536556244375274e-11,3.150360677813638e-08
15.801969112689086,-0.0,0.0
15.801969112689086,-1.2013109695751973e-09,5.927533308659988e-05
15.801969112689086,-8.306374007712713e-10,4.277828689231646e-05
15.801969112689086,-8.203421342948545e-10,2.1999139453891323e-05
15.801969112689086,-2.399278217659251e-10,1.013371335936035e-05
15.801969112689086,-2.1694782228114988e-10,7.475817126812584e-06
15.801969112689086,-2.0573265434727603e-10,3.359607530285643e-06
15.801969112689086,-5.662780029754388e-10,1.7999143693059905e-06
15.801969112689086,-1.1669433195559892e-10,9.504077819445234e-07
15.801969112689086,-1.6077471016868784e-10,4.879564513511817e-07
15.801969112689086,2.5501792496478275e-11,2.536982404453837e-07
15.801969112689086,-3.32208860041505e-11,1.3224608383454987e-07
15.801969112689086,-1.7586514882879829e-12,6.77073540061942e-08
15.801969112689086,-3.733895390649953e-12,3.492403418811462e-08
15.801969112689086,9.190447322452281e-13,1.792008077250579e-08
15.801969112689086,-1.0811639181716793e-13,9.560644649035437e-09
15.801969112689086,-6.846104330795512e-12,3.090919910307721e-08
16.13800849494287,-0.0,0.0
16.13800849494287,-8.906819331514082e-10,5.817764173314432e-05
16.13800849494287,-6.531026647152391e-10,4.19860963943106e-05
16.13800849494287,-6.494726826703752e-10,2.1591747982522966e-05
16.13800849494287,-1.8506499774541597e-10,9.946052000853677e-06
16.13800849494287,-1.80308192828696e-10,7.337376068908647e-06
16.13800849494287,-1.746890270565295e-10,3.297392576021094e-06
16.13800849494287,-4.1757207213610093e-10,1.76658262172625e-06
16.13800849494287,-8.924675775761407e-11,9.328076378344396e-07
16.13800849494287,-1.195998456043101e-10,4.789202207706043e-07
16.13800849494287,3.873449739908295e-11,2.490001248815803e-07
16.13800849494287,-2.3222554290159726e-11,1.297970822820582e-07
16.13800849494287,-2.61170713897792e-13,6.645351411719061e-08
16.13800849494287,-8.031199192301535e-12,3.427729281426065e-08
16.13800849494287,3.2827195482474653e-12,1.7588227424866794e-08
16.13800849494287,2.319423147733526e-12,9.3835956740533e-09
16.13800849494287,1.0124366483991408e-13,3.0336806527094296e-08
16.480768664841726,-0.0,0.0
16.480768664841726,-7.213422292363052e-10,5.711986642890533e-05
16.480768664841726,-5.3710498669291e-10,4.1222712823504954e-05
16.480768664841726,-4.975023461800946e-10,2.1199170746477095e-05
16.480768664841726,-1.5372723388814785e-10,9.765214691747247e-06
16.480768664841726,-1.2914142325970946e-10,7.203969231292127e-06
16.480768664841726,-1.4052918852600754e-10,3.237439983729801e-06
16.480768664841726,-2.7520442864856687e-10,1.7344629376948637e-06
16.480768664841726,-6.590364328994298e-11,9.158474989647226e-07
16.480768664841726,-9.323805330203933e-11,4.702125803929569e-07
16.480768664841726,3.596686876892646e-11,2.444728498837334e-07
16.480768664841726,-1.9663685530531173e-11,1.2743713533147532e-07
16.480768664841726,6.528364306314665e-12,6.524526840596896e-08
16.480768664841726,-3.0628076523594323e-12,3.3654069308546816e-08
16.480768664841726,3.694364611882797e-12,1.7268441471687397e-08
16.480768664841726,-9.760576404930894e-14,9.212984843615966e-09
16.480768664841726,5.0165781196682286e-12,2.9785228226601674e-08
16.83038403813856,-0.0,0.0
16.83038403813856,-5.219108730854144e-10,5.609986881410345e-05
16.83038403813856,-4.2590541656536794e-10,4.048659295165665e-05
16.83038403813856,-3.69625493473256e-10,2.082061412600429e-05
16.83038403813856,-1.3828872689903766e-10,9.590835857966046e-06
16.83038403813856,-1.008021125181593e-10,7.075326923590481e-06
16.83038403813856,-1.0317828762416575e-10,3.1796285554489117e-06
16.83038403813856,-2.2020521319468973e-10,1.7034903852360268e-06
16.83038403813856,-6.814131737332728e-11,8.994930793403525e-07
16.83038403813856,-8.026035013772414e-11,4.618159271716541e-07
16.83038403813856,2.5589397736049317e-11,2.401072632786667e-07
16.83038403813856,-1.1952985437282303e-11,1.2516147220055613e-07
16.83038403813856,7.349823284615876e-12,6.408017432729095e-08
16.83038403813856,-1.79383884619673e-12,3.305310378517991e-08
16.83038403813856,2.9967232041077175e-12,1.6960076445407265e-08
16.83038403813856,4.414735044374854e-13,9.048467257122824e-09
16.83038403813856,9.71056817688033e-12,2.9253349151126642e-08
17.186991718901332,-0.0,0.0
17.186991718901332,-4.0513255731874425e-10,5.511566058929462e-05
17.186991718901332,-3.117951433216333e-10,3.9776301847241626e-05
17.186991718901332,-2.883712883721501e-10,2.0455340193969125e-05
17.186991718901332,-1.0475748124054284e-10,9.422575579756116e-06
17.186991718901332,-7.709983453151695e-11,6.95119838107135e-06
17.186991718901332,-7.641159583129907e-11,3.1238455983357733e-06
17.186991718901332,-1.4438304766192834e-10,1.6736045890038159e-06
17.186991718901332,-4.4744928199911557e-11,8.837124990010481e-07
17.186991718901332,-6.375985681785344e-11,4.537138933616251e-07
17.186991718901332,1.472988726348751e-11,2.358948551509708e-07
17.186991718901332,-5.162667083226434e-12,1.2296565689879197e-07
17.186991718901332,4.097642580348508e-12,6.295596074260163e-08
17.186991718901332,-1.411595388621573e-12,3.2473224771404824e-08
17.186991718901332,1.3359670780798688e-12,1.6662531244610646e-08
17.186991718901332,1.610545754321713e-12,8.889722217524178e-09
17.186991718901332,1.0637332118751736e-11,2.8740132499352492e-08
17.55073155327936,-0.0,0.0
17.55073155327936,-3.114994102322058e-10,5.416539057913437e-05
17.55073155327936,-2.3529938543233433e-10,3.909050353953056e-05
17.55073155327936,-2.070608529255837e-10,2.0102661914762762e-05
17.55073155327936,-7.968514004092053e-11,9.260117380105149e-06
17.55073155327936,-5.220243132575454e-11,6.831350133121845e-06
17.55073155327936,-6.21292256686703e-11,3.069986191467915e-06
17.55073155327936,-1.3388221314202726e-10,1.6447493374692673e-06
17.55073155327936,-3.3897923243830624e-11,8.684760766044782e-07
17.55073155327936,-5.4072435981069104e-11,4.45891240027804e-07
17.55073155327936,7.2620080127579904e-12,2.3182770247595407e-07
17.55073155327936,-3.0648673919529755e-12,1.208455593660542e-07
17.55073155327936,1.1217874525319245e-12,6.187051314359127e-08
17.55073155327936,2.5400320560542093e-13,3.191334158569095e-08
17.55073155327936,3.841405855502657e-12,1.6375246223151844e-08
17.55073155327936,7.571784698073487e-13,8.736451144808244e-09
17.55073155327936,5.9581156395776454e-12,2.8244612973501585e-08
17.921746184344947,-0.0,0.0
17.921746184344947,-2.2405538843156936e-10,5.3247333111691416e-05
17.921746184344947,-1.678306632513955e-10,3.842795263208089e-05
17.921746184344947,-1.5361261365404504e-10,1.97619388314617e-05
17.921746184344947,-4.915132490691428e-11,9.103166238069467e-06
17.921746184344947,-4.2159685371776616e-11,6.715564537645203e-06
17.921746184344947,-5.7007323027824596e-11,3.017952527205747e-06
17.921746184344947,-1.1469600907368907e-10,1.6168722300545339e-06
17.921746184344947,-2.28917923303286e-11,8.537561431027074e-07
17.921746184344947,-3.793404873080902e-11,4.3833376138326496e-07
17.921746184344947,-9.922302860855723e-13,2.278984193831413e-07
17.921746184344947,-1.919181058944178e-12,1.1879732954629055e-07
17.921746184344947,3.5337148959129142e-12,6.082186037844565e-08
17.921746184344947,1.1585348584539889e-13,3.137243749101822e-08
17.921746184344947,1.5788808872538495e-12,1.6097699676996727e-08
17.921746184344947,4.2938833950230195e-13,8.5883757016759e-09
17.921746184344947,1.2486202663618005e-12,2.7765890719713423e-08
18.300181108031847,-0.0,0.0
18.300181108031847,-1.5270965977506304e-10,5.235987755982989e-05
18.300181108031847,-1.0118868013723363e-10,3.778748675487954e-05
18.300181108031847,-1.1954547154371977e-10,1.943257318427067e-05
18.300181108031847,-3.87961712958371e-11,8.95144680076831e-06
18.300181108031847,-3.1665419039446373e-11,6.603638462017783e-06
18.300181108031847,-4.6965198101584094e-11,2.9676533184189843e-06
18.300181108031847,-7.338438282122427e-11,1.589924359553625e-06
18.300181108031847,-1.881480954131263e-11,8.395268740509957e-07
18.300181108031847,-2.5879918352699286e-11,4.3102819869354384e-07
18.300181108031847,3.2100149501273023e-13,2.2410011239342228e-07
18.300181108031847,-3.3829092777211372e-12,1.1681737405385238e-07
18.300181108031847,3.074442235604289e-12,5.980816270547155e-08
18.300181108031847,-6.23223857719872e-14,3.0849563532834583e-08
18.300181108031847,3.1472460040186196e-12,1.5829404682380114e-08
18.300181108031847,-1.2876355817825535e-13,8.44523610664797e-09
18.300181108031847,-3.1257491568334477e-12,2.7303125874384865e-08
18.686184730192483,-0.0,0.0
18.686184730192483,-9.686396539056907e-11,5.150151891130809e-05
18.686184730192483,-8.359355009619566e-11,3.716801975889791e-05
18.686184730192483,-9.11383868112693e-11,1.9114006410758037e-05
18.686184730192483,-2.5204586140174623e-11,8.804701771247517e-06
18.686184730192483,-2.0571286160440807e-11,6.495382093787983e-06
18.686184730192483,-3.626982341987677e-11,2.919003264018673e-06
18.686184730192483,-4.687615959721637e-11,1.5638600257904508e-06
18.686184730192483,-1.2048061772913445e-11,8.257641384108155e-07
18.686184730192483,-1.9775856158087554e-11,4.239621626493874e-07
18.686184730192483,-3.877961158786335e-13,2.2042634005910388e-07
18.686184730192483,-3.0770366288236356e-12,1.1490233513493677e-07
18.686184730192483,3.3735448595045473e-12,5.88277010217753e-08
18.686184730192483,-1.0478834655322034e-13,3.0343832983115986e-08
18.686184730192483,8.227507736571258e-13,1.5569906244964046e-08
18.686184730192483,-4.649738110454197e-13,8.306789613096364e-09
18.686184730192483,-1.88087407316868e-12,2.6855533646935935e-08
19.079908424796333,-0.0,0.0
19.079908424796333,-5.777500017988624e-11,5.067084925144828e-05
19.079908424796333,-5.3352006613000594e-11,3.656853556923826e-05
19.079908424796333,-6.592887276818699e-11,1.8805715984778068e-05
19.079908424796333,-2.2028452596039497e-11,8.66269045235643e-06
19.079908424796333,-1.979192735872067e-11,6.390617866468822e-06
19.079908424796333,-2.5906590705934967e-11,2.8719225662119203e-06
19.079908424796333,-2.970320409307905e-11,1.538636476987379e-06
19.079908424796333,-6.856431635459313e-12,8.124453619848346e-07
19.079908424796333,-1.5526488175814947e-11,4.1712406325181664e-07
19.079908424796333,2.04255687242549e-12,2.1687107650976348e-07
19.079908424796333,-1.848389942299211e-12,1.1304907166501843e-07
19.079908424796333,1.6987574005945062e-12,5.787886713432731e-08
19.079908424796333,-1.1342524046507231e-12,2.985441632209799e-08
19.079908424796333,-7.141793792690095e-14,1.5318778724883982e-08
19.079908424796333,-4.180375490431466e-13,8.172809135465778e-09
19.079908424796333,-1.906503714109543e-12,2.6422379878436967e-08
19.48150659329226,-0.0,0.0
19.48150659329226,-3.812924568479029e-11,4.9866550056980846e-05
19.48150659329226,-4.5205130910311597e-11,3.59880826236948e-05
19.48150659329226,-4.3644077582513136e-11,1.8507212556448256e-05
19.48150659329226,-1.6215485854302683e-11,8.525187429303152e-06
19.48150659329226,-1.5249420668839273e-11,6.289179487635983e-06
19.48150659329226,-2.2634654700829412e-11,2.826336493732366e-06
19.48150659329226,-3.3549813014418745e-11,1.5142136757653572e-06
19.48150659329226,-5.413229537360328e-12,7.995494038580912e-07
19.48150659329226,-1.080256493581639e-11,4.105030463748037e-07
19.48150659329226,2.181874992844125e-12,2.1342867846992596e-07
19.48150659329226,-1.5067541160132352e-12,1.1125464195604989e-07
19.48150659329226,5.112944057162362e-13,5.6960154957591954e-08
19.48150659329226,-1.072295952574901e-12,2.93805366979377e-08
19.48150659329226,1.3326186214160567e-13,1.507562350702868e-08
19.48150659329226,-4.439168216635394e-13,8.0430820063314e-09
19.48150659329226,-7.208308280872382e-14,2.6002977023223682e-08
19.891136725158105,-0.0,0.0
19.891136725158105,-2.357808821372646e-11,4.908738521234052e-05
19.891136725158105,-3.2844745848335794e-11,3.542576883269957e-05
19.891136725158105,-3.0313055240339966e-11,1.8218037360253753e-05
19.891136725158105,-1.0370812857150774e-11,8.39198137572029e-06
19.891136725158105,-1.0953313518697867e-11,6.190911058141672e-06
19.891136725158105,-1.5925347714531763e-11,2.7821749860177978e-06
19.891136725158105,-3.47998177533479e-11,1.4905540870815235e-06
19.891136725158105,-2.5759818956529635e-12,7.870564444228085e-07
19.891136725158105,-9.284245791493298e-12,4.0408893627519737e-07
19.891136725158105,1.9501964001584235e-12,2.1009385536883338e-07
19.891136725158105,-3.5557118784176356e-14,1.095162881754866e-07
19.891136725158105,-1.9455865618550444e-13,5.607015253637958e-08
19.891136725158105,-8.689470243916784e-13,2.892146581203242e-08
19.891136725158105,7.285767967084067e-13,1.4840066889731357e-08
19.891136725158105,-1.622102721686834e-13,7.917408849982472e-09
19.891136725158105,-6.56819130097249e-14,2.5596680507235812e-08
20.308959459661267,-0.0,0.0
20.308959459661267,-1.7853511838860803e-11,4.833219467061221e-05
20.308959459661267,-2.0253506758654934e-11,3.488075700450419e-05
20.308959459661267,-1.4097255808212412e-11,1.7937759862403696e-05
20.308959459661267,-7.804558376213605e-12,8.262873969939979e-06
20.308959459661267,-4.24528336519203e-12,6.0956662726318e-06
20.308959459661267,-6.3052461926142185e-12,2.7393722939252164e-06
20.308959459661267,-2.3334016664778918e-11,1.4676224857418076e-06
20.308959459661267,-2.419730326250704e-12,7.749478837393806e-07
20.308959459661267,-7.103750591910507e-12,3.978721834094251e-07
20.308959459661267,2.502649289271375e-13,2.0686164220931287e-07
20.308959459661267,-3.5571665675297736e-14,1.0783142220355605e-07
20.308959459661267,-9.45060334514128e-14,5.520753480505066e-08
20.308959459661267,-8.879764718996168e-13,2.8476520184155e-08
20.308959459661267,9.217321322693753e-13,1.4611758168350875e-08
20.308959459661267,-1.5447676411070002e-13,7.79560255998274e-09
20.308959459661267,-2.785349356143904e-13,2.5202885422509107e-08
20.73513864885449,-0.0,0.0
20.73513864885449,-1.343301978048741e-11,4.7599888690754445e-05
20.73513864885449,-1.3827609925227054e-11,3.435226068625413e-05
20.73513864885449,-3.3485571754296824e-12,1.7665975622064244e-05
20.73513864885449,-5.50170770908147e-12,8.137678909789373e-06
20.73513864885449,-4.006719635131207e-12,6.003307692743439e-06
20.73513864885449,-4.056530688540019e-12,2.6978666531081675e-06
20.73513864885449,-1.7500694128321848e-11,1.4453857814123864e-06
20.73513864885449,3.294220724861327e-13,7.632062491372687e-07
20.73513864885449,-4.1096568124926364e-12,3.9184381699413077e-07
20.73513864885449,-3.169237242067014e-13,2.0372737490311115e-07
20.73513864885449,-2.1063735686696535e-13,1.0619761277622944e-07
20.73513864885449,-2.0005784461621024e-13,5.437105700497414e-08
20.73513864885449,-3.6819396732299075e-13,2.8045057757122348e-08
20.73513864885449,2.5296518512872323e-13,1.4390367893072832e-08
20.73513864885449,-8.544710713763174e-14,7.677487369679972e-09
20.73513864885449,-1.0232942244952764e-12,2.482102352216806e-08
21.16984142183158,-0.0,0.0
21.16984142183158,-1.031284359620474e-11,4.688944259089244e-05
21.16984142183158,-1.0847633840235552e-11,3.383954037750407e-05
21.16984142183158,-1.433468445310507e-12,1.7402304344122987e-05
21.16984142183158,-3.5816991869506187e-12,8.016221015613411e-06
21.16984142183158,-2.7514619220433564e-12,5.913706085389059e-06
21.16984142183158,-3.202358491076202e-12,2.6575999866438665e-06
21.16984142183158,-8.848924962379569e-12,1.4238128593017538e-06
21.16984142183158,8.405403584663083e-13,7.518151110904439e-07
21.16984142183158,-2.4384937426720217e-12,3.859954018151139e-07
21.16984142183158,1.4699659794305002e-13,2.0068666781500503e-07
21.16984142183158,-1.0447303570275826e-13,1.046125737795693e-07
21.16984142183158,-9.872424317361043e-14,5.355954869146706e-08
21.16984142183158,-2.700639858074496e-13,2.762647480552351e-08
21.16984142183158,3.2888340285466e-14,1.417558628272846e-08
21.16984142183158,3.5117859170589385e-14,7.562898005953406e-09
21.16984142183158,-6.486954409991658e-13,2.445056048452376e-08
21.613238250268214,-0.0,0.0
21.613238250268214,-6.853964443812533e-12,4.619989196455579e-05
21.613238250268214,-5.829706358461464e-12,3.334190007783489e-05
21.613238250268214,-1.1478927524796547e-12,1.7146388103768237e-05
21.613238250268214,-2.7275524554206077e-12,7.898335412442627e-06
21.613238250268214,-1.5824061958936379e-12,5.826739819427455e-06
21.613238250268214,-2.729918105146854e-12,2.6185176338991038e-06
21.613238250268214,-4.216329337656307e-12,1.4028744349002573e-06
21.613238250268214,4.4079268933948663e-13,7.407590065155844e-07
21.613238250268214,-1.5765739994244924e-12,3.8031899884724457e-07
21.613238250268214,2.1465315769967096e-13,1.9773539328831378e-07
21.613238250268214,-5.302953872062741e-14,1.0307415357692857e-07
21.613238250268214,2.5243850602574523e-13,5.277190826953372e-08
21.613238250268214,8.325391215674e-14,2.7220203117206986e-08
21.613238250268214,6.70932606998481e-14,1.396712177857069e-08
21.613238250268214,-1.240325748309171e-14,7.451678917630562e-09
21.613238250268214,-1.5033601892057939e-13,2.409099341857488e-08
22.065503015273578,-0.0,0.0
22.065503015273578,-4.259841088153482e-12,4.553032831289556e-05
22.065503015273578,-3.4377550888266924e-12,3.285868413467786e-05
22.065503015273578,-8.621109712652825e-13,1.6897889725452755e-05
22.065503015273578,-1.495133707356865e-12,7.783866783276791e-06
22.065503015273578,-1.0648127083871089e-12,5.742294314798072e-06
22.065503015273578,-1.4416325203985569e-12,2.58056810297303e-06
22.065503015273578,-3.773431386479602e-12,1.3825429213509783e-06
22.065503015273578,4.516348655682402e-13,7.300233687399962e-07
22.065503015273578,-1.1510768035571413e-12,3.7480712929873377e-07
22.065503015273578,-7.461467038198922e-14,1.9486966295080196e-07
22.065503015273578,-4.295614607374756e-14,1.0158032526421946e-07
22.065503015273578,1.3829854038542753e-13,5.200709800475787e-08
22.065503015273578,1.0296439538826064e-14,2.682570741985616e-08
22.065503015273578,3.684727610751115e-14,1.3764699723808796e-08
22.065503015273578,-2.642306836910466e-14,7.343683570998234e-09
22.065503015273578,-2.0325826418077692e-14,2.374184858642162e-08
22.52681307557905,-0.0,0.0
22.52681307557905,-3.0048535113592603e-12,4.487989505128276e-05
22.52681307557905,-3.5388430969173996e-13,3.238927436132532e-05
22.52681307557905,-1.0133876737151083e-12,1.665649130080343e-05
22.52681307557905,-9.071091126727932e-13,7.672668686372836e-06
22.52681307557905,3.4247671779295376e-14,5.660261538872385e-06
22.52681307557905,-6.744979977674138e-13,2.5437028443591297e-06
22.52681307557905,-1.976692286692107e-12,1.3627923081888214e-06
22.52681307557905,4.83419873712195e-13,7.195944634722821e-07
22.52681307557905,-6.272231812788583e-13,3.694527417373233e-07
22.52681307557905,-1.713944221014e-14,1.9208581062293338e-07
22.52681307557905,1.2525707019322777e-14,1.001291777604449e-07
22.52681307557905,1.7602295941688196e-13,5.126413946183276e-08
22.52681307557905,5.389358206443034e-15,2.6442483028143928e-08
22.52681307557905,6.514931042382162e-14,1.3568061156325812e-08
22.52681307557905,-8.603612236393463e-15,7.23877380569826e-09
22.52681307557905,3.82630846594987e-14,2.3402679320901315e-08
22.997349337090633,0.0,0.0
22.997349337090633,1.1654075952236044e-13,4.424778385337737e-05
22.997349337090633,4.920899031564957e-14,3.193308739848975e-05
22.997349337090633,6.585107227254106e-14,1.642189283177803e-05
22.997349337090633,2.0306201990796145e-14,7.56460293022674e-06
22.997349337090633,5.795820114164881e-15,5.5805395453671405e-06
22.997349337090633,1.1679575599881473e-14,2.507876043734353e-06
22.997349337090633,4.610871624756452e-14,1.343598050327007e-06
22.997349337090633,7.926227106672137e-15,7.0945933018394e-07
22.997349337090633,5.1004722980306066e-15,3.642491819945441e-07
22.997349337090633,1.8528422666660115e-15,1.8938037667049768e-07
22.997349337090633,1.032427634787047e-16,9.871890765114286e-08
22.997349337090633,1.04637866687099e-15,5.054210932856751e-08
22.997349337090633,4.931541856139316e-16,2.6070053689719366e-08
22.997349337090633,2.490139160551174e-16,1.3376961703419815e-08
22.997349337090633,9.836760219671448e-17,7.136819245054622e-09
22.997349337090633,2.2838242622433563e-16,2.3073064119198478e-08
23.477296323832444,0.0,0.0
23.477296323832444,1.0784874834046983e-13,4.363323129985824e-05
23.477296323832444,4.557611899483607e-14,3.148957229573295e-05
23.477296323832444,6.085822860667398e-14,1.6193810986892224e-05
23.477296323832444,1.860427437529798e-14,7.459539000640258e-06
23.477296323832444,5.310409975069234e-15,5.5030320516814854e-06
23.477296323832444,1.0666635700582202e-14,2.4730444320158206e-06
23.477296323832444,4.341439331108314e-14,1.3249369662946875e-06
23.477296323832444,7.279796772796504e-15,6.996057283758298e-07
23.477296323832444,5.164808054853722e-15,3.5919016557795323e-07
23.477296323832444,1.752359592777906e-15,1.8675009366118523e-07
23.477296323832444,1.0318752975435268e-16,9.734781171154366e-08
23.477296323832444,1.0523856754972361e-15,4.984013558789296e-08
23.477296323832444,3.3911076832751757e-16,2.5707969610695486e-08
23.477296323832444,1.805918595989687e-16,1.3191170568650095e-08
23.477296323832444,6.301384278053597e-17,7.037696755539974e-09
23.477296323832444,3.4229103707162427e-16,2.2752604895320722e-08
23.966842250309092,0.0,0.0
23.966842250309092,9.952481168646716e-14,4.303551580259991e-05
23.966842250309092,4.202045929758109e-14,3.1058208291681815e-05
23.966842250309092,5.597677131925831e-14,1.5971977959674522e-05
23.966842250309092,1.697032261706893e-14,7.357353534878063e-06
23.966842250309092,4.852885731832173e-15,5.42764805097352e-06
23.966842250309092,9.605188652774599e-15,2.4391671110293024e-06
23.966842250309092,4.097845838115985e-14,1.306787144838596e-06
23.966842250309092,6.626255548754262e-15,6.900220882610923e-07
23.966842250309092,5.102937013518947e-15,3.5426975235085794e-07
23.966842250309092,1.589550958657443e-15,1.841918732000731e-07
23.966842250309092,1.0121598405875752e-16,9.601428004426223e-08
23.966842250309092,9.428795890210543e-16,4.9157394004497164e-08
23.966842250309092,4.936081215259622e-16,2.5355805643425685e-08
23.966842250309092,2.2454849789264777e-16,1.3010469601956258e-08
23.966842250309092,2.8107197382018334e-17,6.941289950669564e-09
23.966842250309092,2.0982750121261231e-16,2.244092537620674e-08
24.466179095315276,0.0,0.0
24.466179095315276,9.15949519493777e-14,4.245395477824045e-05
24.466179095315276,3.8640836725421804e-14,3.063850277422666e-05
24.466179095315276,5.129480110268376e-14,1.5756140419678922e-05
24.466179095315276,1.537793824085807e-14,7.2579298384607915e-06
24.466179095315276,4.4373925598439945e-15,5.354301455690094e-06
24.466179095315276,8.618569449636106e-15,2.40620539331269e-06
24.466179095315276,3.809094875340227e-14,1.2891278590975337e-06
24.466179095315276,6.010564304184269e-15,6.806974654467533e-07
24.466179095315276,5.259718512443142e-15,3.4948232326503554e-07
24.466179095315276,1.5425662754856277e-15,1.8170279383250454e-07
24.466179095315276,1.213895261002757e-16,9.471678977339382e-08
24.466179095315276,7.83962509211094e-16,4.849310489632829e-08
24.466179095315276,5.965862478994308e-16,2.501315962121723e-08
24.466179095315276,1.9729727693158972e-16,1.2834652445173067e-08
24.466179095315276,4.2378974127239725e-18,6.847488735119975e-09
24.466179095315276,3.264627064443151e-16,2.213766962787962e-08
24.97550267722158,0.0,0.0
24.97550267722158,8.406506091882258e-14,4.188790204786391e-05
24.97550267722158,3.536646212677425e-14,3.0229989403903633e-05
24.97550267722158,4.679052582988521e-14,1.5546058547416535e-05
24.97550267722158,1.3905035983767797e-14,7.161157440614648e-06
24.97550267722158,4.076751270745043e-15,5.282910769614226e-06
24.97550267722158,7.649609396776072e-15,2.3741226547351874e-06
24.97550267722158,3.543505212124323e-14,1.2719394876429e-06
24.97550267722158,5.4335797346229484e-15,6.716214992407966e-07
24.97550267722158,5.356625317308834e-15,3.448225589548351e-07
24.97550267722158,1.4726195178053209e-15,1.792800899147378e-07
24.97550267722158,8.606157702193315e-17,9.34538992430819e-08
24.97550267722158,7.236794762755828e-16,4.784653016437724e-08
24.97550267722158,4.940847273705461e-16,2.4679650826267667e-08
24.97550267722158,2.616746123472423e-16,1.266352374590409e-08
24.97550267722158,1.8155861324173656e-17,6.7561888853183755e-09
24.97550267722158,2.3067329107557626e-16,2.1842500699507894e-08
25.495012730766014,0.0,0.0
25.495012730766014,7.690807027245845e-14,4.133674544197097e-05
25.495012730766014,3.228851519951296e-14,2.9832226385431216e-05
25.495012730766014,4.261651960493431e-14,1.5341505145476844e-05
25.495012730766014,1.24684645060817e-14,7.066931684817086e-06
25.495012730766014,3.7094802125640595e-15,5.2133987858035125e-06
25.495012730766014,6.731851736644393e-15,2.34288419875183e-06
25.495012730766014,3.2555450411325336e-14,1.2552034417528619e-06
25.495012730766014,4.892790706459429e-15,6.62784374250786e-07
25.495012730766014,5.544420645500753e-15,3.4028542002121886e-07
25.495012730766014,1.3375288919116335e-15,1.7692114136322812e-07
25.495012730766014,2.6782660101284076e-17,9.222424267409399e-08
25.495012730766014,6.492150979908106e-16,4.7216970556951224e-08
25.495012730766014,5.371824452694006e-16,2.4354918578553618e-08
25.495012730766014,1.972101335141007e-16,1.2496898433457985e-08
25.495012730766014,2.419155441253455e-17,6.667291663143134e-09
25.495012730766014,1.842266174947212e-16,2.155509937451437e-08
26.024912985381334,0.0,0.0
26.024912985381334,7.007094995347989e-14,4.079990459207524e-05
26.024912985381334,2.9376439866717293e-14,2.944479487393211e-05
26.024912985381334,3.861531311885738e-14,1.514226481891221e-05
26.024912985381334,1.1129609712245952e-14,6.975153351248034e-06
26.024912985381334,3.327100442198954e-15,5.1456923080658045e-06
26.024912985381334,5.908206856774522e-15,2.3124571312355725e-06
26.024912985381334,2.9865948264479194e-14,1.238902098353474e-06
26.024912985381334,4.494911139815823e-15,6.541767849748018e-07
26.024912985381334,5.63080262913534e-15,3.358661288521121e-07
26.024912985381334,1.2120606638194076e-15,1.746234642026667e-07
26.024912985381334,-2.094470081032751e-17,9.102652523676808e-08
26.024912985381334,5.611935846007371e-16,4.660376314712069e-08
26.024912985381334,4.547103449101276e-16,2.40386209346763e-08
26.024912985381334,1.4127956443478395e-16,1.2334601051205284e-08
26.024912985381334,2.8160221195249264e-17,6.58070345972569e-09
26.024912985381334,1.0877356693721693e-16,2.1275163019001195e-08
26.56541124508896,0.0,0.0
26.56541124508896,6.354438636332921e-14,4.027682889217684e-05
26.56541124508896,2.6601116611851413e-14,2.9067297503753493e-05
26.56541124508896,3.47888108811856e-14,1.4948133218669746e-05
26.56541124508896,9.889847787215752e-15,6.885728308283315e-06
26.56541124508896,2.984448684820433e-15,5.079721893859833e-06
26.56541124508896,5.204146687574075e-15,2.28281024493768e-06
26.56541124508896,2.716508579463364e-14,1.2230187381181731e-06
26.56541124508896,4.076187711850873e-15,6.457899031161505e-07
26.56541124508896,5.737123419582751e-15,3.315601528411876e-07
26.56541124508896,1.1133535401270776e-15,1.7238470184109405e-07
26.56541124508896,-5.557910013272973e-17,8.985951850296337e-08
26.56541124508896,4.160754453684414e-16,4.600627900420889e-08
26.56541124508896,4.1426509575975013e-16,2.3730433486795834e-08
26.56541124508896,9.504192041911978e-17,1.2176465140292396e-08
26.56541124508896,2.5689889329961946e-17,6.496335466652284e-09
26.56541124508896,8.123127701716599e-17,2.100240451875759e-08
27.11671946999074,0.0,0.0
27.11671946999074,5.738366715743833e-14,3.9766995615060676e-05
27.11671946999074,2.3983162344080548e-14,2.8699357029022436e-05
27.11671946999074,3.1208294488185446e-14,1.4758916342484053e-05
27.11671946999074,8.728180300769151e-15,6.798567190456944e-06
27.11671946999074,2.6484559833018684e-15,5.0154216167223666e-06
27.11671946999074,4.53633675950985e-15,2.2539139127232795e-06
27.11671946999074,2.45616838323037e-14,1.2075374882685758e-06
27.11671946999074,3.655369255592705e-15,6.37615347380503e-07
27.11671946999074,5.585458032697101e-15,3.2736318888117257e-07
27.11671946999074,1.016827075964062e-15,1.702026170076625e-07
27.11671946999074,-5.727592184724177e-17,8.872205624343218e-08
27.11671946999074,3.063150148865043e-16,4.5423921042130295e-08
27.11671946999074,3.0654033017689514e-16,2.343004825278576e-08
27.11671946999074,3.761946171216569e-17,1.2022332670162112e-08
27.11671946999074,1.5997205788127898e-17,6.4141033721376985e-09
27.11671946999074,1.312696021362569e-16,2.0736551297001162e-08
27.679053859390557,0.0,0.0
27.679053859390557,5.1469032359335664e-14,3.926990816987242e-05
27.679053859390557,2.1510236226653136e-14,2.8340615066159655e-05
27.679053859390557,2.7781779986554703e-14,1.4574429888203002e-05
27.679053859390557,7.644824125073793e-15,6.713585100576232e-06
27.679053859390557,2.329950292582719e-15,4.952728846513337e-06
27.679053859390557,3.9692912462623826e-15,2.2257399888142383e-06
27.679053859390557,2.2048024653960933e-14,1.1924432696652188e-06
27.679053859390557,3.24642397304758e-15,6.296451555382467e-07
27.679053859390557,5.4515219378630645e-15,3.232711490201579e-07
27.679053859390557,8.518291122789532e-16,1.680750842950667e-07
27.679053859390557,-5.55066536388114e-17,8.761303054038928e-08
27.679053859390557,2.4953987360951746e-16,4.485612202910366e-08
27.679053859390557,2.2491080300976423e-16,2.313717264962594e-08
27.679053859390557,-1.033868915310596e-18,1.1872053511785086e-08
27.679053859390557,1.702427278187467e-18,6.333927079985977e-09
27.679053859390557,1.5408634661492217e-16,2.047734440578865e-08
28.252634936578367,0.0,0.0
28.252634936578367,4.5820802743114446e-14,3.878509448876288e-05
28.252634936578367,1.91419915469187e-14,2.7990730929540402e-05
28.252634936578367,2.4533228690106226e-14,1.4394498655015312e-05
28.252634936578367,6.672285289666695e-15,6.630701333902451e-06
28.252634936578367,2.0098393932985415e-15,4.891584045939098e-06
28.252634936578367,3.4563088967967807e-15,2.198261717347396e-06
28.252634936578367,1.957503020612562e-14,1.1777217478175e-06
28.252634936578367,2.917196278764389e-15,6.218717585562931e-07
28.252634936578367,5.144541211355875e-15,3.1928014718040287e-07
28.252634936578367,6.950422713431368e-16,1.6600008325438688e-07
28.252634936578367,-1.2199899788651684e-17,8.65313881880388e-08
28.252634936578367,1.8414845179991166e-16,4.4302342744793746e-08
28.252634936578367,1.8765590947496453e-16,2.2851528542840434e-08
28.252634936578367,1.9805984742360805e-17,1.1725484949911196e-08
28.252634936578367,-1.6228363985102258e-17,6.255730449368866e-09
28.252634936578367,1.407154856826867e-16,2.0224537684729532e-08
28.837687635309937,0.0,0.0
28.837687635309937,4.043248179787677e-14,3.8312105531582844e-05
28.837687635309937,1.6909654215671122e-14,2.7649380552350885e-05
28.837687635309937,2.1471993599002962e-14,1.4218955988490733e-05
28.837687635309937,5.758771158511094e-15,6.5498391225133975e-06
28.837687635309937,1.7017677034152388e-15,4.831930581964231e-06
28.837687635309937,2.9731767459032782e-15,2.171453647623647e-06
28.837687635309937,1.7161878032204362e-14,1.1633592874782623e-06
28.837687635309937,2.5527856868599544e-15,6.142879566226798e-07
28.837687635309937,4.887255578096002e-15,3.153864868489345e-07
28.837687635309937,5.818693926919095e-16,1.6397569199518703e-07
28.837687635309937,-6.408507170908823e-18,8.547612735647735e-08
28.837687635309937,1.641168202054038e-16,4.376207027229626e-08
28.837687635309937,1.481447707230205e-16,2.257285136548872e-08
28.837687635309937,1.6744004669925928e-17,1.158249123100984e-08
28.837687635309937,-2.2005249192448377e-17,6.179441053644856e-09
28.837687635309937,9.72265986026151e-17,1.9977896981257218e-08
29.434441388016136,0.0,0.0
29.434441388016136,3.5263232572895154e-14,3.785051389867221e-05
29.434441388016136,1.479428699044985e-14,2.731625548545509e-05
29.434441388016136,1.860377008209555e-14,1.4047643265737834e-05
29.434441388016136,4.916054577840957e-15,6.470925398145766e-06
29.434441388016136,1.4365245139770329e-15,4.7737145508562285e-06
29.434441388016136,2.5543955026904818e-15,2.1452915554836033e-06
29.434441388016136,1.501110656059957e-14,1.1493429105206927e-06
29.434441388016136,2.263146226126602e-15,6.068868969043343e-07
29.434441388016136,4.542280379105267e-15,3.115866496579835e-07
29.434441388016136,4.3891543658796115e-16,1.6200008124825707e-07
29.434441388016136,9.268326885293482e-18,8.444629449676076e-08
29.434441388016136,1.3660686213436737e-16,4.32348164135939e-08
29.434441388016136,1.0876033955749115e-16,2.230088930084428e-08
29.434441388016136,2.1799585398621663e-17,1.1442943143889239e-08
29.434441388016136,-2.4940480084916807e-17,6.10498995661299e-09
29.434441388016136,5.657582100395966e-17,1.9737199427266167e-08
30.043130215776458,0.0,0.0
30.043130215776458,3.0343418346762784e-14,3.7399912542735636e-05
30.043130215776458,1.2764145661851556e-14,2.69910619677711e-05
30.043130215776458,1.5870226434189616e-14,1.3880409417336192e-05
30.043130215776458,4.14504514033464e-15,6.393890571977364e-06
30.043130215776458,1.1758668938353913e-15,4.7168846157269875e-06
30.043130215776458,2.1720916598953527e-15,2.1197523702992748e-06
30.043130215776458,1.290250406689958e-14,1.1356602568240178e-06
30.043130215776458,1.922007026728711e-15,5.996620528935683e-07
30.043130215776458,4.054931813054052e-15,3.0787728478110273e-07
30.043130215776458,3.362531612803976e-16,1.6007150885244448e-07
30.043130215776458,4.7509454207175026e-17,8.344098146703742e-08
30.043130215776458,1.2241027092046246e-16,4.2720116218193965e-08
30.043130215776458,8.959218590611684e-17,2.2035402523453273e-08
30.043130215776458,2.321269000536299e-17,1.1306717630271511e-08
30.043130215776458,-9.02517395304966e-19,6.032311504748549e-09
30.043130215776458,9.195001880353582e-17,1.9502232767417762e-08
30.663992820091988,0.0,0.0
30.663992820091988,2.5626579146440662e-14,3.695991357164463e-05
30.663992820091988,1.0824733484707035e-14,2.6673520062267912e-05
30.663992820091988,1.3271771215687314e-14,1.371711048301459e-05
30.663992820091988,3.4219676521227907e-15,6.318668329954101e-06
30.663992820091988,9.460883703498553e-16,4.6613918555419645e-06
30.663992820091988,1.8290369461112743e-15,2.0948141071192833e-06
30.663992820091988,1.0861679693862887e-14,1.122299547920206e-06
30.663992820091988,1.6235460322977771e-15,5.926072052124676e-07
30.663992820091988,3.560314789256259e-15,3.0425519907779564e-07
30.663992820091988,2.244760324747265e-16,1.58188314630651e-07
30.663992820091988,8.46078008527665e-17,8.245932286154286e-08
30.663992820091988,1.170417406432651e-16,4.2217526615626976e-08
30.663992820091988,6.753222980513342e-17,2.177616249376559e-08
30.663992820091988,1.962297169017871e-17,1.1173697422856551e-08
30.663992820091988,2.3924277071270642e-17,5.961343134104449e-09
30.663992820091988,-7.638634943113898e-18,1.9272794734859905e-08
31.297272676493826,0.0,0.0
31.297272676493826,2.1132030335675122e-14,3.653014713476504e-05
31.297272676493826,8.978553586622846e-15,2.636336285224154e-05
31.297272676493826,1.0802903341851493e-14,1.3557609198328374e-05
31.297272676493826,2.7596105948483606e-15,6.245195442396495e-06
31.297272676493826,7.431246771638185e-16,4.607189624663569e-06
31.297272676493826,1.5332840769300257e-15,2.0704558035481288e-06
31.297272676493826,8.957729294675862e-15,1.1092495531769477e-06
31.297272676493826,1.391385472491397e-15,5.857164237565087e-07
31.297272676493826,3.0397689197923693e-15,3.0071734792572826e-07
31.297272676493826,1.5607183592152064e-16,1.5634891562331786e-07
31.297272676493826,1.1381669566581697e-16,8.150049352594352e-08
31.297272676493826,1.0408320334289722e-16,4.172662514335225e-08
31.297272676493826,6.076421190873272e-17,2.1522951301977616e-08
31.297272676493826,6.787436279324153e-18,1.1043770708637288e-08
31.297272676493826,1.5528852755501305e-17,5.89202519068463e-09
31.297272676493826,3.5882507614694375e-17,1.904869247050107e-08
31.943218130023702,0.0,0.0
31.943218130023702,1.6865583988914385e-14,3.611026038608958e-05
31.943218130023702,7.1883218482505e-15,2.6060335693020373e-05
31.943218130023702,8.512378105590016e-15,1.3401774609841841e-05
31.943218130023702,2.1680018910505937e-15,6.173411586736766e-06
31.943218130023702,5.614354592122246e-16,4.5542334220812295e-06
31.943218130023702,1.242015891753347e-15,2.04665746097861e-06
31.943218130023702,7.150069940459963e-15,1.0964995583128447e-06
31.943218130023702,1.1019533503998459e-15,5.789840510696522e-07
31.943218130023702,2.4867638864370173e-15,2.972608266852027e-07
31.943218130023702,1.1720178710080836e-16,1.5455180165063604e-07
31.943218130023702,1.6514424180303807e-16,8.056370624403612e-08
31.943218130023702,9.654580359030555e-17,4.1247008762394174e-08
31.943218130023702,6.320930739560931e-17,2.12755610571273e-08
31.943218130023702,9.814909008297198e-18,1.0916830815434562e-08
31.943218130023702,1.2545989668833563e-17,5.8243007632054964e-09
31.943218130023702,5.3345884012870574e-17,1.882974198233439e-08
32.60208249262418,0.0,0.0
32.60208249262418,1.2784643786330906e-14,3.569991651806583e-05
32.60208249262418,5.481224421103884e-15,2.5764195514690598e-05
32.60208249262418,6.401987814595853e-15,1.3249481716548185e-05
32.60208249262418,1.6128482304784101e-15,6.103259182342029e-06
32.60208249262418,4.0563040131001617e-16,4.5024807695575794e-06
32.60208249262418,9.70509739065237e-16,2.023399989831126e-06
32.60208249262418,5.424674612610478e-15,1.0840393360592899e-06
32.60208249262418,8.509341815541494e-16,5.724046868529516e-07
32.60208249262418,1.910773895728847e-15,2.938828627455981e-07
32.60208249262418,8.017856244542417e-17,1.5279553117733337e-07
32.60208249262418,1.5691155636653626e-16,7.964820958217207e-08
32.60208249262418,6.293591657163842e-17,4.0778292753730604e-08
32.60208249262418,5.4601946733845325e-17,2.1033793317841763e-08
32.60208249262418,8.033195918613422e-18,1.0792775919804624e-08
32.60208249262418,2.4888238391907122e-18,5.758115527259979e-09
32.60208249262418,7.08181945720668e-17,1.8615767641626046e-08
33.27412414247666,0.0,0.0
33.27412414247666,8.873702753868189e-15,3.5298793860559476e-05
33.27412414247666,3.834969719318016e-15,2.5474710171828903e-05
33.27412414247666,4.35814589419306e-15,1.3100611135463373e-05
33.27412414247666,1.1177004180978228e-15,6.034683236473018e-06
33.27412414247666,2.6171854401641125e-16,4.4518910979895165e-06
33.27412414247666,6.911613485668076e-16,2.0006651584847085e-06
33.27412414247666,3.781830164757245e-15,1.0718591188001967e-06
33.27412414247666,5.902005793801426e-16,5.659731735175252e-07
33.27412414247666,1.3366490373559577e-15,2.905808081080071e-07
33.27412414247666,4.755757285968208e-17,1.5107872745623973e-07
33.27412414247666,1.521390832535624e-16,7.87532858790016e-08
33.27412414247666,5.3896865365657184e-17,4.032010968908195e-08
33.27412414247666,4.245125419894185e-17,2.0797458561461518e-08
33.27412414247666,1.0318472174991353e-17,1.067150877463828e-08
33.27412414247666,1.1662955911068339e-17,5.6934175999873955e-09
33.27412414247666,5.716074521404893e-17,1.840660171306845e-08
33.959606625326195,0.0,0.0
33.959606625326195,5.321234865055876e-15,3.490658503988659e-05
33.959606625326195,2.3003375623360292e-15,2.519165783658636e-05
33.959606625326195,2.602553230304365e-15,1.295504878951378e-05
33.959606625326195,6.591040912759198e-16,5.967631200512207e-06
33.959606625326195,1.5255312040681156e-16,4.4024256413451885e-06
33.959606625326195,4.243250674727046e-16,1.9784355456126565e-06
33.959606625326195,2.239265306215241e-15,1.05994957303575e-06
33.959606625326195,3.421939602519384e-16,5.596845827006637e-07
33.959606625326195,8.135089395883932e-16,2.8735213246236256e-07
33.959606625326195,2.965544914704771e-17,1.4940007492894818e-07
33.959606625326195,1.0907503029091661e-16,7.787824936923492e-08
33.959606625326195,3.857926641966858e-17,3.987210847031437e-08
33.959606625326195,1.8706560635297892e-17,2.056637568855639e-08
33.959606625326195,6.0988462643570216e-18,1.0552936454920076e-08
33.959606625326195,1.6691644933264906e-17,5.6301574044319795e-09
33.959606625326195,2.9050758777127143e-17,1.820208391625658e-08
34.65879875783272,0.0,0.0
34.65879875783272,1.602628158443135e-15,3.4522996193294433e-05
34.65879875783272,8.953073683386412e-16,2.4914826431788708e-05
34.65879875783272,8.262054254114517e-16,1.281268561600264e-05
34.65879875783272,1.7206243918192827e-16,5.902052835671413e-06
34.65879875783272,3.5462362244001226e-17,4.354047337594142e-06
34.65879875783272,1.4125642840307562e-16,1.956694495660869e-06
34.65879875783272,7.453490508990211e-16,1.0483017755298627e-06
34.65879875783272,1.2227286922558983e-16,5.535342026709862e-07
34.65879875783272,2.3391605046431316e-16,2.8419441672101793e-07
34.65879875783272,1.1804718377999255e-17,1.477583158637949e-07
34.65879875783272,3.018866440787957e-17,7.702244443111146e-08
34.65879875783272,8.84059138271571e-18,3.943395343217905e-08
34.65879875783272,4.2180228999122524e-18,2.0340371560110715e-08
34.65879875783272,1.2552423415510303e-18,1.0436970120250625e-08
34.65879875783272,9.157809550942403e-19,5.568287542844815e-09
34.65879875783272,6.030560574542669e-18,1.8002061016077934e-08
35.37197473298937,0.0,0.0
35.37197473298937,-1.4653598782808304e-18,3.414774623467167e-05
35.37197473298937,1.1054455247132363e-19,2.4644013101008396e-05
35.37197473298937,1.526185830724511e-19,1.2673417294089568e-05
35.37197473298937,8.4451880811570125e-19,5.837900087457593e-06
35.37197473298937,5.688599351516559e-19,4.306720736098554e-06
35.37197473298937,8.400065687800371e-19,1.9354260772297723e-06
35.37197473298937,-1.7742489085955133e-18,1.0369071910132337e-06
35.37197473298937,-2.703375092999112e-19,5.475175265549972e-07
35.37197473298937,-2.2470333719706424e-19,2.811053469740503e-07
35.37197473298937,3.3503275999409835e-19,1.461522472131015e-07
35.37197473298937,-5.894994243107209e-19,7.618524394816459e-08
35.37197473298937,2.556744211045206e-19,3.9005323503568404e-08
35.37197473298937,1.289661591143294e-19,2.011928056489212e-08
35.37197473298937,-1.0848423837554956e-19,1.0323524792856597e-08
35.37197473298937,2.2143367099032153e-20,5.507762678248675e-09
35.37197473298937,6.212381718797983e-19,1.7806386439816218e-08
