Redshift,xH_avg_value
15.977429554929184,0.9963545203208923
15.644539090586836,0.99554443359375
15.318175884148374,0.9945852160453796
14.998211950284364,0.9934058785438538
14.684521813179291,0.9920299053192139
14.376982457325447,0.9904119372367859
14.075473279281647,0.9885085225105286
13.779876040377854,0.9862760901451111
13.490074820347155,0.9836875796318054
13.205955971866924,0.9806516170501709
12.927408075991325,0.9771451354026794
12.654321898457694,0.9731873273849487
12.386590346849648,0.9686399102210999
12.124108428600147,0.9634530544281006
11.86677320981801,0.9570409059524536
11.614483774921759,0.9501477479934692
11.367141187064957,0.9425733089447021
11.124648449337524,0.9341109991073608
10.886910466727793,0.9245362281799316
10.653834008830428,0.9139266610145569
10.425327673285548,0.9018233418464661
10.201301849934731,0.8887467384338379
9.981668685679843,0.8743351101875305
9.766342050030902,0.8584530353546143
9.55523750132949,0.8410399556159973
9.34827225363443,0.8212600946426392
9.145365144256779,0.7995859384536743
8.946436601931374,0.7758193016052246
8.751408615612483,0.75005704164505
8.560204703881292,0.7212989926338196
8.372749884953244,0.6902387738227844
8.18897064727348,0.6535649299621582
8.00879492068883,0.6157187223434448
7.83215204818506,0.5747439861297607
7.658972758178292,0.5308282971382141
7.489189137349731,0.48244941234588623
7.322734604013036,0.43033337593078613
7.159543882003906,0.37309595942497253
6.999552975081638,0.3130146265029907
6.842699141832601,0.25212469696998596
6.688920871065812,0.1931205540895462
6.538157857690944,0.13764150440692902
6.390350979069316,0.09089686721563339
6.245442271828589,0.054528530687093735
6.1033749091320715,0.02702200785279274
5.964093178393733,0.009749392978847027
5.827542459430167,0.003479548031464219
5.693669203040956,0.0007163735572248697
5.562420910009021,4.2531892177066766e-06
5.433746110512735,0.0
5.307594343941715,0.0
5.183916139108387,0.0
5.062662994847556,0.0
