# Matter power spectrum P(k) at redshift z=5.5
# for k=1.03995e-05 to 1243 h/Mpc,
# number of wavenumbers equal to 625
#    1:k (h/Mpc)              2:P (Mpc/h)^3        
       1.039953543896e-05       1.746020081871e+00 
       2.362715252707e-05       3.913843128671e+00 
       3.690288557276e-05       6.064958491155e+00 
       5.026440451877e-05       8.213888947061e+00 
       6.375002738089e-05       1.037051661508e+01 
       7.739908048046e-05       1.254317914507e+01 
       9.125227067342e-05       1.473959746020e+01 
       1.053520747789e-04       1.696728678800e+01 
       1.197431514480e-04       1.923378883552e+01 
       1.344727807492e-04       2.154683033986e+01 
       1.495913367397e-04       2.391444720153e+01 
       1.651527981975e-04       2.634509299565e+01 
       1.812153024208e-04       2.884774112306e+01 
       1.978417464781e-04       3.143198518745e+01 
       2.151004393591e-04       3.410814069732e+01 
       2.330658069688e-04       3.688734953845e+01 
       2.518191495799e-04       3.978168794433e+01 
       2.714494479115e-04       4.280427666961e+01 
       2.920542090557e-04       4.596939285651e+01 
       3.137403365828e-04       4.929257993863e+01 
       3.366249998083e-04       5.279075143881e+01 
       3.608364648896e-04       5.648228181737e+01 
       3.865148347006e-04       6.038707545031e+01 
       4.138126251223e-04       6.452660223542e+01 
       4.428950827964e-04       6.892388236348e+01 
       4.739401247143e-04       7.360340435425e+01 
       5.071377557701e-04       7.859095026094e+01 
       5.426888010081e-04       8.391330660356e+01 
       5.808027813663e-04       8.959783505091e+01 
       6.216947741287e-04       9.567188130587e+01 
       6.655811422290e-04       1.021620118515e+02 
       7.126740992655e-04       1.090930792605e+02 
       7.631752041348e-04       1.164871425798e+02 
       8.172680453872e-04       1.243622961577e+02 
       8.751105612573e-04       1.327314863174e+02 
       9.368276115359e-04       1.416014272577e+02 
       1.002504525669e-03       1.509717337459e+02 
       1.072182352673e-03       1.608343854121e+02 
       1.145855406415e-03       1.711736122083e+02 
       1.223471442598e-03       1.819662300706e+02 
       1.304934468295e-03       1.931824158030e+02 
       1.390109845146e-03       2.047868273117e+02 
       1.478831079880e-03       2.167399635050e+02 
       1.570907553874e-03       2.289996122859e+02 
       1.666132440652e-03       2.415222536218e+02 
       1.764290173008e-03       2.542643268632e+02 
       1.865163002780e-03       2.671832764029e+02 
       1.968536395812e-03       2.802383600179e+02 
       2.074203182650e-03       2.933912115872e+02 
       2.181966519942e-03       3.066061832302e+02 
       2.291641802565e-03       3.198501891914e+02 
       2.403057707652e-03       3.330936582297e+02 
       2.516056559817e-03       3.463098073985e+02 
       2.630494193709e-03       3.594745184142e+02 
       2.746239465532e-03       3.725662985553e+02 
       2.863173536797e-03       3.855661381090e+02 
       2.981189025715e-03       3.984572646935e+02 
       3.100189097064e-03       4.112250553340e+02 
       3.220086540844e-03       4.238567702286e+02 
       3.340802873876e-03       4.363414279983e+02 
       3.462267486105e-03       4.486695826865e+02 
       3.584416844309e-03       4.608332300315e+02 
       3.707193759434e-03       4.728255666395e+02 
       3.830546719295e-03       4.846409482082e+02 
       3.954429285456e-03       4.962746235812e+02 
       4.078799551231e-03       5.077228220667e+02 
       4.203619656709e-03       5.189823281903e+02 
       4.328855356143e-03       5.300508809334e+02 
       4.454475632939e-03       5.409265228089e+02 
       4.580452357514e-03       5.516080748023e+02 
       4.706759983548e-03       5.620946344653e+02 
       4.833375278454e-03       5.723858925755e+02 
       4.960277084235e-03       5.824819040925e+02 
       5.087446105271e-03       5.923828026924e+02 
       5.214864719920e-03       6.020894123173e+02 
       5.342516813153e-03       6.116024098663e+02 
       5.470387627763e-03       6.209228935398e+02 
       5.598463631961e-03       6.300523383362e+02 
       5.726732401438e-03       6.389921575084e+02 
       5.855182514195e-03       6.477434916972e+02 
       5.983803456649e-03       6.563085480588e+02 
       6.112585539711e-03       6.646887598823e+02 
       6.241519823668e-03       6.728864549204e+02 
       6.370598050881e-03       6.809030053080e+02 
       6.499812585389e-03       6.887406792535e+02 
       6.629156358652e-03       6.964017625316e+02 
       6.758622820736e-03       7.038880557095e+02 
       6.888205896353e-03       7.112017068363e+02 
       7.017899945196e-03       7.183451566769e+02 
       7.147699726128e-03       7.253205703877e+02 
       7.277600364802e-03       7.321297039380e+02 
       7.407597324333e-03       7.387752550695e+02 
       7.537686378721e-03       7.452591401935e+02 
       7.667863588729e-03       7.515833105359e+02 
       7.798125279958e-03       7.577506055464e+02 
       7.928468022901e-03       7.637629365221e+02 
       8.058888614779e-03       7.696221468048e+02 
       8.189384062974e-03       7.753305293819e+02 
       8.319951569909e-03       7.808901841797e+02 
       8.450588519223e-03       7.863032217522e+02 
       8.581292463131e-03       7.915714182112e+02 
       8.712061110845e-03       7.966977341163e+02 
       8.842892317960e-03       8.016834835829e+02 
       8.973784076712e-03       8.065306875353e+02 
       9.104734507036e-03       8.112415747866e+02 
       9.235741848337e-03       8.158179343426e+02 
       9.366804451931e-03       8.202618205028e+02 
       9.497920774066e-03       8.245749476666e+02 
       9.629089369506e-03       8.287594423428e+02 
       9.760308885604e-03       8.328170598685e+02 
       9.891578056831e-03       8.367494745223e+02 
       1.002289569972e-02       8.405585641595e+02 
       1.015426070821e-02       8.442462046377e+02 
       1.028567204931e-02       8.478143662058e+02 
       1.041712875908e-02       8.512645742561e+02 
       1.054862993897e-02       8.545981949735e+02 
       1.068017475236e-02       8.578171548392e+02 
       1.081176242137e-02       8.609231968177e+02 
       1.094339222391e-02       8.639180604368e+02 
       1.107506349097e-02       8.668028331335e+02 
       1.120677560401e-02       8.695810327338e+02 
       1.133852799265e-02       8.722517067471e+02 
       1.147032013246e-02       8.748167560045e+02 
       1.160215154290e-02       8.772787724839e+02 
       1.173402178546e-02       8.796386383268e+02 
       1.186593046185e-02       8.818975851809e+02 
       1.199787721238e-02       8.840574964269e+02 
       1.212986171447e-02       8.861197902175e+02 
       1.226188368116e-02       8.880855115062e+02 
       1.239394285986e-02       8.899563420412e+02 
       1.252603903110e-02       8.917335547801e+02 
       1.265817200739e-02       8.934186146383e+02 
       1.279034163215e-02       8.950125322791e+02 
       1.292254777878e-02       8.965172099133e+02 
       1.305479034968e-02       8.979333486948e+02 
       1.318706927550e-02       8.992623911174e+02 
       1.331938451426e-02       9.005058086973e+02 
       1.345173605071e-02       9.016646595920e+02 
       1.358412389562e-02       9.027402263178e+02 
       1.371654808519e-02       9.037337308629e+02 
       1.384900868049e-02       9.046467544317e+02 
       1.398150576690e-02       9.054797737149e+02 
       1.411403945369e-02       9.062346175798e+02 
       1.424660987359e-02       9.069123890669e+02 
       1.437921718233e-02       9.075135150178e+02 
       1.451186155836e-02       9.080397235918e+02 
       1.464454320250e-02       9.084919955196e+02 
       1.477726233763e-02       9.088713392163e+02 
       1.491001920850e-02       9.091791296999e+02 
       1.504281408144e-02       9.094163137613e+02 
       1.517564724420e-02       9.095841567488e+02 
       1.530851900579e-02       9.096833443482e+02 
       1.544142969630e-02       9.097149120157e+02 
       1.557437966684e-02       9.096804234884e+02 
       1.570736928943e-02       9.095804117889e+02 
       1.584039895693e-02       9.094161569626e+02 
       1.597346908298e-02       9.091889973839e+02 
       1.610658010204e-02       9.088991865689e+02 
       1.623973246933e-02       9.085481670360e+02 
       1.637292666089e-02       9.081369938206e+02 
       1.650616317360e-02       9.076663804638e+02 
       1.663944252528e-02       9.071370678176e+02 
       1.677276525473e-02       9.065508334889e+02 
       1.690613192186e-02       9.059078952416e+02 
       1.703954310780e-02       9.052098862498e+02 
       1.717299941507e-02       9.044563031494e+02 
       1.730650146766e-02       9.036494978269e+02 
       1.744004991130e-02       9.027897468548e+02 
       1.757364541359e-02       9.018780738014e+02 
       1.770728866421e-02       9.009153521989e+02 
       1.784098037520e-02       8.999023602383e+02 
       1.797472128114e-02       8.988405704394e+02 
       1.810851213944e-02       8.977295029961e+02 
       1.824235373063e-02       8.965711446319e+02 
       1.837624685860e-02       8.953664761255e+02 
       1.851019235100e-02       8.941150069206e+02 
       1.864419105949e-02       8.928187643919e+02 
       1.877824386010e-02       8.914777964471e+02 
       1.891235165363e-02       8.900950037236e+02 
       1.904651536598e-02       8.886666897859e+02 
       1.918073594856e-02       8.871976781895e+02 
       1.931501437874e-02       8.856879847093e+02 
       1.944935166022e-02       8.841367262050e+02 
       1.958374882352e-02       8.825460887973e+02 
       1.971820692641e-02       8.809168673022e+02 
       1.985272705444e-02       8.792494996152e+02 
       1.998731032141e-02       8.775436750607e+02 
       2.012195786988e-02       8.758010043319e+02 
       2.025667087175e-02       8.740232898111e+02 
       2.039145052878e-02       8.722099448361e+02 
       2.052629807319e-02       8.703618315406e+02 
       2.066121476824e-02       8.684795934468e+02 
       2.079620190886e-02       8.665636946788e+02 
       2.093126082231e-02       8.646162058396e+02 
       2.106639286880e-02       8.626350625300e+02 
       2.120159944219e-02       8.606245569860e+02 
       2.133688197070e-02       8.585825742934e+02 
       2.147224191765e-02       8.565106138453e+02 
       2.160768078216e-02       8.544082062709e+02 
       2.174320010000e-02       8.522773623046e+02 
       2.187880144433e-02       8.501207720505e+02 
       2.201448642654e-02       8.479335209161e+02 
       2.215025669712e-02       8.457219458200e+02 
       2.228611394651e-02       8.434843177088e+02 
       2.242205990603e-02       8.412197355246e+02 
       2.255809634881e-02       8.389298342261e+02 
       2.269422509071e-02       8.366146639614e+02 
       2.283044799139e-02       8.342792171749e+02 
       2.296676695527e-02       8.319180016965e+02 
       2.310318393262e-02       8.295354412607e+02 
       2.323970092062e-02       8.271297704704e+02 
       2.337631996451e-02       8.247032261211e+02 
       2.351304315873e-02       8.222532480118e+02 
       2.364987264812e-02       8.197874545221e+02 
       2.378681062915e-02       8.173013383958e+02 
       2.392385935119e-02       8.147929346790e+02 
       2.406102111783e-02       8.122665140954e+02 
       2.419829828820e-02       8.097225551066e+02 
       2.433569327838e-02       8.071614476428e+02 
       2.447320856286e-02       8.045812509414e+02 
       2.461084667600e-02       8.019876087187e+02 
       2.474861021354e-02       7.993751355926e+02 
       2.488650183423e-02       7.967482872543e+02 
       2.502452426141e-02       7.941056393485e+02 
       2.516268028473e-02       7.914496503617e+02 
       2.530097276186e-02       7.887779629794e+02 
       2.543940462031e-02       7.860926484530e+02 
       2.557797885926e-02       7.833966793258e+02 
       2.571669855148e-02       7.806861362232e+02 
       2.585556684531e-02       7.779622941822e+02 
       2.599458696671e-02       7.752285088464e+02 
       2.613376222134e-02       7.724827596487e+02 
       2.627309599677e-02       7.697259024684e+02 
       2.641259176475e-02       7.669582854598e+02 
       2.655225308349e-02       7.641805350621e+02 
       2.669208360010e-02       7.613932773294e+02 
       2.683208705309e-02       7.585965963216e+02 
       2.697226727495e-02       7.557915634395e+02 
       2.711262819481e-02       7.529772846861e+02 
       2.725317384118e-02       7.501564859473e+02 
       2.739390834487e-02       7.473262919476e+02 
       2.753483594189e-02       7.444905453679e+02 
       2.767596097655e-02       7.416464406229e+02 
       2.781728790465e-02       7.387968943253e+02 
       2.795882129673e-02       7.359409193619e+02 
       2.810056584150e-02       7.330781668176e+02 
       2.824252634939e-02       7.302106736444e+02 
       2.838470775622e-02       7.273362050317e+02 
       2.852711512698e-02       7.244597040814e+02 
       2.866975365978e-02       7.215772270323e+02 
       2.881262868997e-02       7.186902288456e+02 
       2.895574569435e-02       7.157997852809e+02 
       2.909911029562e-02       7.129061369820e+02 
       2.924272826696e-02       7.100096625158e+02 
       2.938660553674e-02       7.071091670368e+02 
       2.953074819355e-02       7.042063166463e+02 
       2.967516249126e-02       7.013022727333e+02 
       2.981985485444e-02       6.983964666581e+02 
       2.996483188387e-02       6.954858662054e+02 
       3.011010036233e-02       6.925769151169e+02 
       3.025566726066e-02       6.896641186532e+02 
       3.040153974397e-02       6.867508644147e+02 
       3.054772517824e-02       6.838363213486e+02 
       3.069423113704e-02       6.809251142746e+02 
       3.084106540870e-02       6.780106509419e+02 
       3.098823600361e-02       6.750942446333e+02 
       3.113575116200e-02       6.721792581651e+02 
       3.128361936193e-02       6.692668028505e+02 
       3.143184932770e-02       6.663540448501e+02 
       3.158045003860e-02       6.634416764476e+02 
       3.172943073803e-02       6.605296610375e+02 
       3.187880094308e-02       6.576205429277e+02 
       3.202857045451e-02       6.547127923224e+02 
       3.217874936717e-02       6.518026146704e+02 
       3.232934808093e-02       6.488991469440e+02 
       3.248037731209e-02       6.459950212685e+02 
       3.263184810537e-02       6.430944290861e+02 
       3.278377184639e-02       6.401945551935e+02 
       3.293616027481e-02       6.372979277995e+02 
       3.308902549808e-02       6.344027035679e+02 
       3.324238000587e-02       6.315128846600e+02 
       3.339623668519e-02       6.286238588252e+02 
       3.355060883625e-02       6.257388928770e+02 
       3.370551018917e-02       6.228603010159e+02 
       3.386095492146e-02       6.199824377609e+02 
       3.401695767648e-02       6.171062464297e+02 
       3.417353358273e-02       6.142326154525e+02 
       3.433069827429e-02       6.113682255903e+02 
       3.448846791224e-02       6.085038440626e+02 
       3.464685920721e-02       6.056433182429e+02 
       3.480588944326e-02       6.027869955425e+02 
       3.496557650290e-02       5.999359925762e+02 
       3.512593889362e-02       5.970883995066e+02 
       3.528699577579e-02       5.942441453812e+02 
       3.544876699223e-02       5.914042388282e+02 
       3.561127309936e-02       5.885715087428e+02 
       3.577453540021e-02       5.857405685273e+02 
       3.593857597932e-02       5.829150771171e+02 
       3.610341773970e-02       5.800941645190e+02 
       3.626908444196e-02       5.772774972963e+02 
       3.643560074585e-02       5.744659147046e+02 
       3.660299225428e-02       5.716586009987e+02 
       3.677128556006e-02       5.688574509716e+02 
       3.694050829560e-02       5.660589519212e+02 
       3.711068918564e-02       5.632659713548e+02 
       3.728185810350e-02       5.604781083365e+02 
       3.745404613083e-02       5.576941403750e+02 
       3.762728562135e-02       5.549156153058e+02 
       3.780161026882e-02       5.521407462447e+02 
       3.797705517955e-02       5.493741582722e+02 
       3.815365694988e-02       5.466068993648e+02 
       3.833145374895e-02       5.438479473414e+02 
       3.851048540736e-02       5.410920962773e+02 
       3.869079351200e-02       5.383419496089e+02 
       3.887242150781e-02       5.355965256472e+02 
       3.905541480685e-02       5.328536676617e+02 
       3.923982090554e-02       5.301161837922e+02 
       3.942568951059e-02       5.273835727495e+02 
       3.961307267459e-02       5.246552820471e+02 
       3.980202494203e-02       5.219300993945e+02 
       3.999260350675e-02       5.192101612408e+02 
       4.018486838197e-02       5.164916578891e+02 
       4.037888258399e-02       5.137794015268e+02 
       4.057471233098e-02       5.110709483033e+02 
       4.077242725835e-02       5.083617545464e+02 
       4.097210065233e-02       5.056582307204e+02 
       4.117380970370e-02       5.029610374634e+02 
       4.137763578359e-02       5.002640007608e+02 
       4.158366474394e-02       4.975705637060e+02 
       4.179198724509e-02       4.948785315517e+02 
       4.200269911343e-02       4.921906545115e+02 
       4.221590173266e-02       4.895011069208e+02 
       4.243170247227e-02       4.868178333411e+02 
       4.265021515755e-02       4.841333956908e+02 
       4.287156058610e-02       4.814512569856e+02 
       4.309586709635e-02       4.787719519809e+02 
       4.332327119429e-02       4.760904610808e+02 
       4.355391824587e-02       4.734117170775e+02 
       4.378796324309e-02       4.707319381295e+02 
       4.402557165354e-02       4.680515904055e+02 
       4.426692036408e-02       4.653717113581e+02 
       4.451219873159e-02       4.626898038605e+02 
       4.476160975508e-02       4.600035896902e+02 
       4.501537138651e-02       4.573193903323e+02 
       4.527371799972e-02       4.546306121783e+02 
       4.553690204080e-02       4.519386840605e+02 
       4.580519588688e-02       4.492442685480e+02 
       4.607889394492e-02       4.465422801037e+02 
       4.635831502817e-02       4.438376920482e+02 
       4.664380505432e-02       4.411259625012e+02 
       4.693574011810e-02       4.384088680575e+02 
       4.723453000061e-02       4.356821210349e+02 
       4.754062219050e-02       4.329464601553e+02 
       4.785450650651e-02       4.302028850832e+02 
       4.817672042973e-02       4.274473843714e+02 
       4.850785527637e-02       4.246798046170e+02 
       4.884856337005e-02       4.218978822686e+02 
       4.919956640770e-02       4.191018130703e+02 
       4.956166525668e-02       4.162887622445e+02 
       4.993575147569e-02       4.134566700948e+02 
       5.032282092111e-02       4.106040903865e+02 
       5.072398988759e-02       4.077273981586e+02 
       5.114051434239e-02       4.048260922546e+02 
       5.157381295387e-02       4.018957057357e+02 
       5.202549479355e-02       3.989328617276e+02 
       5.249739282000e-02       3.959336879197e+02 
       5.299160454377e-02       3.928945483604e+02 
       5.351054164173e-02       3.898078498394e+02 
       5.405699075365e-02       3.866696955246e+02 
       5.463418826930e-02       3.834710269512e+02 
       5.524591260822e-02       3.802035841819e+02 
       5.589659829214e-02       3.768552398216e+02 
       5.659147694012e-02       3.734135870992e+02 
       5.733675099377e-02       3.698595525437e+02 
       5.813980607534e-02       3.661723112956e+02 
       5.900946649822e-02       3.623223331079e+02 
       5.995629379921e-02       3.582742594920e+02 
       6.099291687646e-02       3.539768169644e+02 
       6.213435845134e-02       3.493661240374e+02 
       6.339827673564e-02       3.443547777331e+02 
       6.480496158167e-02       3.388248918474e+02 
       6.637680513162e-02       3.326225422853e+02 
       6.813683464953e-02       3.255574902253e+02 
       7.010586381239e-02       3.173951006760e+02 
       7.229814036280e-02       3.078945483448e+02 
       7.471631519380e-02       2.968565018252e+02 
       7.734789847774e-02       2.842042567982e+02 
       8.016579929889e-02       2.700623354126e+02 
       8.313364845494e-02       2.547872190343e+02 
       8.621341893809e-02       2.389241858082e+02 
       8.937163717533e-02       2.231108219348e+02 
       9.258226686806e-02       2.079653215562e+02 
       9.582674238605e-02       1.939993922246e+02 
       9.909258141198e-02       1.815693507879e+02 
       1.023717083671e-01       1.708619539651e+02 
       1.056590251365e-01       1.619039586917e+02 
       1.089513621860e-01       1.545895308061e+02 
       1.122467674816e-01       1.487106930791e+02 
       1.155440456682e-01       1.439879419483e+02 
       1.188424672261e-01       1.401030018737e+02 
       1.221415877774e-01       1.367269911375e+02 
       1.254411368805e-01       1.335501902262e+02 
       1.287409499792e-01       1.303044779707e+02 
       1.320409269018e-01       1.267894146189e+02 
       1.353410066034e-01       1.228830607421e+02 
       1.386411518132e-01       1.185478202428e+02 
       1.419413397076e-01       1.138239561746e+02 
       1.452415562472e-01       1.088147460155e+02 
       1.485417927385e-01       1.036648623479e+02 
       1.518420437452e-01       9.853709523067e+01 
       1.551423058209e-01       9.359055453050e+01 
       1.584425767375e-01       8.896294286350e+01 
       1.617428550175e-01       8.475859386131e+01 
       1.650431396477e-01       8.104158919568e+01 
       1.683434299060e-01       7.783513328598e+01 
       1.716437252546e-01       7.512432326696e+01 
       1.749440252749e-01       7.286188706627e+01 
       1.782443296273e-01       7.097571084592e+01 
       1.815446380262e-01       6.937761580525e+01 
       1.848449502239e-01       6.797198747693e+01 
       1.881452660015e-01       6.667391106504e+01 
       1.914455851615e-01       6.539758660892e+01 
       1.947459075240e-01       6.406200466170e+01 
       1.980462329238e-01       6.261566616602e+01 
       2.013465612077e-01       6.103175880114e+01 
       2.046468922338e-01       5.930923922109e+01 
       2.079472258696e-01       5.746967242255e+01 
       2.112475619912e-01       5.555171066737e+01 
       2.145479004827e-01       5.360341196612e+01 
       2.178482412354e-01       5.167415891057e+01 
       2.211485841473e-01       4.980955115375e+01 
       2.244489291223e-01       4.804719751418e+01 
       2.277492760699e-01       4.641504970705e+01 
       2.310496249052e-01       4.493116327578e+01 
       2.343499755476e-01       4.360338502732e+01 
       2.376503279215e-01       4.242969187524e+01 
       2.409506819552e-01       4.139841229293e+01 
       2.442510375809e-01       4.048956110340e+01 
       2.475513947346e-01       3.967700018286e+01 
       2.508517533555e-01       3.893117623385e+01 
       2.541521133861e-01       3.822275830118e+01 
       2.574524747719e-01       3.752536023954e+01 
       2.607528374610e-01       3.681797858312e+01 
       2.640532014044e-01       3.608606981493e+01 
       2.673535665552e-01       3.532178437887e+01 
       2.706539328690e-01       3.452325122159e+01 
       2.739543003036e-01       3.369424430296e+01 
       2.772546688187e-01       3.284312992273e+01 
       2.805550383758e-01       3.198173012143e+01 
       2.838554089386e-01       3.112466903627e+01 
       2.871557804721e-01       3.028683105080e+01 
       2.904561529430e-01       2.948210146508e+01 
       2.937565263195e-01       2.872137087081e+01 
       2.970569005713e-01       2.801166827226e+01 
       3.003572756694e-01       2.735566180222e+01 
       3.036576515861e-01       2.675226597816e+01 
       3.069580282948e-01       2.619747826060e+01 
       3.102584057700e-01       2.568504213143e+01 
       3.135587839875e-01       2.520765628829e+01 
       3.168591629240e-01       2.475730431397e+01 
       3.201595425570e-01       2.432580147105e+01 
       3.234599228652e-01       2.390512162917e+01 
       3.267603038281e-01       2.348819171896e+01 
       3.300606854258e-01       2.306935438370e+01 
       3.333610676394e-01       2.264502163032e+01 
       3.366614504507e-01       2.221393664599e+01 
       3.399618338423e-01       2.177696778512e+01 
       3.432622177972e-01       2.133683527739e+01 
       3.465626022995e-01       2.089704135836e+01 
       3.498629873333e-01       2.046153504096e+01 
       3.531633728839e-01       2.003412879607e+01 
       3.564637589368e-01       1.961825416778e+01 
       3.597641454781e-01       1.921696335461e+01 
       3.630645324944e-01       1.883263702002e+01 
       3.663649199728e-01       1.846690029770e+01 
       3.696653079009e-01       1.812042218017e+01 
       3.729656962667e-01       1.779269609160e+01 
       3.762660850587e-01       1.748214500505e+01 
       3.795664742656e-01       1.718636659132e+01 
       3.828668638767e-01       1.690245840106e+01 
       3.861672538816e-01       1.662755650383e+01 
       3.894676442702e-01       1.635920089351e+01 
       3.927680350328e-01       1.609545939354e+01 
       3.960684261601e-01       1.583486525817e+01 
       3.993688176429e-01       1.557645127402e+01 
       4.026692094725e-01       1.531954993955e+01 
       4.059696016404e-01       1.506390068323e+01 
       4.092699941383e-01       1.480959276220e+01 
       4.125703869584e-01       1.455719345141e+01 
       4.158707800929e-01       1.430763754302e+01 
       4.191711735343e-01       1.406211943757e+01 
       4.224715672754e-01       1.382180086483e+01 
       4.257719613093e-01       1.358765930989e+01 
       4.290723556292e-01       1.336034092436e+01 
       4.323727502284e-01       1.314009554815e+01 
       4.356731451007e-01       1.292694134481e+01 
       4.389735402398e-01       1.272076443009e+01 
       4.422739356397e-01       1.252139120875e+01 
       4.455743312946e-01       1.232856674228e+01 
       4.488747271989e-01       1.214187482473e+01 
       4.521751233471e-01       1.196075629180e+01 
       4.554755197339e-01       1.178443112983e+01 
       4.587759163540e-01       1.161205604038e+01 
       4.620763132026e-01       1.144280030124e+01 
       4.653767102746e-01       1.127606722623e+01 
       4.686771075655e-01       1.111146099095e+01 
       4.719775050705e-01       1.094885866740e+01 
       4.752779027851e-01       1.078825608290e+01 
       4.785783007051e-01       1.062971597015e+01 
       4.818786988263e-01       1.047333862236e+01 
       4.851790971443e-01       1.031921208244e+01 
       4.884794956554e-01       1.016748974229e+01 
       4.917798943556e-01       1.001844026645e+01 
       4.950802932410e-01       9.872400127184e+00 
       4.983806923080e-01       9.729716097499e+00 
       5.016810915530e-01       9.590645456509e+00 
       5.049814909726e-01       9.455274838660e+00 
       5.082818905631e-01       9.323528270486e+00 
       5.115822903215e-01       9.195152372856e+00 
       5.148826902444e-01       9.069853201073e+00 
       5.181830903287e-01       8.947356438990e+00 
       5.214834905712e-01       8.827432514853e+00 
       5.247838909691e-01       8.709908521778e+00 
       5.280842915193e-01       8.594618347250e+00 
       5.313846922191e-01       8.481382278820e+00 
       5.346850930656e-01       8.369961045093e+00 
       5.379854940562e-01       8.260174791265e+00 
       5.412858951882e-01       8.151845311142e+00 
       5.445862964590e-01       8.044992063824e+00 
       5.478866978661e-01       7.939684165850e+00 
       5.511870994071e-01       7.836035114159e+00 
       5.544875010795e-01       7.734169798162e+00 
       5.577879028810e-01       7.634151466155e+00 
       5.610883048094e-01       7.535982391604e+00 
       5.643887068624e-01       7.439616670619e+00 
       5.676891090378e-01       7.345001978439e+00 
       5.709895113334e-01       7.252139234885e+00 
       5.742899137473e-01       7.161045613375e+00 
       5.775903162774e-01       7.071769969389e+00 
       5.808907189217e-01       6.984308851110e+00 
       5.841911216782e-01       6.898600667996e+00 
       5.874915245451e-01       6.814533179902e+00 
       5.907919275204e-01       6.731945856527e+00 
       5.940923306025e-01       6.650748963369e+00 
       5.973927337894e-01       6.570826458085e+00 
       6.006931370796e-01       6.492174632546e+00 
       6.039935404712e-01       6.414793068792e+00 
       6.072939439627e-01       6.338667329399e+00 
       6.105943475523e-01       6.263762711927e+00 
       6.138947512386e-01       6.190004808906e+00 
       6.171951550200e-01       6.117320348532e+00 
       6.204955588948e-01       6.045663889609e+00 
       6.237959628617e-01       5.975046692292e+00 
       6.270963669193e-01       5.905513925541e+00 
       6.303967710659e-01       5.837126326753e+00 
       6.336971753004e-01       5.769920744525e+00 
       6.369975796212e-01       5.703887273270e+00 
       6.402979840272e-01       5.638979703477e+00 
       6.435983885168e-01       5.575130348629e+00 
       6.468987930889e-01       5.512289591761e+00 
       6.501991977423e-01       5.450438866086e+00 
       6.534996024756e-01       5.389585125355e+00 
       6.568000072877e-01       5.329745056426e+00 
       6.601004121773e-01       5.270909545424e+00 
       6.634008171434e-01       5.213037106390e+00 
       6.667012221847e-01       5.156053473959e+00 
       6.700016273003e-01       5.099895569576e+00 
       6.733020324888e-01       5.044513242531e+00 
       6.766024377494e-01       4.989901071768e+00 
       6.799028430810e-01       4.936074871780e+00 
       6.832032484824e-01       4.883056916731e+00 
       6.865036539528e-01       4.830850975744e+00 
       6.898040594911e-01       4.779449751036e+00 
       6.931044650963e-01       4.728793664024e+00 
       6.964048707675e-01       4.678846798050e+00 
       6.997052765038e-01       4.629584137056e+00 
       7.030056823042e-01       4.581010976751e+00 
       7.063060881679e-01       4.533149750651e+00 
       7.096064940938e-01       4.486029830011e+00 
       7.129069000813e-01       4.439639635173e+00 
       7.162073061294e-01       4.393974738304e+00 
       7.195077122373e-01       4.348981676040e+00 
       7.228081184042e-01       4.304613345394e+00 
       7.261085246292e-01       4.260842587413e+00 
       7.294089309117e-01       4.217672339759e+00 
       7.327093372507e-01       4.175113365423e+00 
       7.360097436455e-01       4.133176852779e+00 
       7.393101500955e-01       4.091860916019e+00 
       7.426105565998e-01       4.051142626269e+00 
       7.459109631577e-01       4.010975165299e+00 
       7.492113697685e-01       3.971330440767e+00 
       8.120857988153e-01       3.309658390977e+00 
       8.994089418068e-01       2.621387774176e+00 
       1.033040282133e+00       1.903728351746e+00 
       1.249736222299e+00       1.218448825689e+00 
       1.565063365958e+00       7.128157471381e-01 
       1.970022447781e+00       4.082335285417e-01 
       2.480109396895e+00       2.317846801371e-01 
       3.122272741613e+00       1.306128297207e-01 
       3.930708496969e+00       7.309894217966e-02 
       4.948468813189e+00       4.065474083871e-02 
       6.229753138395e+00       2.248110013055e-02 
       7.842794535130e+00       1.236657250131e-02 
       9.873493339755e+00       6.769756666051e-03 
       1.242999166860e+01       3.689362266430e-03 
       1.564843237999e+01       2.002279187747e-03 
       1.970020917791e+01       1.082458361553e-03 
       2.480109395173e+01       5.830565946797e-04 
       3.122272741613e+01       3.129723601752e-04 
       3.930708496969e+01       1.674308928440e-04 
       4.948468813189e+01       8.927470439290e-05 
       6.229753138395e+01       4.743803261374e-05 
       7.842794535130e+01       2.511589564443e-05 
       9.873493339755e+01       1.324211673205e-05 
       1.242999166860e+02       6.946784532149e-06 
       1.564843237999e+02       3.621063150022e-06 
       1.970020917791e+02       1.871659357224e-06 
       2.480109395173e+02       9.565539274054e-07 
       3.122272741613e+02       4.816387017386e-07 
       3.930708496969e+02       2.381538509391e-07 
       4.948468813189e+02       1.155184991064e-07 
       6.229753138395e+02       5.520813222607e-08 
       7.842794535130e+02       2.626744687649e-08 
       9.873493339755e+02       1.255252844785e-08 
       1.242999166860e+03       6.029196973027e-09 
