# Matter power spectrum P(k) at redshift z=5
# for k=1.03995e-05 to 1243 h/Mpc,
# number of wavenumbers equal to 625
#    1:k (h/Mpc)              2:P (Mpc/h)^3        
       1.039953543896e-05       2.048802031925e+00 
       2.362715252707e-05       4.592551708280e+00 
       3.690288557276e-05       7.116693416067e+00 
       5.026440451877e-05       9.638266676107e+00 
       6.375002738089e-05       1.216886549937e+01 
       7.739908048046e-05       1.471827138793e+01 
       9.125227067342e-05       1.729554209791e+01 
       1.053520747789e-04       1.990949359241e+01 
       1.197431514480e-04       2.256897264044e+01 
       1.344727807492e-04       2.528304270339e+01 
       1.495913367397e-04       2.806112943932e+01 
       1.651527981975e-04       3.091314797308e+01 
       1.812153024208e-04       3.384962260842e+01 
       1.978417464781e-04       3.688180436735e+01 
       2.151004393591e-04       4.002179019631e+01 
       2.330658069688e-04       4.328264524329e+01 
       2.518191495799e-04       4.667852914223e+01 
       2.714494479115e-04       5.022482504964e+01 
       2.920542090557e-04       5.393827024860e+01 
       3.137403365828e-04       5.783708458292e+01 
       3.366249998083e-04       6.194109145150e+01 
       3.608364648896e-04       6.627182353895e+01 
       3.865148347006e-04       7.085260269659e+01 
       4.138126251223e-04       7.570858025644e+01 
       4.428950827964e-04       8.086671785683e+01 
       4.739401247143e-04       8.635568920839e+01 
       5.071377557701e-04       9.220567328060e+01 
       5.426888010081e-04       9.844801267388e+01 
       5.808027813663e-04       1.051147077900e+02 
       6.216947741287e-04       1.122377210168e+02 
       6.655811422290e-04       1.198480792863e+02 
       7.126740992655e-04       1.279747762802e+02 
       7.631752041348e-04       1.366435056125e+02 
       8.172680453872e-04       1.458752882106e+02 
       8.751105612573e-04       1.556850876093e+02 
       9.368276115359e-04       1.660805433479e+02 
       1.002504525669e-03       1.770609615827e+02 
       1.072182352673e-03       1.886166962271e+02 
       1.145855406415e-03       2.007290240656e+02 
       1.223471442598e-03       2.133705484923e+02 
       1.304934468295e-03       2.265061149467e+02 
       1.390109845146e-03       2.400941281856e+02 
       1.478831079880e-03       2.540881454777e+02 
       1.570907553874e-03       2.684385687618e+02 
       1.666132440652e-03       2.830942795460e+02 
       1.764290173008e-03       2.980041136936e+02 
       1.865163002780e-03       3.131180759960e+02 
       1.968536395812e-03       3.283882801578e+02 
       2.074203182650e-03       3.437696055300e+02 
       2.181966519942e-03       3.592201008594e+02 
       2.291641802565e-03       3.747008108463e+02 
       2.403057707652e-03       3.901769028988e+02 
       2.516056559817e-03       4.056168322332e+02 
       2.630494193709e-03       4.209922110376e+02 
       2.746239465532e-03       4.362777674823e+02 
       2.863173536797e-03       4.514511946736e+02 
       2.981189025715e-03       4.664928608041e+02 
       3.100189097064e-03       4.813856923597e+02 
       3.220086540844e-03       4.961148618082e+02 
       3.340802873876e-03       5.106676281568e+02 
       3.462267486105e-03       5.250330649990e+02 
       3.584416844309e-03       5.392019417440e+02 
       3.707193759434e-03       5.531664359181e+02 
       3.830546719295e-03       5.669200811698e+02 
       3.954429285456e-03       5.804574572911e+02 
       4.078799551231e-03       5.937742939481e+02 
       4.203619656709e-03       6.068669771422e+02 
       4.328855356143e-03       6.197330189152e+02 
       4.454475632939e-03       6.323702966484e+02 
       4.580452357514e-03       6.447776079719e+02 
       4.706759983548e-03       6.569540808434e+02 
       4.833375278454e-03       6.688995389901e+02 
       4.960277084235e-03       6.806142295967e+02 
       5.087446105271e-03       6.920984850392e+02 
       5.214864719920e-03       7.033534333673e+02 
       5.342516813153e-03       7.143800190198e+02 
       5.470387627763e-03       7.251796659722e+02 
       5.598463631961e-03       7.357542276626e+02 
       5.726732401438e-03       7.461054766818e+02 
       5.855182514195e-03       7.562348611983e+02 
       5.983803456649e-03       7.661450700139e+02 
       6.112585539711e-03       7.758378857465e+02 
       6.241519823668e-03       7.853161316673e+02 
       6.370598050881e-03       7.945815124627e+02 
       6.499812585389e-03       8.036367733487e+02 
       6.629156358652e-03       8.124846736163e+02 
       6.758622820736e-03       8.211273992762e+02 
       6.888205896353e-03       8.295675343280e+02 
       7.017899945196e-03       8.378079971321e+02 
       7.147699726128e-03       8.458513803847e+02 
       7.277600364802e-03       8.536997899989e+02 
       7.407597324333e-03       8.613565281334e+02 
       7.537686378721e-03       8.688237872692e+02 
       7.667863588729e-03       8.761038377756e+02 
       7.798125279958e-03       8.832001039948e+02 
       7.928468022901e-03       8.901149229935e+02 
       8.058888614779e-03       8.968505423412e+02 
       8.189384062974e-03       9.034097315981e+02 
       8.319951569909e-03       9.097950221759e+02 
       8.450588519223e-03       9.160089609530e+02 
       8.581292463131e-03       9.220536944926e+02 
       8.712061110845e-03       9.279327426375e+02 
       8.842892317960e-03       9.336477044073e+02 
       8.973784076712e-03       9.392009983476e+02 
       9.104734507036e-03       9.445952805616e+02 
       9.235741848337e-03       9.498326930941e+02 
       9.366804451931e-03       9.549156836883e+02 
       9.497920774066e-03       9.598463007587e+02 
       9.629089369506e-03       9.646270690145e+02 
       9.760308885604e-03       9.692600761360e+02 
       9.891578056831e-03       9.737473125330e+02 
       1.002289569972e-02       9.780909983489e+02 
       1.015426070821e-02       9.822933512977e+02 
       1.028567204931e-02       9.863566927439e+02 
       1.041712875908e-02       9.902828246099e+02 
       1.054862993897e-02       9.940733602429e+02 
       1.068017475236e-02       9.977315017757e+02 
       1.081176242137e-02       1.001258387134e+03 
       1.094339222391e-02       1.004655379326e+03 
       1.107506349097e-02       1.007924400431e+03 
       1.120677560401e-02       1.011067765039e+03 
       1.133852799265e-02       1.014087628044e+03 
       1.147032013246e-02       1.016984753471e+03 
       1.160215154290e-02       1.019762181501e+03 
       1.173402178546e-02       1.022420950908e+03 
       1.186593046185e-02       1.024962502367e+03 
       1.199787721238e-02       1.027389031568e+03 
       1.212986171447e-02       1.029702192405e+03 
       1.226188368116e-02       1.031903206468e+03 
       1.239394285986e-02       1.033994034782e+03 
       1.252603903110e-02       1.035976164383e+03 
       1.265817200739e-02       1.037851305363e+03 
       1.279034163215e-02       1.039620641630e+03 
       1.292254777878e-02       1.041286393780e+03 
       1.305479034968e-02       1.042849388080e+03 
       1.318706927550e-02       1.044311312766e+03 
       1.331938451426e-02       1.045673892441e+03 
       1.345173605071e-02       1.046938369434e+03 
       1.358412389562e-02       1.048106249941e+03 
       1.371654808519e-02       1.049178994597e+03 
       1.384900868049e-02       1.050158421917e+03 
       1.398150576690e-02       1.051045088302e+03 
       1.411403945369e-02       1.051841132178e+03 
       1.424660987359e-02       1.052547849676e+03 
       1.437921718233e-02       1.053165786276e+03 
       1.451186155836e-02       1.053696949117e+03 
       1.464454320250e-02       1.054142503002e+03 
       1.477726233763e-02       1.054503628617e+03 
       1.491001920850e-02       1.054781947323e+03 
       1.504281408144e-02       1.054978574884e+03 
       1.517564724420e-02       1.055094998610e+03 
       1.530851900579e-02       1.055132032962e+03 
       1.544142969630e-02       1.055090898652e+03 
       1.557437966684e-02       1.054973426415e+03 
       1.570736928943e-02       1.054780253345e+03 
       1.584039895693e-02       1.054512879769e+03 
       1.597346908298e-02       1.054172874686e+03 
       1.610658010204e-02       1.053760546589e+03 
       1.623973246933e-02       1.053277582880e+03 
       1.637292666089e-02       1.052725219980e+03 
       1.650616317360e-02       1.052104298784e+03 
       1.663944252528e-02       1.051415688606e+03 
       1.677276525473e-02       1.050661460704e+03 
       1.690613192186e-02       1.049841878478e+03 
       1.703954310780e-02       1.048958842514e+03 
       1.717299941507e-02       1.048011777235e+03 
       1.730650146766e-02       1.047003417759e+03 
       1.744004991130e-02       1.045934088311e+03 
       1.757364541359e-02       1.044804982097e+03 
       1.770728866421e-02       1.043617116193e+03 
       1.784098037520e-02       1.042371397552e+03 
       1.797472128114e-02       1.041069535867e+03 
       1.810851213944e-02       1.039710980441e+03 
       1.824235373063e-02       1.038298036135e+03 
       1.837624685860e-02       1.036831842484e+03 
       1.851019235100e-02       1.035311835490e+03 
       1.864419105949e-02       1.033740368713e+03 
       1.877824386010e-02       1.032117500516e+03 
       1.891235165363e-02       1.030446594200e+03 
       1.904651536598e-02       1.028723375846e+03 
       1.918073594856e-02       1.026953435155e+03 
       1.931501437874e-02       1.025136796245e+03 
       1.944935166022e-02       1.023272443056e+03 
       1.958374882352e-02       1.021362915387e+03 
       1.971820692641e-02       1.019409138052e+03 
       1.985272705444e-02       1.017411628267e+03 
       1.998731032141e-02       1.015370036487e+03 
       2.012195786988e-02       1.013286234773e+03 
       2.025667087175e-02       1.011162321071e+03 
       2.039145052878e-02       1.008997627267e+03 
       2.052629807319e-02       1.006793161989e+03 
       2.066121476824e-02       1.004549684009e+03 
       2.079620190886e-02       1.002267742874e+03 
       2.093126082231e-02       9.999497477354e+02 
       2.106639286880e-02       9.975933238753e+02 
       2.120159944219e-02       9.952034520988e+02 
       2.133688197070e-02       9.927776988098e+02 
       2.147224191765e-02       9.903178161248e+02 
       2.160768078216e-02       9.878232745121e+02 
       2.174320010000e-02       9.852964131319e+02 
       2.187880144433e-02       9.827403613179e+02 
       2.201448642654e-02       9.801494490116e+02 
       2.215025669712e-02       9.775310165384e+02 
       2.228611394651e-02       9.748830834417e+02 
       2.242205990603e-02       9.722046186119e+02 
       2.255809634881e-02       9.694975257275e+02 
       2.269422509071e-02       9.667618783532e+02 
       2.283044799139e-02       9.640034578434e+02 
       2.296676695527e-02       9.612159258372e+02 
       2.310318393262e-02       9.584044084092e+02 
       2.323970092062e-02       9.555668751590e+02 
       2.337631996451e-02       9.527059180977e+02 
       2.351304315873e-02       9.498185890340e+02 
       2.364987264812e-02       9.469136967057e+02 
       2.378681062915e-02       9.439860364504e+02 
       2.392385935119e-02       9.410333465293e+02 
       2.406102111783e-02       9.380605659599e+02 
       2.419829828820e-02       9.350682441073e+02 
       2.433569327838e-02       9.320568367075e+02 
       2.447320856286e-02       9.290241047719e+02 
       2.461084667600e-02       9.259765610985e+02 
       2.474861021354e-02       9.229079885823e+02 
       2.488650183423e-02       9.198235250370e+02 
       2.502452426141e-02       9.167215237035e+02 
       2.516268028473e-02       9.136048231005e+02 
       2.530097276186e-02       9.104706912414e+02 
       2.543940462031e-02       9.073215119593e+02 
       2.557797885926e-02       9.041607149031e+02 
       2.571669855148e-02       9.009837591991e+02 
       2.585556684531e-02       8.977921180613e+02 
       2.599458696671e-02       8.945896475530e+02 
       2.613376222134e-02       8.913740042814e+02 
       2.627309599677e-02       8.881461726562e+02 
       2.641259176475e-02       8.849065377018e+02 
       2.655225308349e-02       8.816558174228e+02 
       2.669208360010e-02       8.783947151852e+02 
       2.683208705309e-02       8.751233190631e+02 
       2.697226727495e-02       8.718428521949e+02 
       2.711262819481e-02       8.685522730990e+02 
       2.725317384118e-02       8.652547138858e+02 
       2.739390834487e-02       8.619468439360e+02 
       2.753483594189e-02       8.586330829870e+02 
       2.767596097655e-02       8.553101867296e+02 
       2.781728790465e-02       8.519815038787e+02 
       2.795882129673e-02       8.486458887665e+02 
       2.810056584150e-02       8.453029229228e+02 
       2.824252634939e-02       8.419549460186e+02 
       2.838470775622e-02       8.385993685909e+02 
       2.852711512698e-02       8.352418835658e+02 
       2.866975365978e-02       8.318779319104e+02 
       2.881262868997e-02       8.285091808579e+02 
       2.895574569435e-02       8.251368643424e+02 
       2.909911029562e-02       8.217612478207e+02 
       2.924272826696e-02       8.183827601407e+02 
       2.938660553674e-02       8.150000138649e+02 
       2.953074819355e-02       8.116149283514e+02 
       2.967516249126e-02       8.082288287602e+02 
       2.981985485444e-02       8.048410522130e+02 
       2.996483188387e-02       8.014481022356e+02 
       3.011010036233e-02       7.980573993971e+02 
       3.025566726066e-02       7.946626035917e+02 
       3.040153974397e-02       7.912676106671e+02 
       3.054772517824e-02       7.878714658810e+02 
       3.069423113704e-02       7.844794838746e+02 
       3.084106540870e-02       7.810840687487e+02 
       3.098823600361e-02       7.776867329200e+02 
       3.113575116200e-02       7.742913417441e+02 
       3.128361936193e-02       7.708991733775e+02 
       3.143184932770e-02       7.675069598647e+02 
       3.158045003860e-02       7.641154959078e+02 
       3.172943073803e-02       7.607247344825e+02 
       3.187880094308e-02       7.573376055716e+02 
       3.202857045451e-02       7.539523413265e+02 
       3.217874936717e-02       7.505645683075e+02 
       3.232934808093e-02       7.471848114034e+02 
       3.248037731209e-02       7.438045769223e+02 
       3.263184810537e-02       7.404286932995e+02 
       3.278377184639e-02       7.370539186300e+02 
       3.293616027481e-02       7.336831503776e+02 
       3.308902549808e-02       7.303142759297e+02 
       3.324238000587e-02       7.269518941451e+02 
       3.339623668519e-02       7.235906913366e+02 
       3.355060883625e-02       7.202344355761e+02 
       3.370551018917e-02       7.168857807013e+02 
       3.386095492146e-02       7.135382266883e+02 
       3.401695767648e-02       7.101928600970e+02 
       3.417353358273e-02       7.068507033859e+02 
       3.433069827429e-02       7.035194379332e+02 
       3.448846791224e-02       7.001884418850e+02 
       3.464685920721e-02       6.968621426550e+02 
       3.480588944326e-02       6.935409359834e+02 
       3.496557650290e-02       6.902261055796e+02 
       3.512593889362e-02       6.869154586657e+02 
       3.528699577579e-02       6.836089108128e+02 
       3.544876699223e-02       6.803076303030e+02 
       3.561127309936e-02       6.770148578122e+02 
       3.577453540021e-02       6.737244021474e+02 
       3.593857597932e-02       6.704404772631e+02 
       3.610341773970e-02       6.671620822544e+02 
       3.626908444196e-02       6.638888370781e+02 
       3.643560074585e-02       6.606217053619e+02 
       3.660299225428e-02       6.573597548960e+02 
       3.677128556006e-02       6.541051662845e+02 
       3.694050829560e-02       6.508539094457e+02 
       3.711068918564e-02       6.476092801492e+02 
       3.728185810350e-02       6.443708226738e+02 
       3.745404613083e-02       6.411371334130e+02 
       3.762728562135e-02       6.379100004247e+02 
       3.780161026882e-02       6.346873736936e+02 
       3.797705517955e-02       6.314745739109e+02 
       3.815365694988e-02       6.282613130565e+02 
       3.833145374895e-02       6.250579227229e+02 
       3.851048540736e-02       6.218584198784e+02 
       3.869079351200e-02       6.186657984764e+02 
       3.887242150781e-02       6.154789467385e+02 
       3.905541480685e-02       6.122953794313e+02 
       3.923982090554e-02       6.091183290760e+02 
       3.942568951059e-02       6.059472294394e+02 
       3.961307267459e-02       6.027814524588e+02 
       3.980202494203e-02       5.996195999114e+02 
       3.999260350675e-02       5.964641308624e+02 
       4.018486838197e-02       5.933106717775e+02 
       4.037888258399e-02       5.901647524816e+02 
       4.057471233098e-02       5.870235607671e+02 
       4.077242725835e-02       5.838818835997e+02 
       4.097210065233e-02       5.807470790353e+02 
       4.117380970370e-02       5.776198923308e+02 
       4.137763578359e-02       5.744932442851e+02 
       4.158366474394e-02       5.713710765212e+02 
       4.179198724509e-02       5.682508561575e+02 
       4.200269911343e-02       5.651357367827e+02 
       4.221590173266e-02       5.620190121859e+02 
       4.243170247227e-02       5.589097958173e+02 
       4.265021515755e-02       5.557995302299e+02 
       4.287156058610e-02       5.526921756353e+02 
       4.309586709635e-02       5.495883323954e+02 
       4.332327119429e-02       5.464822082753e+02 
       4.355391824587e-02       5.433794499827e+02 
       4.378796324309e-02       5.402756929281e+02 
       4.402557165354e-02       5.371714456026e+02 
       4.426692036408e-02       5.340678698205e+02 
       4.451219873159e-02       5.309620724827e+02 
       4.476160975508e-02       5.278514104258e+02 
       4.501537138651e-02       5.247431106724e+02 
       4.527371799972e-02       5.216295677642e+02 
       4.553690204080e-02       5.185123928660e+02 
       4.580519588688e-02       5.153923168659e+02 
       4.607889394492e-02       5.122634741087e+02 
       4.635831502817e-02       5.091315358757e+02 
       4.664380505432e-02       5.059912624953e+02 
       4.693574011810e-02       5.028446549586e+02 
       4.723453000061e-02       4.996867771863e+02 
       4.754062219050e-02       4.965184409582e+02 
       4.785450650651e-02       4.933407696363e+02 
       4.817672042973e-02       4.901491461704e+02 
       4.850785527637e-02       4.869433720878e+02 
       4.884856337005e-02       4.837208345099e+02 
       4.919956640770e-02       4.804817461722e+02 
       4.956166525668e-02       4.772228433330e+02 
       4.993575147569e-02       4.739417633813e+02 
       5.032282092111e-02       4.706368334160e+02 
       5.072398988759e-02       4.673038981053e+02 
       5.114051434239e-02       4.639423758395e+02 
       5.157381295387e-02       4.605471357527e+02 
       5.202549479355e-02       4.571142977289e+02 
       5.249739282000e-02       4.536394072418e+02 
       5.299160454377e-02       4.501182654223e+02 
       5.351054164173e-02       4.465421278043e+02 
       5.405699075365e-02       4.429064642419e+02 
       5.463418826930e-02       4.392008131149e+02 
       5.524591260822e-02       4.354155932845e+02 
       5.589659829214e-02       4.315367595701e+02 
       5.659147694012e-02       4.275499107164e+02 
       5.733675099377e-02       4.234329669775e+02 
       5.813980607534e-02       4.191618097628e+02 
       5.900946649822e-02       4.147023331070e+02 
       5.995629379921e-02       4.100137609446e+02 
       6.099291687646e-02       4.050371649200e+02 
       6.213435845134e-02       3.996993539593e+02 
       6.339827673564e-02       3.939004911439e+02 
       6.480496158167e-02       3.875061681429e+02 
       6.637680513162e-02       3.803409538025e+02 
       6.813683464953e-02       3.721877209926e+02 
       7.010586381239e-02       3.627784105716e+02 
       7.229814036280e-02       3.518388652322e+02 
       7.471631519380e-02       3.391447373982e+02 
       7.734789847774e-02       3.246123834172e+02 
       8.016579929889e-02       3.083855967594e+02 
       8.313364845494e-02       2.908735268759e+02 
       8.621341893809e-02       2.727017717179e+02 
       8.937163717533e-02       2.545975050692e+02 
       9.258226686806e-02       2.372655703864e+02 
       9.582674238605e-02       2.212895398958e+02 
       9.909258141198e-02       2.070734044715e+02 
       1.023717083671e-01       1.948290370896e+02 
       1.056590251365e-01       1.845854893534e+02 
       1.089513621860e-01       1.762201843088e+02 
       1.122467674816e-01       1.694954464767e+02 
       1.155440456682e-01       1.640913944957e+02 
       1.188424672261e-01       1.596446129108e+02 
       1.221415877774e-01       1.557801088279e+02 
       1.254411368805e-01       1.521442806013e+02 
       1.287409499792e-01       1.484317892931e+02 
       1.320409269018e-01       1.444141122399e+02 
       1.353410066034e-01       1.399522081301e+02 
       1.386411518132e-01       1.350035075629e+02 
       1.419413397076e-01       1.296136017603e+02 
       1.452415562472e-01       1.239002226614e+02 
       1.485417927385e-01       1.180280623932e+02 
       1.518420437452e-01       1.121822393857e+02 
       1.551423058209e-01       1.065439804742e+02 
       1.584425767375e-01       1.012697654399e+02 
       1.617428550175e-01       9.647826280619e+01 
       1.650431396477e-01       9.224232418969e+01 
       1.683434299060e-01       8.858809342871e+01 
       1.716437252546e-01       8.549860345184e+01 
       1.749440252749e-01       8.291985780016e+01 
       1.782443296273e-01       8.076969340849e+01 
       1.815446380262e-01       7.894774959679e+01 
       1.848449502239e-01       7.734506608922e+01 
       1.881452660015e-01       7.586506668820e+01 
       1.914455851615e-01       7.441005249160e+01 
       1.947459075240e-01       7.288782181792e+01 
       1.980462329238e-01       7.123983614071e+01 
       2.013465612077e-01       6.943551154125e+01 
       2.046468922338e-01       6.747372664181e+01 
       2.079472258696e-01       6.537899271912e+01 
       2.112475619912e-01       6.319525646303e+01 
       2.145479004827e-01       6.097723860194e+01 
       2.178482412354e-01       5.878104193463e+01 
       2.211485841473e-01       5.665856672155e+01 
       2.244489291223e-01       5.465257087839e+01 
       2.277492760699e-01       5.279480212108e+01 
       2.310496249052e-01       5.110582751976e+01 
       2.343499755476e-01       4.959450878273e+01 
       2.376503279215e-01       4.825855134113e+01 
       2.409506819552e-01       4.708466957057e+01 
       2.442510375809e-01       4.605009098410e+01 
       2.475513947346e-01       4.512511494082e+01 
       2.508517533555e-01       4.427608980606e+01 
       2.541521133861e-01       4.346966313022e+01 
       2.574524747719e-01       4.267583302358e+01 
       2.607528374610e-01       4.187068281056e+01 
       2.640532014044e-01       4.103770334909e+01 
       2.673535665552e-01       4.016794400365e+01 
       2.706539328690e-01       3.925928255635e+01 
       2.739543003036e-01       3.831602242669e+01 
       2.772546688187e-01       3.734765153869e+01 
       2.805550383758e-01       3.636763848292e+01 
       2.838554089386e-01       3.539259509552e+01 
       2.871557804721e-01       3.443944540499e+01 
       2.904561529430e-01       3.352398891866e+01 
       2.937565263195e-01       3.265858561992e+01 
       2.970569005713e-01       3.185124376603e+01 
       3.003572756694e-01       3.110498434484e+01 
       3.036576515861e-01       3.041856694275e+01 
       3.069580282948e-01       2.978745156231e+01 
       3.102584057700e-01       2.920450274418e+01 
       3.135587839875e-01       2.866143227517e+01 
       3.168591629240e-01       2.814911753309e+01 
       3.201595425570e-01       2.765824592387e+01 
       3.234599228652e-01       2.717970363604e+01 
       3.267603038281e-01       2.670543240016e+01 
       3.300606854258e-01       2.622901026918e+01 
       3.333610676394e-01       2.574635574935e+01 
       3.366614504507e-01       2.525603155647e+01 
       3.399618338423e-01       2.475903794218e+01 
       3.432622177972e-01       2.425845453268e+01 
       3.465626022995e-01       2.375827003548e+01 
       3.498629873333e-01       2.326297396822e+01 
       3.531633728839e-01       2.277689294318e+01 
       3.564637589368e-01       2.230393862111e+01 
       3.597641454781e-01       2.184757021342e+01 
       3.630645324944e-01       2.141049881748e+01 
       3.663649199728e-01       2.099457302311e+01 
       3.696653079009e-01       2.060054511946e+01 
       3.729656962667e-01       2.022784841169e+01 
       3.762660850587e-01       1.987468146544e+01 
       3.795664742656e-01       1.953831530211e+01 
       3.828668638767e-01       1.921545316959e+01 
       3.861672538816e-01       1.890283136420e+01 
       3.894676442702e-01       1.859766092413e+01 
       3.927680350328e-01       1.829773961492e+01 
       3.960684261601e-01       1.800140048642e+01 
       3.993688176429e-01       1.770754778954e+01 
       4.026692094725e-01       1.741541559477e+01 
       4.059696016404e-01       1.712471444767e+01 
       4.092699941383e-01       1.683554144682e+01 
       4.125703869584e-01       1.654854106600e+01 
       4.158707800929e-01       1.626478011045e+01 
       4.191711735343e-01       1.598560996040e+01 
       4.224715672754e-01       1.571235651402e+01 
       4.257719613093e-01       1.544612825311e+01 
       4.290723556292e-01       1.518765808883e+01 
       4.323727502284e-01       1.493723458931e+01 
       4.356731451007e-01       1.469487206921e+01 
       4.389735402398e-01       1.446044578138e+01 
       4.422739356397e-01       1.423375672837e+01 
       4.455743312946e-01       1.401451274806e+01 
       4.488747271989e-01       1.380224515395e+01 
       4.521751233471e-01       1.359631312197e+01 
       4.554755197339e-01       1.339583317371e+01 
       4.587759163540e-01       1.319984619642e+01 
       4.620763132026e-01       1.300740523252e+01 
       4.653767102746e-01       1.281783668416e+01 
       4.686771075655e-01       1.263068539494e+01 
       4.719775050705e-01       1.244581471747e+01 
       4.752779027851e-01       1.226321979502e+01 
       4.785783007051e-01       1.208296878221e+01 
       4.818786988263e-01       1.190518059431e+01 
       4.851790971443e-01       1.172995075210e+01 
       4.884794956554e-01       1.155745570150e+01 
       4.917798943556e-01       1.138800129368e+01 
       4.950802932410e-01       1.122196732640e+01 
       4.983806923080e-01       1.105975143270e+01 
       5.016810915530e-01       1.090164318103e+01 
       5.049814909726e-01       1.074774157121e+01 
       5.082818905631e-01       1.059796239455e+01 
       5.115822903215e-01       1.045201361008e+01 
       5.148826902444e-01       1.030956490668e+01 
       5.181830903287e-01       1.017030187880e+01 
       5.214834905712e-01       1.003396415884e+01 
       5.247838909691e-01       9.900356553551e+00 
       5.280842915193e-01       9.769287541491e+00 
       5.313846922191e-01       9.640555313683e+00 
       5.346850930656e-01       9.513886672801e+00 
       5.379854940562e-01       9.389076689115e+00 
       5.412858951882e-01       9.265924713091e+00 
       5.445862964590e-01       9.144449864684e+00 
       5.478866978661e-01       9.024733383197e+00 
       5.511870994071e-01       8.906903190370e+00 
       5.544875010795e-01       8.791100484648e+00 
       5.577879028810e-01       8.677399099745e+00 
       5.610883048094e-01       8.565798987405e+00 
       5.643887068624e-01       8.456250172317e+00 
       5.676891090378e-01       8.348692272297e+00 
       5.709895113334e-01       8.243125318739e+00 
       5.742899137473e-01       8.139571391710e+00 
       5.775903162774e-01       8.038083226007e+00 
       5.808907189217e-01       7.938658548814e+00 
       5.841911216782e-01       7.841227045765e+00 
       5.874915245451e-01       7.745659952723e+00 
       5.907919275204e-01       7.651777142614e+00 
       5.940923306025e-01       7.559474225543e+00 
       5.973927337894e-01       7.468620529936e+00 
       6.006931370796e-01       7.379212016322e+00 
       6.039935404712e-01       7.291246681735e+00 
       6.072939439627e-01       7.204710344563e+00 
       6.105943475523e-01       7.119561676307e+00 
       6.138947512386e-01       7.035716831633e+00 
       6.171951550200e-01       6.953092945589e+00 
       6.204955588948e-01       6.871636947953e+00 
       6.237959628617e-01       6.791363493447e+00 
       6.270963669193e-01       6.712322517080e+00 
       6.303967710659e-01       6.634583283465e+00 
       6.336971753004e-01       6.558188618848e+00 
       6.369975796212e-01       6.483125586845e+00 
       6.402979840272e-01       6.409343349469e+00 
       6.435983885168e-01       6.336763768232e+00 
       6.468987930889e-01       6.265330553388e+00 
       6.501991977423e-01       6.195023778871e+00 
       6.534996024756e-01       6.125849476523e+00 
       6.568000072877e-01       6.057828237824e+00 
       6.601004121773e-01       5.990948884419e+00 
       6.634008171434e-01       5.925164018760e+00 
       6.667012221847e-01       5.860390421463e+00 
       6.700016273003e-01       5.796554734940e+00 
       6.733020324888e-01       5.733601318492e+00 
       6.766024377494e-01       5.671523348629e+00 
       6.799028430810e-01       5.610338538624e+00 
       6.832032484824e-01       5.550073335103e+00 
       6.865036539528e-01       5.490730527912e+00 
       6.898040594911e-01       5.432302901720e+00 
       6.931044650963e-01       5.374722525358e+00 
       6.964048707675e-01       5.317947915619e+00 
       6.997052765038e-01       5.261951799599e+00 
       7.030056823042e-01       5.206738969572e+00 
       7.063060881679e-01       5.152335687995e+00 
       7.096064940938e-01       5.098775338299e+00 
       7.129069000813e-01       5.046044047563e+00 
       7.162073061294e-01       4.994137883022e+00 
       7.195077122373e-01       4.942994964185e+00 
       7.228081184042e-01       4.892562396808e+00 
       7.261085246292e-01       4.842809417108e+00 
       7.294089309117e-01       4.793738618672e+00 
       7.327093372507e-01       4.745363170654e+00 
       7.360097436455e-01       4.697695027869e+00 
       7.393101500955e-01       4.650732330489e+00 
       7.426105565998e-01       4.604449412761e+00 
       7.459109631577e-01       4.558792153412e+00 
       7.492113697685e-01       4.513729582460e+00 
       8.120857988153e-01       3.761639784807e+00 
       8.994089418068e-01       2.979336266535e+00 
       1.033040282133e+00       2.163650090579e+00 
       1.249736222299e+00       1.384787591943e+00 
       1.565063365958e+00       8.101180386968e-01 
       1.970022447781e+00       4.639557148871e-01 
       2.480109396895e+00       2.634211008391e-01 
       3.122272741613e+00       1.484397454855e-01 
       3.930708496969e+00       8.307583878195e-02 
       4.948468813189e+00       4.620342113426e-02 
       6.229753138395e+00       2.554936051742e-02 
       7.842794535130e+00       1.405436670829e-02 
       9.873493339755e+00       7.693683027759e-03 
       1.242999166860e+01       4.192872197872e-03 
       1.564843237999e+01       2.275535121609e-03 
       1.970020917791e+01       1.230177891812e-03 
       2.480109395173e+01       6.626191566204e-04 
       3.122272741613e+01       3.556753989647e-04 
       3.930708496969e+01       1.902719838206e-04 
       4.948468813189e+01       1.014504766081e-04 
       6.229753138395e+01       5.390522677361e-05 
       7.842794535130e+01       2.853770285961e-05 
       9.873493339755e+01       1.504438528725e-05 
       1.242999166860e+02       7.890731848209e-06 
       1.564843237999e+02       4.111869394206e-06 
       1.970020917791e+02       2.124364148576e-06 
       2.480109395173e+02       1.084939715512e-06 
       3.122272741613e+02       5.457091488311e-07 
       3.930708496969e+02       2.694233681361e-07 
       4.948468813189e+02       1.304055384780e-07 
       6.229753138395e+02       6.213809127315e-08 
       7.842794535130e+02       2.944390021925e-08 
       9.873493339755e+02       1.399346543589e-08 
       1.242999166860e+03       6.675751375663e-09 
