# Matter power spectrum P(k) at redshift z=4.5
# for k=1.03995e-05 to 1243 h/Mpc,
# number of wavenumbers equal to 625
#    1:k (h/Mpc)              2:P (Mpc/h)^3        
       1.039953543896e-05       2.436925502385e+00 
       2.362715252707e-05       5.462560017051e+00 
       3.690288557276e-05       8.464869457193e+00 
       5.026440451877e-05       1.146411983759e+01 
       6.375002738089e-05       1.447409991720e+01 
       7.739908048046e-05       1.750644249857e+01 
       9.125227067342e-05       2.057191940054e+01 
       1.053520747789e-04       2.368101451054e+01 
       1.197431514480e-04       2.684424813897e+01 
       1.344727807492e-04       3.007239793740e+01 
       1.495913367397e-04       3.337667190753e+01 
       1.651527981975e-04       3.676885971352e+01 
       1.812153024208e-04       4.026147488689e+01 
       1.978417464781e-04       4.386789453784e+01 
       2.151004393591e-04       4.760250091423e+01 
       2.330658069688e-04       5.148082666014e+01 
       2.518191495799e-04       5.551970472480e+01 
       2.714494479115e-04       5.973742155236e+01 
       2.920542090557e-04       6.415387200197e+01 
       3.137403365828e-04       6.879071164904e+01 
       3.366249998083e-04       7.367150009061e+01 
       3.608364648896e-04       7.882182608384e+01 
       3.865148347006e-04       8.426940183266e+01 
       4.138126251223e-04       9.004410976250e+01 
       4.428950827964e-04       9.617797904926e+01 
       4.739401247143e-04       1.027050673488e+02 
       5.071377557701e-04       1.096612138788e+02 
       5.426888010081e-04       1.170836318932e+02 
       5.808027813663e-04       1.250103062673e+02 
       6.216947741287e-04       1.334791655091e+02 
       6.655811422290e-04       1.425270145124e+02 
       7.126740992655e-04       1.521882305948e+02 
       7.631752041348e-04       1.624932594745e+02 
       8.172680453872e-04       1.734669877864e+02 
       8.751105612573e-04       1.851271032453e+02 
       9.368276115359e-04       1.974825969607e+02 
       1.002504525669e-03       2.105325738181e+02 
       1.072182352673e-03       2.242655274863e+02 
       1.145855406415e-03       2.386592013936e+02 
       1.223471442598e-03       2.536810759797e+02 
       1.304934468295e-03       2.692894587670e+02 
       1.390109845146e-03       2.854350460266e+02 
       1.478831079880e-03       3.020628059389e+02 
       1.570907553874e-03       3.191139729652e+02 
       1.666132440652e-03       3.365279710551e+02 
       1.764290173008e-03       3.542441461752e+02 
       1.865163002780e-03       3.722031922942e+02 
       1.968536395812e-03       3.903482581544e+02 
       2.074203182650e-03       4.086257257229e+02 
       2.181966519942e-03       4.269856959581e+02 
       2.291641802565e-03       4.453817963139e+02 
       2.403057707652e-03       4.637725385082e+02 
       2.516056559817e-03       4.821203449776e+02 
       2.630494193709e-03       5.003914063253e+02 
       2.746239465532e-03       5.185556429948e+02 
       2.863173536797e-03       5.365865307550e+02 
       2.981189025715e-03       5.544607592599e+02 
       3.100189097064e-03       5.721580669263e+02 
       3.220086540844e-03       5.896608707551e+02 
       3.340802873876e-03       6.069540623986e+02 
       3.462267486105e-03       6.240246762501e+02 
       3.584416844309e-03       6.408617443221e+02 
       3.707193759434e-03       6.574559552907e+02 
       3.830546719295e-03       6.737995969040e+02 
       3.954429285456e-03       6.898861955240e+02 
       4.078799551231e-03       7.057106459602e+02 
       4.203619656709e-03       7.212686315459e+02 
       4.328855356143e-03       7.365571858874e+02 
       4.454475632939e-03       7.515737880668e+02 
       4.580452357514e-03       7.663170203476e+02 
       4.706759983548e-03       7.807858616811e+02 
       4.833375278454e-03       7.949801173563e+02 
       4.960277084235e-03       8.089000912575e+02 
       5.087446105271e-03       8.225461817150e+02 
       5.214864719920e-03       8.359197249940e+02 
       5.342516813153e-03       8.490218340418e+02 
       5.470387627763e-03       8.618541891858e+02 
       5.598463631961e-03       8.744189821653e+02 
       5.726732401438e-03       8.867183123039e+02 
       5.855182514195e-03       8.987538981028e+02 
       5.983803456649e-03       9.105289375795e+02 
       6.112585539711e-03       9.220455555255e+02 
       6.241519823668e-03       9.333071147956e+02 
       6.370598050881e-03       9.443156483206e+02 
       6.499812585389e-03       9.550744230859e+02 
       6.629156358652e-03       9.655867195636e+02 
       6.758622820736e-03       9.758551334830e+02 
       6.888205896353e-03       9.858827358283e+02 
       7.017899945196e-03       9.956729830226e+02 
       7.147699726128e-03       1.005229155236e+03 
       7.277600364802e-03       1.014553468105e+03 
       7.407597324333e-03       1.023649785463e+03 
       7.537686378721e-03       1.032520889440e+03 
       7.667863588729e-03       1.041169630193e+03 
       7.798125279958e-03       1.049600066757e+03 
       7.928468022901e-03       1.057814966287e+03 
       8.058888614779e-03       1.065816986033e+03 
       8.189384062974e-03       1.073609408036e+03 
       8.319951569909e-03       1.081195223418e+03 
       8.450588519223e-03       1.088577452092e+03 
       8.581292463131e-03       1.095758635228e+03 
       8.712061110845e-03       1.102742946149e+03 
       8.842892317960e-03       1.109532279629e+03 
       8.973784076712e-03       1.116129506555e+03 
       9.104734507036e-03       1.122537779277e+03 
       9.235741848337e-03       1.128759641316e+03 
       9.366804451931e-03       1.134797999179e+03 
       9.497920774066e-03       1.140655282961e+03 
       9.629089369506e-03       1.146334488902e+03 
       9.760308885604e-03       1.151838092392e+03 
       9.891578056831e-03       1.157168453523e+03 
       1.002289569972e-02       1.162328201089e+03 
       1.015426070821e-02       1.167319929444e+03 
       1.028567204931e-02       1.172148582585e+03 
       1.041712875908e-02       1.176812394846e+03 
       1.054862993897e-02       1.181315046380e+03 
       1.068017475236e-02       1.185659207996e+03 
       1.081176242137e-02       1.189847310155e+03 
       1.094339222391e-02       1.193881776647e+03 
       1.107506349097e-02       1.197764129742e+03 
       1.120677560401e-02       1.201497132640e+03 
       1.133852799265e-02       1.205083349389e+03 
       1.147032013246e-02       1.208523687930e+03 
       1.160215154290e-02       1.211821760684e+03 
       1.173402178546e-02       1.214978801280e+03 
       1.186593046185e-02       1.217996520945e+03 
       1.199787721238e-02       1.220877528495e+03 
       1.212986171447e-02       1.223623788164e+03 
       1.226188368116e-02       1.226236750464e+03 
       1.239394285986e-02       1.228718745285e+03 
       1.252603903110e-02       1.231071539584e+03 
       1.265817200739e-02       1.233297165943e+03 
       1.279034163215e-02       1.235397032065e+03 
       1.292254777878e-02       1.237373778686e+03 
       1.305479034968e-02       1.239228390607e+03 
       1.318706927550e-02       1.240962875877e+03 
       1.331938451426e-02       1.242579288911e+03 
       1.345173605071e-02       1.244079106225e+03 
       1.358412389562e-02       1.245464123325e+03 
       1.371654808519e-02       1.246736104924e+03 
       1.384900868049e-02       1.247897176469e+03 
       1.398150576690e-02       1.248947986276e+03 
       1.411403945369e-02       1.249891075672e+03 
       1.424660987359e-02       1.250727982256e+03 
       1.437921718233e-02       1.251459391472e+03 
       1.451186155836e-02       1.252087668677e+03 
       1.464454320250e-02       1.252614207822e+03 
       1.477726233763e-02       1.253040403168e+03 
       1.491001920850e-02       1.253368188613e+03 
       1.504281408144e-02       1.253598888847e+03 
       1.517564724420e-02       1.253734271837e+03 
       1.530851900579e-02       1.253775306698e+03 
       1.544142969630e-02       1.253723445551e+03 
       1.557437966684e-02       1.253580863773e+03 
       1.570736928943e-02       1.253348320122e+03 
       1.584039895693e-02       1.253027597578e+03 
       1.597346908298e-02       1.252620562690e+03 
       1.610658010204e-02       1.252127581157e+03 
       1.623973246933e-02       1.251550659537e+03 
       1.637292666089e-02       1.250891267531e+03 
       1.650616317360e-02       1.250150406078e+03 
       1.663944252528e-02       1.249329108959e+03 
       1.677276525473e-02       1.248429836988e+03 
       1.690613192186e-02       1.247452905600e+03 
       1.703954310780e-02       1.246400572883e+03 
       1.717299941507e-02       1.245272155311e+03 
       1.730650146766e-02       1.244070906676e+03 
       1.744004991130e-02       1.242797209188e+03 
       1.757364541359e-02       1.241452483597e+03 
       1.770728866421e-02       1.240037938941e+03 
       1.784098037520e-02       1.238554653693e+03 
       1.797472128114e-02       1.237004660043e+03 
       1.810851213944e-02       1.235387305362e+03 
       1.824235373063e-02       1.233705328385e+03 
       1.837624685860e-02       1.231960083985e+03 
       1.851019235100e-02       1.230150902907e+03 
       1.864419105949e-02       1.228280584173e+03 
       1.877824386010e-02       1.226349195984e+03 
       1.891235165363e-02       1.224360736491e+03 
       1.904651536598e-02       1.222310128051e+03 
       1.918073594856e-02       1.220204013911e+03 
       1.931501437874e-02       1.218042422666e+03 
       1.944935166022e-02       1.215824147638e+03 
       1.958374882352e-02       1.213552209885e+03 
       1.971820692641e-02       1.211227705558e+03 
       1.985272705444e-02       1.208851252401e+03 
       1.998731032141e-02       1.206422435664e+03 
       2.012195786988e-02       1.203943478842e+03 
       2.025667087175e-02       1.201416878222e+03 
       2.039145052878e-02       1.198841838282e+03 
       2.052629807319e-02       1.196219558011e+03 
       2.066121476824e-02       1.193550941210e+03 
       2.079620190886e-02       1.190836640310e+03 
       2.093126082231e-02       1.188079519691e+03 
       2.106639286880e-02       1.185276755520e+03 
       2.120159944219e-02       1.182434269703e+03 
       2.133688197070e-02       1.179549167623e+03 
       2.147224191765e-02       1.176623535012e+03 
       2.160768078216e-02       1.173656740224e+03 
       2.174320010000e-02       1.170651562334e+03 
       2.187880144433e-02       1.167611723318e+03 
       2.201448642654e-02       1.164530483120e+03 
       2.215025669712e-02       1.161416563150e+03 
       2.228611394651e-02       1.158267613593e+03 
       2.242205990603e-02       1.155082406344e+03 
       2.255809634881e-02       1.151863203344e+03 
       2.269422509071e-02       1.148610093575e+03 
       2.283044799139e-02       1.145329946663e+03 
       2.296676695527e-02       1.142015227584e+03 
       2.310318393262e-02       1.138672030370e+03 
       2.323970092062e-02       1.135297942522e+03 
       2.337631996451e-02       1.131896040064e+03 
       2.351304315873e-02       1.128462823545e+03 
       2.364987264812e-02       1.125008758388e+03 
       2.378681062915e-02       1.121527657265e+03 
       2.392385935119e-02       1.118016834625e+03 
       2.406102111783e-02       1.114482160769e+03 
       2.419829828820e-02       1.110924284137e+03 
       2.433569327838e-02       1.107343746658e+03 
       2.447320856286e-02       1.103737890960e+03 
       2.461084667600e-02       1.100114452167e+03 
       2.474861021354e-02       1.096466046345e+03 
       2.488650183423e-02       1.092798769234e+03 
       2.502452426141e-02       1.089110671633e+03 
       2.516268028473e-02       1.085405125821e+03 
       2.530097276186e-02       1.081678883438e+03 
       2.543940462031e-02       1.077934775910e+03 
       2.557797885926e-02       1.074176882518e+03 
       2.571669855148e-02       1.070399797666e+03 
       2.585556684531e-02       1.066605286174e+03 
       2.599458696671e-02       1.062797918275e+03 
       2.613376222134e-02       1.058974908336e+03 
       2.627309599677e-02       1.055137436118e+03 
       2.641259176475e-02       1.051285950550e+03 
       2.655225308349e-02       1.047421313658e+03 
       2.669208360010e-02       1.043544351203e+03 
       2.683208705309e-02       1.039655171685e+03 
       2.697226727495e-02       1.035755227557e+03 
       2.711262819481e-02       1.031843284023e+03 
       2.725317384118e-02       1.027923058803e+03 
       2.739390834487e-02       1.023990599809e+03 
       2.753483594189e-02       1.020051154494e+03 
       2.767596097655e-02       1.016100871262e+03 
       2.781728790465e-02       1.012143725109e+03 
       2.795882129673e-02       1.008178361293e+03 
       2.810056584150e-02       1.004204277766e+03 
       2.824252634939e-02       1.000224256053e+03 
       2.838470775622e-02       9.962352184514e+02 
       2.852711512698e-02       9.922439313461e+02 
       2.866975365978e-02       9.882449775563e+02 
       2.881262868997e-02       9.842403382703e+02 
       2.895574569435e-02       9.802314817677e+02 
       2.909911029562e-02       9.762187200487e+02 
       2.924272826696e-02       9.722025641127e+02 
       2.938660553674e-02       9.681813622219e+02 
       2.953074819355e-02       9.641574075136e+02 
       2.967516249126e-02       9.601322618873e+02 
       2.981985485444e-02       9.561051371425e+02 
       2.996483188387e-02       9.520718895417e+02 
       3.011010036233e-02       9.480413338293e+02 
       3.025566726066e-02       9.440059341825e+02 
       3.040153974397e-02       9.399703144688e+02 
       3.054772517824e-02       9.359333546636e+02 
       3.069423113704e-02       9.319013542769e+02 
       3.084106540870e-02       9.278652949952e+02 
       3.098823600361e-02       9.238269798856e+02 
       3.113575116200e-02       9.197909924940e+02 
       3.128361936193e-02       9.157588549087e+02 
       3.143184932770e-02       9.117266829647e+02 
       3.158045003860e-02       9.076954246631e+02 
       3.172943073803e-02       9.036650227198e+02 
       3.187880094308e-02       8.996389603585e+02 
       3.202857045451e-02       8.956151327268e+02 
       3.217874936717e-02       8.915883462243e+02 
       3.232934808093e-02       8.875711073329e+02 
       3.248037731209e-02       8.835533215823e+02 
       3.263184810537e-02       8.795407284979e+02 
       3.278377184639e-02       8.755294795401e+02 
       3.293616027481e-02       8.715230064551e+02 
       3.308902549808e-02       8.675188100909e+02 
       3.324238000587e-02       8.635223489684e+02 
       3.339623668519e-02       8.595273095521e+02 
       3.355060883625e-02       8.555381770514e+02 
       3.370551018917e-02       8.515580930407e+02 
       3.386095492146e-02       8.475793417246e+02 
       3.401695767648e-02       8.436032131246e+02 
       3.417353358273e-02       8.396309231475e+02 
       3.433069827429e-02       8.356715917304e+02 
       3.448846791224e-02       8.317126071302e+02 
       3.464685920721e-02       8.277592287266e+02 
       3.480588944326e-02       8.238119229926e+02 
       3.496557650290e-02       8.198722147958e+02 
       3.512593889362e-02       8.159375038240e+02 
       3.528699577579e-02       8.120076863846e+02 
       3.544876699223e-02       8.080841468105e+02 
       3.561127309936e-02       8.041707437960e+02 
       3.577453540021e-02       8.002601179193e+02 
       3.593857597932e-02       7.963572767437e+02 
       3.610341773970e-02       7.924610287938e+02 
       3.626908444196e-02       7.885709239240e+02 
       3.643560074585e-02       7.846881063228e+02 
       3.660299225428e-02       7.808114673483e+02 
       3.677128556006e-02       7.769435997528e+02 
       3.694050829560e-02       7.730797148439e+02 
       3.711068918564e-02       7.692237264594e+02 
       3.728185810350e-02       7.653750936414e+02 
       3.745404613083e-02       7.615321488499e+02 
       3.762728562135e-02       7.576970157770e+02 
       3.780161026882e-02       7.538672595220e+02 
       3.797705517955e-02       7.500491979918e+02 
       3.815365694988e-02       7.462306085426e+02 
       3.833145374895e-02       7.424237683718e+02 
       3.851048540736e-02       7.386215661496e+02 
       3.869079351200e-02       7.348275581191e+02 
       3.887242150781e-02       7.310404193455e+02 
       3.905541480685e-02       7.272572053897e+02 
       3.923982090554e-02       7.234817440005e+02 
       3.942568951059e-02       7.197133699800e+02 
       3.961307267459e-02       7.159513297414e+02 
       3.980202494203e-02       7.121939691972e+02 
       3.999260350675e-02       7.084442016834e+02 
       4.018486838197e-02       7.046968335394e+02 
       4.037888258399e-02       7.009584312442e+02 
       4.057471233098e-02       6.972256488402e+02 
       4.077242725835e-02       6.934923011073e+02 
       4.097210065233e-02       6.897671224673e+02 
       4.117380970370e-02       6.860509924834e+02 
       4.137763578359e-02       6.823355080963e+02 
       4.158366474394e-02       6.786253437050e+02 
       4.179198724509e-02       6.749174927879e+02 
       4.200269911343e-02       6.712157007615e+02 
       4.221590173266e-02       6.675119966573e+02 
       4.243170247227e-02       6.638172051723e+02 
       4.265021515755e-02       6.601211606037e+02 
       4.287156058610e-02       6.564285668377e+02 
       4.309586709635e-02       6.527401370996e+02 
       4.332327119429e-02       6.490489849467e+02 
       4.355391824587e-02       6.453618221497e+02 
       4.378796324309e-02       6.416734602139e+02 
       4.402557165354e-02       6.379845058994e+02 
       4.426692036408e-02       6.342963351171e+02 
       4.451219873159e-02       6.306055115068e+02 
       4.476160975508e-02       6.269088966387e+02 
       4.501537138651e-02       6.232150776765e+02 
       4.527371799972e-02       6.195150139868e+02 
       4.553690204080e-02       6.158106256347e+02 
       4.580519588688e-02       6.121027788905e+02 
       4.607889394492e-02       6.083845109712e+02 
       4.635831502817e-02       6.046625534070e+02 
       4.664380505432e-02       6.009306891698e+02 
       4.693574011810e-02       5.971912879238e+02 
       4.723453000061e-02       5.934384973225e+02 
       4.754062219050e-02       5.896732787524e+02 
       4.785450650651e-02       5.858969653927e+02 
       4.817672042973e-02       5.821040758196e+02 
       4.850785527637e-02       5.782943764537e+02 
       4.884856337005e-02       5.744647616660e+02 
       4.919956640770e-02       5.706154883609e+02 
       4.956166525668e-02       5.667426716454e+02 
       4.993575147569e-02       5.628435090530e+02 
       5.032282092111e-02       5.589160105811e+02 
       5.072398988759e-02       5.549552372295e+02 
       5.114051434239e-02       5.509604881352e+02 
       5.157381295387e-02       5.469256721204e+02 
       5.202549479355e-02       5.428461645442e+02 
       5.249739282000e-02       5.387166715262e+02 
       5.299160454377e-02       5.345321928377e+02 
       5.351054164173e-02       5.302823278028e+02 
       5.405699075365e-02       5.259616883121e+02 
       5.463418826930e-02       5.215578284879e+02 
       5.524591260822e-02       5.170593491202e+02 
       5.589659829214e-02       5.124495643328e+02 
       5.659147694012e-02       5.077113518190e+02 
       5.733675099377e-02       5.028184684139e+02 
       5.813980607534e-02       4.977422698877e+02 
       5.900946649822e-02       4.924422510714e+02 
       5.995629379921e-02       4.868699912894e+02 
       6.099291687646e-02       4.809555214199e+02 
       6.213435845134e-02       4.746119398862e+02 
       6.339827673564e-02       4.677207049784e+02 
       6.480496158167e-02       4.601221674043e+02 
       6.637680513162e-02       4.516079591507e+02 
       6.813683464953e-02       4.419202097641e+02 
       7.010586381239e-02       4.307407442298e+02 
       7.229814036280e-02       4.177443977931e+02 
       7.471631519380e-02       4.026650860947e+02 
       7.734789847774e-02       3.854034929672e+02 
       8.016579929889e-02       3.661305890111e+02 
       8.313364845494e-02       3.453327210793e+02 
       8.621341893809e-02       3.237525860300e+02 
       8.937163717533e-02       3.022534645202e+02 
       9.258226686806e-02       2.816723856397e+02 
       9.582674238605e-02       2.627018251600e+02 
       9.909258141198e-02       2.458213058187e+02 
       1.023717083671e-01       2.312823058435e+02 
       1.056590251365e-01       2.191189670059e+02 
       1.089513621860e-01       2.091858083599e+02 
       1.122467674816e-01       2.012005140721e+02 
       1.155440456682e-01       1.947832084852e+02 
       1.188424672261e-01       1.895025628164e+02 
       1.221415877774e-01       1.849132669700e+02 
       1.254411368805e-01       1.805956216042e+02 
       1.287409499792e-01       1.761871935117e+02 
       1.320409269018e-01       1.714166301398e+02 
       1.353410066034e-01       1.661190036069e+02 
       1.386411518132e-01       1.602437025144e+02 
       1.419413397076e-01       1.538448659247e+02 
       1.452415562472e-01       1.470622824008e+02 
       1.485417927385e-01       1.400913436069e+02 
       1.518420437452e-01       1.331518429007e+02 
       1.551423058209e-01       1.264588326884e+02 
       1.584425767375e-01       1.201980135457e+02 
       1.617428550175e-01       1.145102730069e+02 
       1.650431396477e-01       1.094819922091e+02 
       1.683434299060e-01       1.051442372146e+02 
       1.716437252546e-01       1.014768375140e+02 
       1.749440252749e-01       9.841566709786e+01 
       1.782443296273e-01       9.586324799322e+01 
       1.815446380262e-01       9.370040223362e+01 
       1.848449502239e-01       9.179783272574e+01 
       1.881452660015e-01       9.004091339527e+01 
       1.914455851615e-01       8.831365601650e+01 
       1.947459075240e-01       8.650667556559e+01 
       1.980462329238e-01       8.455045260820e+01 
       2.013465612077e-01       8.240871068359e+01 
       2.046468922338e-01       8.008012661383e+01 
       2.079472258696e-01       7.759375996959e+01 
       2.112475619912e-01       7.500180881247e+01 
       2.145479004827e-01       7.236918482153e+01 
       2.178482412354e-01       6.976248211870e+01 
       2.211485841473e-01       6.724330662162e+01 
       2.244489291223e-01       6.486237400269e+01 
       2.277492760699e-01       6.265739349663e+01 
       2.310496249052e-01       6.065274951429e+01 
       2.343499755476e-01       5.885895966049e+01 
       2.376503279215e-01       5.727331395116e+01 
       2.409506819552e-01       5.588001701862e+01 
       2.442510375809e-01       5.465206660336e+01 
       2.475513947346e-01       5.355419787684e+01 
       2.508517533555e-01       5.254646915441e+01 
       2.541521133861e-01       5.158931580973e+01 
       2.574524747719e-01       5.064710506768e+01 
       2.607528374610e-01       4.969147602892e+01 
       2.640532014044e-01       4.870282434468e+01 
       2.673535665552e-01       4.767052261649e+01 
       2.706539328690e-01       4.659206980158e+01 
       2.739543003036e-01       4.547255159204e+01 
       2.772546688187e-01       4.432324469037e+01 
       2.805550383758e-01       4.316012687329e+01 
       2.838554089386e-01       4.200290548141e+01 
       2.871557804721e-01       4.087168259346e+01 
       2.904561529430e-01       3.978518836874e+01 
       2.937565263195e-01       3.875810434970e+01 
       2.970569005713e-01       3.779993214415e+01 
       3.003572756694e-01       3.691424723320e+01 
       3.036576515861e-01       3.609959267939e+01 
       3.069580282948e-01       3.535056513134e+01 
       3.102584057700e-01       3.465870433589e+01 
       3.135587839875e-01       3.401417563007e+01 
       3.168591629240e-01       3.340614205354e+01 
       3.201595425570e-01       3.282356631615e+01 
       3.234599228652e-01       3.225561921853e+01 
       3.267603038281e-01       3.169274327824e+01 
       3.300606854258e-01       3.112732084828e+01 
       3.333610676394e-01       3.055449754495e+01 
       3.366614504507e-01       2.997258062739e+01 
       3.399618338423e-01       2.938274613460e+01 
       3.432622177972e-01       2.878865330361e+01 
       3.465626022995e-01       2.819503968597e+01 
       3.498629873333e-01       2.760722301958e+01 
       3.531633728839e-01       2.703034863553e+01 
       3.564637589368e-01       2.646905225769e+01 
       3.597641454781e-01       2.592743845852e+01 
       3.630645324944e-01       2.540873090203e+01 
       3.663649199728e-01       2.491511375825e+01 
       3.696653079009e-01       2.444748888871e+01 
       3.729656962667e-01       2.400517884881e+01 
       3.762660850587e-01       2.358604391037e+01 
       3.795664742656e-01       2.318685262980e+01 
       3.828668638767e-01       2.280368303302e+01 
       3.861672538816e-01       2.243267028813e+01 
       3.894676442702e-01       2.207050070081e+01 
       3.927680350328e-01       2.171455866159e+01 
       3.960684261601e-01       2.136287287514e+01 
       3.993688176429e-01       2.101413395296e+01 
       4.026692094725e-01       2.066744022241e+01 
       4.059696016404e-01       2.032244547664e+01 
       4.092699941383e-01       1.997926204589e+01 
       4.125703869584e-01       1.963866141576e+01 
       4.158707800929e-01       1.930190254418e+01 
       4.191711735343e-01       1.897059362350e+01 
       4.224715672754e-01       1.864630780334e+01 
       4.257719613093e-01       1.833035644180e+01 
       4.290723556292e-01       1.802361612334e+01 
       4.323727502284e-01       1.772642232193e+01 
       4.356731451007e-01       1.743879623731e+01 
       4.389735402398e-01       1.716058983976e+01 
       4.422739356397e-01       1.689156320009e+01 
       4.455743312946e-01       1.663137538930e+01 
       4.488747271989e-01       1.637946467961e+01 
       4.521751233471e-01       1.613507324021e+01 
       4.554755197339e-01       1.589715392011e+01 
       4.587759163540e-01       1.566456357040e+01 
       4.620763132026e-01       1.543618515964e+01 
       4.653767102746e-01       1.521121361247e+01 
       4.686771075655e-01       1.498911114951e+01 
       4.719775050705e-01       1.476971715622e+01 
       4.752779027851e-01       1.455302123168e+01 
       4.785783007051e-01       1.433910979338e+01 
       4.818786988263e-01       1.412811978368e+01 
       4.851790971443e-01       1.392016580221e+01 
       4.884794956554e-01       1.371545922451e+01 
       4.917798943556e-01       1.351435889820e+01 
       4.950802932410e-01       1.331731993118e+01 
       4.983806923080e-01       1.312481135428e+01 
       5.016810915530e-01       1.293717666529e+01 
       5.049814909726e-01       1.275453610739e+01 
       5.082818905631e-01       1.257678587110e+01 
       5.115822903215e-01       1.240358315096e+01 
       5.148826902444e-01       1.223453363374e+01 
       5.181830903287e-01       1.206926353899e+01 
       5.214834905712e-01       1.190746747425e+01 
       5.247838909691e-01       1.174890905119e+01 
       5.280842915193e-01       1.159336488268e+01 
       5.313846922191e-01       1.144059369381e+01 
       5.346850930656e-01       1.129027049997e+01 
       5.379854940562e-01       1.114215492226e+01 
       5.412858951882e-01       1.099600517439e+01 
       5.445862964590e-01       1.085184706469e+01 
       5.478866978661e-01       1.070977561970e+01 
       5.511870994071e-01       1.056994177413e+01 
       5.544875010795e-01       1.043251581161e+01 
       5.577879028810e-01       1.029758181679e+01 
       5.610883048094e-01       1.016514243568e+01 
       5.643887068624e-01       1.003513784988e+01 
       5.676891090378e-01       9.907494634340e+00 
       5.709895113334e-01       9.782215808629e+00 
       5.742899137473e-01       9.659324821605e+00 
       5.775903162774e-01       9.538885698548e+00 
       5.808907189217e-01       9.420895973926e+00 
       5.841911216782e-01       9.305270286156e+00 
       5.874915245451e-01       9.191858754852e+00 
       5.907919275204e-01       9.080444925742e+00 
       5.940923306025e-01       8.970906378772e+00 
       5.973927337894e-01       8.863088370199e+00 
       6.006931370796e-01       8.756983886130e+00 
       6.039935404712e-01       8.652593752870e+00 
       6.072939439627e-01       8.549898540655e+00 
       6.105943475523e-01       8.448850194830e+00 
       6.138947512386e-01       8.349349999434e+00 
       6.171951550200e-01       8.251297259536e+00 
       6.204955588948e-01       8.154632011417e+00 
       6.237959628617e-01       8.059369348942e+00 
       6.270963669193e-01       7.965569249612e+00 
       6.303967710659e-01       7.873314802657e+00 
       6.336971753004e-01       7.782654756245e+00 
       6.369975796212e-01       7.693576247120e+00 
       6.402979840272e-01       7.606017021895e+00 
       6.435983885168e-01       7.519884828494e+00 
       6.468987930889e-01       7.435114064343e+00 
       6.501991977423e-01       7.351678883892e+00 
       6.534996024756e-01       7.269588614919e+00 
       6.568000072877e-01       7.188866301687e+00 
       6.601004121773e-01       7.109498860272e+00 
       6.634008171434e-01       7.031431163640e+00 
       6.667012221847e-01       6.954562419801e+00 
       6.700016273003e-01       6.878807652169e+00 
       6.733020324888e-01       6.804099661069e+00 
       6.766024377494e-01       6.730430006800e+00 
       6.799028430810e-01       6.657821465718e+00 
       6.832032484824e-01       6.586303095858e+00 
       6.865036539528e-01       6.515880122861e+00 
       6.898040594911e-01       6.446543161965e+00 
       6.931044650963e-01       6.378210991092e+00 
       6.964048707675e-01       6.310836118590e+00 
       6.997052765038e-01       6.244384027006e+00 
       7.030056823042e-01       6.178862164141e+00 
       7.063060881679e-01       6.114301109578e+00 
       7.096064940938e-01       6.050739542959e+00 
       7.129069000813e-01       5.988162953655e+00 
       7.162073061294e-01       5.926564793548e+00 
       7.195077122373e-01       5.865872433939e+00 
       7.228081184042e-01       5.806023795970e+00 
       7.261085246292e-01       5.746980632233e+00 
       7.294089309117e-01       5.688748107075e+00 
       7.327093372507e-01       5.631339965026e+00 
       7.360097436455e-01       5.574771437511e+00 
       7.393101500955e-01       5.519040451768e+00 
       7.426105565998e-01       5.464115264905e+00 
       7.459109631577e-01       5.409933626946e+00 
       7.492113697685e-01       5.356456999501e+00 
       8.120857988153e-01       4.463942807204e+00 
       8.994089418068e-01       3.535576280717e+00 
       1.033040282133e+00       2.567597490953e+00 
       1.249736222299e+00       1.643320615562e+00 
       1.565063365958e+00       9.613617297329e-01 
       1.970022447781e+00       5.505726316812e-01 
       2.480109396895e+00       3.125995582017e-01 
       3.122272741613e+00       1.761520231624e-01 
       3.930708496969e+00       9.858528298193e-02 
       4.948468813189e+00       5.482910668151e-02 
       6.229753138395e+00       3.031914645164e-02 
       7.842794535130e+00       1.667813728102e-02 
       9.873493339755e+00       9.129978643093e-03 
       1.242999166860e+01       4.975605533333e-03 
       1.564843237999e+01       2.700324549639e-03 
       1.970020917791e+01       1.459813444699e-03 
       2.480109395173e+01       7.863007902877e-04 
       3.122272741613e+01       4.220569767059e-04 
       3.930708496969e+01       2.257773027909e-04 
       4.948468813189e+01       1.203762535174e-04 
       6.229753138395e+01       6.395699443064e-05 
       7.842794535130e+01       3.385552315782e-05 
       9.873493339755e+01       1.784479349188e-05 
       1.242999166860e+02       9.357055544514e-06 
       1.564843237999e+02       4.873957664848e-06 
       1.970020917791e+02       2.516484549513e-06 
       2.480109395173e+02       1.283952544713e-06 
       3.122272741613e+02       6.448744228340e-07 
       3.930708496969e+02       3.177132378348e-07 
       4.948468813189e+02       1.533235334117e-07 
       6.229753138395e+02       7.276091148069e-08 
       7.842794535130e+02       3.428644432598e-08 
       9.873493339755e+02       1.617731152324e-08 
       1.242999166860e+03       7.652312738266e-09 
