# Matter power spectrum P(k) at redshift z=4
# for k=1.03995e-05 to 1243 h/Mpc,
# number of wavenumbers equal to 625
#    1:k (h/Mpc)              2:P (Mpc/h)^3        
       1.039953543896e-05       2.945555257553e+00 
       2.362715252707e-05       6.602692586311e+00 
       3.690288557276e-05       1.023163424542e+01 
       5.026440451877e-05       1.385687485191e+01 
       6.375002738089e-05       1.749507973303e+01 
       7.739908048046e-05       2.116030816928e+01 
       9.125227067342e-05       2.486557869329e+01 
       1.053520747789e-04       2.862356150133e+01 
       1.197431514480e-04       3.244697066371e+01 
       1.344727807492e-04       3.634883092129e+01 
       1.495913367397e-04       4.034268683985e+01 
       1.651527981975e-04       4.444278561607e+01 
       1.812153024208e-04       4.866424882203e+01 
       1.978417464781e-04       5.302324118146e+01 
       2.151004393591e-04       5.753714151614e+01 
       2.330658069688e-04       6.222471821802e+01 
       2.518191495799e-04       6.710631015484e+01 
       2.714494479115e-04       7.220401167231e+01 
       2.920542090557e-04       7.754185958091e+01 
       3.137403365828e-04       8.314601685080e+01 
       3.366249998083e-04       8.904494549345e+01 
       3.608364648896e-04       9.526955748034e+01 
       3.865148347006e-04       1.018533282132e+02 
       4.138126251223e-04       1.088323525816e+02 
       4.428950827964e-04       1.162453163405e+02 
       4.739401247143e-04       1.241333526791e+02 
       5.071377557701e-04       1.325397438681e+02 
       5.426888010081e-04       1.415094289306e+02 
       5.808027813663e-04       1.510882764594e+02 
       6.216947741287e-04       1.613220858064e+02 
       6.655811422290e-04       1.722553001533e+02 
       7.126740992655e-04       1.839294354682e+02 
       7.631752041348e-04       1.963812694308e+02 
       8.172680453872e-04       2.096408838535e+02 
       8.751105612573e-04       2.237296943288e+02 
       9.368276115359e-04       2.386586531357e+02 
       1.002504525669e-03       2.544268256335e+02 
       1.072182352673e-03       2.710205268559e+02 
       1.145855406415e-03       2.884131618798e+02 
       1.223471442598e-03       3.065658177212e+02 
       1.304934468295e-03       3.254285745449e+02 
       1.390109845146e-03       3.449423769662e+02 
       1.478831079880e-03       3.650412851768e+02 
       1.570907553874e-03       3.856548531931e+02 
       1.666132440652e-03       4.067104191889e+02 
       1.764290173008e-03       4.281351678929e+02 
       1.865163002780e-03       4.498578308194e+02 
       1.968536395812e-03       4.718100116556e+02 
       2.074203182650e-03       4.939271283684e+02 
       2.181966519942e-03       5.161490133212e+02 
       2.291641802565e-03       5.384196996081e+02 
       2.403057707652e-03       5.606890888144e+02 
       2.516056559817e-03       5.829117954174e+02 
       2.630494193709e-03       6.050469831345e+02 
       2.746239465532e-03       6.270583267063e+02 
       2.863173536797e-03       6.489138004229e+02 
       2.981189025715e-03       6.705852586346e+02 
       3.100189097064e-03       6.920482063776e+02 
       3.220086540844e-03       7.132813524871e+02 
       3.340802873876e-03       7.342663511312e+02 
       3.462267486105e-03       7.549873993751e+02 
       3.584416844309e-03       7.754310671936e+02 
       3.707193759434e-03       7.955858963227e+02 
       3.830546719295e-03       8.154423427972e+02 
       3.954429285456e-03       8.349923552494e+02 
       4.078799551231e-03       8.542295410154e+02 
       4.203619656709e-03       8.731484698481e+02 
       4.328855356143e-03       8.917453553796e+02 
       4.454475632939e-03       9.100169528178e+02 
       4.580452357514e-03       9.279613657716e+02 
       4.706759983548e-03       9.455771587534e+02 
       4.833375278454e-03       9.628639021205e+02 
       4.960277084235e-03       9.798217625699e+02 
       5.087446105271e-03       9.964510193990e+02 
       5.214864719920e-03       1.012753090575e+03 
       5.342516813153e-03       1.028729132050e+03 
       5.470387627763e-03       1.044380998969e+03 
       5.598463631961e-03       1.059711181168e+03 
       5.726732401438e-03       1.074722070967e+03 
       5.855182514195e-03       1.089415610887e+03 
       5.983803456649e-03       1.103795546683e+03 
       6.112585539711e-03       1.117864329003e+03 
       6.241519823668e-03       1.131625913693e+03 
       6.370598050881e-03       1.145082646777e+03 
       6.499812585389e-03       1.158238388716e+03 
       6.629156358652e-03       1.171096969520e+03 
       6.758622820736e-03       1.183661480779e+03 
       6.888205896353e-03       1.195935461772e+03 
       7.017899945196e-03       1.207923087565e+03 
       7.147699726128e-03       1.219627989747e+03 
       7.277600364802e-03       1.231053140314e+03 
       7.407597324333e-03       1.242203079285e+03 
       7.537686378721e-03       1.253081034639e+03 
       7.667863588729e-03       1.263690328163e+03 
       7.798125279958e-03       1.274035754512e+03 
       7.928468022901e-03       1.284120546903e+03 
       8.058888614779e-03       1.293947808586e+03 
       8.189384062974e-03       1.303521414605e+03 
       8.319951569909e-03       1.312844886292e+03 
       8.450588519223e-03       1.321921798998e+03 
       8.581292463131e-03       1.330755149886e+03 
       8.712061110845e-03       1.339349922835e+03 
       8.842892317960e-03       1.347708341408e+03 
       8.973784076712e-03       1.355833820485e+03 
       9.104734507036e-03       1.363730116527e+03 
       9.235741848337e-03       1.371400252657e+03 
       9.366804451931e-03       1.378847693637e+03 
       9.497920774066e-03       1.386075320750e+03 
       9.629089369506e-03       1.393086606939e+03 
       9.760308885604e-03       1.399886809882e+03 
       9.891578056831e-03       1.406475271376e+03 
       1.002289569972e-02       1.412856120163e+03 
       1.015426070821e-02       1.419032817536e+03 
       1.028567204931e-02       1.425008694414e+03 
       1.041712875908e-02       1.430786317012e+03 
       1.054862993897e-02       1.436367985855e+03 
       1.068017475236e-02       1.441756945080e+03 
       1.081176242137e-02       1.446956133293e+03 
       1.094339222391e-02       1.451968480485e+03 
       1.107506349097e-02       1.456795820220e+03 
       1.120677560401e-02       1.461441496307e+03 
       1.133852799265e-02       1.465908613595e+03 
       1.147032013246e-02       1.470198264731e+03 
       1.160215154290e-02       1.474314832562e+03 
       1.173402178546e-02       1.478259805160e+03 
       1.186593046185e-02       1.482035252541e+03 
       1.199787721238e-02       1.485644336916e+03 
       1.212986171447e-02       1.489089436551e+03 
       1.226188368116e-02       1.492372304772e+03 
       1.239394285986e-02       1.495495764855e+03 
       1.252603903110e-02       1.498461955538e+03 
       1.265817200739e-02       1.501273338872e+03 
       1.279034163215e-02       1.503931616542e+03 
       1.292254777878e-02       1.506439990414e+03 
       1.305479034968e-02       1.508799647308e+03 
       1.318706927550e-02       1.511013017181e+03 
       1.331938451426e-02       1.513082586249e+03 
       1.345173605071e-02       1.515010138050e+03 
       1.358412389562e-02       1.516797843073e+03 
       1.371654808519e-02       1.518447858577e+03 
       1.384900868049e-02       1.519962714416e+03 
       1.398150576690e-02       1.521343161716e+03 
       1.411403945369e-02       1.522592274164e+03 
       1.424660987359e-02       1.523711894726e+03 
       1.437921718233e-02       1.524702876595e+03 
       1.451186155836e-02       1.525568051085e+03 
       1.464454320250e-02       1.526309101308e+03 
       1.477726233763e-02       1.526927690156e+03 
       1.491001920850e-02       1.527426155166e+03 
       1.504281408144e-02       1.527806082624e+03 
       1.517564724420e-02       1.528069602567e+03 
       1.530851900579e-02       1.528217870418e+03 
       1.544142969630e-02       1.528252631729e+03 
       1.557437966684e-02       1.528176516889e+03 
       1.570736928943e-02       1.527990423850e+03 
       1.584039895693e-02       1.527696507243e+03 
       1.597346908298e-02       1.527297022023e+03 
       1.610658010204e-02       1.526792391985e+03 
       1.623973246933e-02       1.526185044881e+03 
       1.637292666089e-02       1.525476754887e+03 
       1.650616317360e-02       1.524668727587e+03 
       1.663944252528e-02       1.523762207466e+03 
       1.677276525473e-02       1.522760182619e+03 
       1.690613192186e-02       1.521663019974e+03 
       1.703954310780e-02       1.520473465891e+03 
       1.717299941507e-02       1.519190672971e+03 
       1.730650146766e-02       1.517818603695e+03 
       1.744004991130e-02       1.516357708295e+03 
       1.757364541359e-02       1.514809716844e+03 
       1.770728866421e-02       1.513176093533e+03 
       1.784098037520e-02       1.511458147641e+03 
       1.797472128114e-02       1.509658350515e+03 
       1.810851213944e-02       1.507775900224e+03 
       1.824235373063e-02       1.505814129836e+03 
       1.837624685860e-02       1.503774689552e+03 
       1.851019235100e-02       1.501656750713e+03 
       1.864419105949e-02       1.499463726249e+03 
       1.877824386010e-02       1.497195689836e+03 
       1.891235165363e-02       1.494857515689e+03 
       1.904651536598e-02       1.492442995060e+03 
       1.918073594856e-02       1.489960230971e+03 
       1.931501437874e-02       1.487409247246e+03 
       1.944935166022e-02       1.484788560500e+03 
       1.958374882352e-02       1.482101850730e+03 
       1.971820692641e-02       1.479350441648e+03 
       1.985272705444e-02       1.476535076860e+03 
       1.998731032141e-02       1.473655233962e+03 
       2.012195786988e-02       1.470713618635e+03 
       2.025667087175e-02       1.467713261650e+03 
       2.039145052878e-02       1.464653174724e+03 
       2.052629807319e-02       1.461534809576e+03 
       2.066121476824e-02       1.458359250181e+03 
       2.079620190886e-02       1.455127276842e+03 
       2.093126082231e-02       1.451842370509e+03 
       2.106639286880e-02       1.448501063873e+03 
       2.120159944219e-02       1.445110574433e+03 
       2.133688197070e-02       1.441667340660e+03 
       2.147224191765e-02       1.438173896977e+03 
       2.160768078216e-02       1.434629451228e+03 
       2.174320010000e-02       1.431037380258e+03 
       2.187880144433e-02       1.427402214238e+03 
       2.201448642654e-02       1.423715695862e+03 
       2.215025669712e-02       1.419988468350e+03 
       2.228611394651e-02       1.416217641400e+03 
       2.242205990603e-02       1.412401695725e+03 
       2.255809634881e-02       1.408543380274e+03 
       2.269422509071e-02       1.404642788759e+03 
       2.283044799139e-02       1.400708307432e+03 
       2.296676695527e-02       1.396730706464e+03 
       2.310318393262e-02       1.392717427913e+03 
       2.323970092062e-02       1.388665510853e+03 
       2.337631996451e-02       1.384578701285e+03 
       2.351304315873e-02       1.380452715769e+03 
       2.364987264812e-02       1.376300347685e+03 
       2.378681062915e-02       1.372114021408e+03 
       2.392385935119e-02       1.367890442786e+03 
       2.406102111783e-02       1.363636796155e+03 
       2.419829828820e-02       1.359353869463e+03 
       2.433569327838e-02       1.355042322542e+03 
       2.447320856286e-02       1.350698909851e+03 
       2.461084667600e-02       1.346333095911e+03 
       2.474861021354e-02       1.341935850152e+03 
       2.488650183423e-02       1.337514629270e+03 
       2.502452426141e-02       1.333067058534e+03 
       2.516268028473e-02       1.328597276567e+03 
       2.530097276186e-02       1.324101309200e+03 
       2.543940462031e-02       1.319582631937e+03 
       2.557797885926e-02       1.315046252472e+03 
       2.571669855148e-02       1.310485553123e+03 
       2.585556684531e-02       1.305902720947e+03 
       2.599458696671e-02       1.301303351817e+03 
       2.613376222134e-02       1.296684047072e+03 
       2.627309599677e-02       1.292046274248e+03 
       2.641259176475e-02       1.287390586761e+03 
       2.655225308349e-02       1.282718065505e+03 
       2.669208360010e-02       1.278029725106e+03 
       2.683208705309e-02       1.273325716687e+03 
       2.697226727495e-02       1.268607832144e+03 
       2.711262819481e-02       1.263874576684e+03 
       2.725317384118e-02       1.259130514793e+03 
       2.739390834487e-02       1.254370824322e+03 
       2.753483594189e-02       1.249601944101e+03 
       2.767596097655e-02       1.244819173301e+03 
       2.781728790465e-02       1.240027391055e+03 
       2.795882129673e-02       1.235224957125e+03 
       2.810056584150e-02       1.230411263931e+03 
       2.824252634939e-02       1.225589733661e+03 
       2.838470775622e-02       1.220756605778e+03 
       2.852711512698e-02       1.215920186235e+03 
       2.866975365978e-02       1.211073846858e+03 
       2.881262868997e-02       1.206220026829e+03 
       2.895574569435e-02       1.201360536538e+03 
       2.909911029562e-02       1.196495765305e+03 
       2.924272826696e-02       1.191626348995e+03 
       2.938660553674e-02       1.186750267409e+03 
       2.953074819355e-02       1.181870355082e+03 
       2.967516249126e-02       1.176988518575e+03 
       2.981985485444e-02       1.172103798760e+03 
       2.996483188387e-02       1.167211131449e+03 
       3.011010036233e-02       1.162321330833e+03 
       3.025566726066e-02       1.157425156726e+03 
       3.040153974397e-02       1.152528278918e+03 
       3.054772517824e-02       1.147629347189e+03 
       3.069423113704e-02       1.142736072252e+03 
       3.084106540870e-02       1.137837405991e+03 
       3.098823600361e-02       1.132935569757e+03 
       3.113575116200e-02       1.128036180288e+03 
       3.128361936193e-02       1.123141111519e+03 
       3.143184932770e-02       1.118245600313e+03 
       3.158045003860e-02       1.113350816901e+03 
       3.172943073803e-02       1.108456693623e+03 
       3.187880094308e-02       1.103567504957e+03 
       3.202857045451e-02       1.098680672206e+03 
       3.217874936717e-02       1.093789824244e+03 
       3.232934808093e-02       1.088910311069e+03 
       3.248037731209e-02       1.084029746584e+03 
       3.263184810537e-02       1.079155178179e+03 
       3.278377184639e-02       1.074281892060e+03 
       3.293616027481e-02       1.069414083751e+03 
       3.308902549808e-02       1.064548705254e+03 
       3.324238000587e-02       1.059692448895e+03 
       3.339623668519e-02       1.054837567268e+03 
       3.355060883625e-02       1.049989579887e+03 
       3.370551018917e-02       1.045152328472e+03 
       3.386095492146e-02       1.040316351637e+03 
       3.401695767648e-02       1.035483233646e+03 
       3.417353358273e-02       1.030654468793e+03 
       3.433069827429e-02       1.025841248182e+03 
       3.448846791224e-02       1.021028096443e+03 
       3.464685920721e-02       1.016221472625e+03 
       3.480588944326e-02       1.011421943260e+03 
       3.496557650290e-02       1.006631380859e+03 
       3.512593889362e-02       1.001846596340e+03 
       3.528699577579e-02       9.970674564477e+02 
       3.544876699223e-02       9.922956448890e+02 
       3.561127309936e-02       9.875359357487e+02 
       3.577453540021e-02       9.827792708273e+02 
       3.593857597932e-02       9.780318006199e+02 
       3.610341773970e-02       9.732920539972e+02 
       3.626908444196e-02       9.685594780240e+02 
       3.643560074585e-02       9.638354740381e+02 
       3.660299225428e-02       9.591186752220e+02 
       3.677128556006e-02       9.544122667667e+02 
       3.694050829560e-02       9.497103516477e+02 
       3.711068918564e-02       9.450177403765e+02 
       3.728185810350e-02       9.403337631016e+02 
       3.745404613083e-02       9.356563667153e+02 
       3.762728562135e-02       9.309881505402e+02 
       3.780161026882e-02       9.263261200838e+02 
       3.797705517955e-02       9.216780317069e+02 
       3.815365694988e-02       9.170288594169e+02 
       3.833145374895e-02       9.123936873314e+02 
       3.851048540736e-02       9.077637693488e+02 
       3.869079351200e-02       9.031434771146e+02 
       3.887242150781e-02       8.985311568977e+02 
       3.905541480685e-02       8.939232126207e+02 
       3.923982090554e-02       8.893243259480e+02 
       3.942568951059e-02       8.847336833495e+02 
       3.961307267459e-02       8.801503462379e+02 
       3.980202494203e-02       8.755722960367e+02 
       3.999260350675e-02       8.710031054252e+02 
       4.018486838197e-02       8.664363878581e+02 
       4.037888258399e-02       8.618802215647e+02 
       4.057471233098e-02       8.573304906719e+02 
       4.077242725835e-02       8.527796008294e+02 
       4.097210065233e-02       8.482382967757e+02 
       4.117380970370e-02       8.437076704187e+02 
       4.137763578359e-02       8.391773905655e+02 
       4.158366474394e-02       8.346532187017e+02 
       4.179198724509e-02       8.301314759632e+02 
       4.200269911343e-02       8.256167840672e+02 
       4.221590173266e-02       8.210993537038e+02 
       4.243170247227e-02       8.165925206038e+02 
       4.265021515755e-02       8.120838016400e+02 
       4.287156058610e-02       8.075790066377e+02 
       4.309586709635e-02       8.030790454254e+02 
       4.332327119429e-02       7.985754664085e+02 
       4.355391824587e-02       7.940765601293e+02 
       4.378796324309e-02       7.895759784619e+02 
       4.402557165354e-02       7.850744983686e+02 
       4.426692036408e-02       7.805738508782e+02 
       4.451219873159e-02       7.760698400797e+02 
       4.476160975508e-02       7.715586450490e+02 
       4.501537138651e-02       7.670508745510e+02 
       4.527371799972e-02       7.625354354841e+02 
       4.553690204080e-02       7.580147385452e+02 
       4.580519588688e-02       7.534898786647e+02 
       4.607889394492e-02       7.489523371268e+02 
       4.635831502817e-02       7.444104253103e+02 
       4.664380505432e-02       7.398565339699e+02 
       4.693574011810e-02       7.352936124073e+02 
       4.723453000061e-02       7.307144882209e+02 
       4.754062219050e-02       7.261203794862e+02 
       4.785450650651e-02       7.215129497383e+02 
       4.817672042973e-02       7.168854722410e+02 
       4.850785527637e-02       7.122376828137e+02 
       4.884856337005e-02       7.075657739170e+02 
       4.919956640770e-02       7.028700851701e+02 
       4.956166525668e-02       6.981458235924e+02 
       4.993575147569e-02       6.933895583477e+02 
       5.032282092111e-02       6.885988495205e+02 
       5.072398988759e-02       6.837676192222e+02 
       5.114051434239e-02       6.788950074509e+02 
       5.157381295387e-02       6.739735481866e+02 
       5.202549479355e-02       6.689975521032e+02 
       5.249739282000e-02       6.639605439538e+02 
       5.299160454377e-02       6.588564123890e+02 
       5.351054164173e-02       6.536724179548e+02 
       5.405699075365e-02       6.484020310490e+02 
       5.463418826930e-02       6.430300490706e+02 
       5.524591260822e-02       6.375425880315e+02 
       5.589659829214e-02       6.319193233719e+02 
       5.659147694012e-02       6.261394148140e+02 
       5.733675099377e-02       6.201708257990e+02 
       5.813980607534e-02       6.139786068597e+02 
       5.900946649822e-02       6.075131993538e+02 
       5.995629379921e-02       6.007152389449e+02 
       6.099291687646e-02       5.934986856300e+02 
       6.213435845134e-02       5.857563796563e+02 
       6.339827673564e-02       5.773418090349e+02 
       6.480496158167e-02       5.680573512005e+02 
       6.637680513162e-02       5.576451329208e+02 
       6.813683464953e-02       5.457863736008e+02 
       7.010586381239e-02       5.320878237899e+02 
       7.229814036280e-02       5.161459124847e+02 
       7.471631519380e-02       4.976269520880e+02 
       7.734789847774e-02       4.764031712020e+02 
       8.016579929889e-02       4.526837934827e+02 
       8.313364845494e-02       4.270665669510e+02 
       8.621341893809e-02       4.004659604189e+02 
       8.937163717533e-02       3.739507313500e+02 
       9.258226686806e-02       3.485567650669e+02 
       9.582674238605e-02       3.251416468516e+02 
       9.909258141198e-02       3.043022048774e+02 
       1.023717083671e-01       2.863511078187e+02 
       1.056590251365e-01       2.713329897129e+02 
       1.089513621860e-01       2.590701457172e+02 
       1.122467674816e-01       2.492138594315e+02 
       1.155440456682e-01       2.412955610078e+02 
       1.188424672261e-01       2.347817106628e+02 
       1.221415877774e-01       2.291211331619e+02 
       1.254411368805e-01       2.237947064454e+02 
       1.287409499792e-01       2.183531146290e+02 
       1.320409269018e-01       2.124604726860e+02 
       1.353410066034e-01       2.059124100144e+02 
       1.386411518132e-01       1.986459443756e+02 
       1.419413397076e-01       1.907285409969e+02 
       1.452415562472e-01       1.823332437393e+02 
       1.485417927385e-01       1.737024820847e+02 
       1.518420437452e-01       1.651089873648e+02 
       1.551423058209e-01       1.568193630107e+02 
       1.584425767375e-01       1.490643186209e+02 
       1.617428550175e-01       1.420186366585e+02 
       1.650431396477e-01       1.357896777592e+02 
       1.683434299060e-01       1.304162890362e+02 
       1.716437252546e-01       1.258734749748e+02 
       1.749440252749e-01       1.220820151270e+02 
       1.782443296273e-01       1.189210557745e+02 
       1.815446380262e-01       1.162428451063e+02 
       1.848449502239e-01       1.138871604994e+02 
       1.881452660015e-01       1.117117283377e+02 
       1.914455851615e-01       1.095727841737e+02 
       1.947459075240e-01       1.073345907865e+02 
       1.980462329238e-01       1.049108674742e+02 
       2.013465612077e-01       1.022566869175e+02 
       2.046468922338e-01       9.937030238474e+01 
       2.079472258696e-01       9.628784654950e+01 
       2.112475619912e-01       9.307407639835e+01 
       2.145479004827e-01       8.980951539396e+01 
       2.178482412354e-01       8.657689566966e+01 
       2.211485841473e-01       8.345261196047e+01 
       2.244489291223e-01       8.049967867783e+01 
       2.277492760699e-01       7.776491948756e+01 
       2.310496249052e-01       7.527858452853e+01 
       2.343499755476e-01       7.305381698466e+01 
       2.376503279215e-01       7.108722105536e+01 
       2.409506819552e-01       6.935924428355e+01 
       2.442510375809e-01       6.783639773051e+01 
       2.475513947346e-01       6.647488944987e+01 
       2.508517533555e-01       6.522520198424e+01 
       2.541521133861e-01       6.403819450885e+01 
       2.574524747719e-01       6.286965777906e+01 
       2.607528374610e-01       6.168440396490e+01 
       2.640532014044e-01       6.045806470676e+01 
       2.673535665552e-01       5.917748992632e+01 
       2.706539328690e-01       5.783954515109e+01 
       2.739543003036e-01       5.645055393498e+01 
       2.772546688187e-01       5.502453096056e+01 
       2.805550383758e-01       5.358128240993e+01 
       2.838554089386e-01       5.214530991680e+01 
       2.871557804721e-01       5.074155100177e+01 
       2.904561529430e-01       4.939326542534e+01 
       2.937565263195e-01       4.811870055401e+01 
       2.970569005713e-01       4.692963165113e+01 
       3.003572756694e-01       4.583052817519e+01 
       3.036576515861e-01       4.481957013250e+01 
       3.069580282948e-01       4.389005336217e+01 
       3.102584057700e-01       4.303149214558e+01 
       3.135587839875e-01       4.223165689563e+01 
       3.168591629240e-01       4.147711597584e+01 
       3.201595425570e-01       4.075415710862e+01 
       3.234599228652e-01       4.004933292216e+01 
       3.267603038281e-01       3.935079258142e+01 
       3.300606854258e-01       3.864905973512e+01 
       3.333610676394e-01       3.793812354328e+01 
       3.366614504507e-01       3.721587568692e+01 
       3.399618338423e-01       3.648377234240e+01 
       3.432622177972e-01       3.574637153927e+01 
       3.465626022995e-01       3.500954009153e+01 
       3.498629873333e-01       3.427989384544e+01 
       3.531633728839e-01       3.356381886933e+01 
       3.564637589368e-01       3.286706707359e+01 
       3.597641454781e-01       3.219474791423e+01 
       3.630645324944e-01       3.155085138373e+01 
       3.663649199728e-01       3.093810133487e+01 
       3.696653079009e-01       3.035761557052e+01 
       3.729656962667e-01       2.980854888682e+01 
       3.762660850587e-01       2.928825547058e+01 
       3.795664742656e-01       2.879271233825e+01 
       3.828668638767e-01       2.831705752713e+01 
       3.861672538816e-01       2.785649155405e+01 
       3.894676442702e-01       2.740689411063e+01 
       3.927680350328e-01       2.696502756440e+01 
       3.960684261601e-01       2.652843476055e+01 
       3.993688176429e-01       2.609549476248e+01 
       4.026692094725e-01       2.566509010340e+01 
       4.059696016404e-01       2.523678388346e+01 
       4.092699941383e-01       2.481072501700e+01 
       4.125703869584e-01       2.438786423667e+01 
       4.158707800929e-01       2.396976893364e+01 
       4.191711735343e-01       2.355843778633e+01 
       4.224715672754e-01       2.315581876809e+01 
       4.257719613093e-01       2.276354846447e+01 
       4.290723556292e-01       2.238270968705e+01 
       4.323727502284e-01       2.201372117687e+01 
       4.356731451007e-01       2.165661236393e+01 
       4.389735402398e-01       2.131119357901e+01 
       4.422739356397e-01       2.097717384429e+01 
       4.455743312946e-01       2.065412525319e+01 
       4.488747271989e-01       2.034135192792e+01 
       4.521751233471e-01       2.003791506327e+01 
       4.554755197339e-01       1.974250958708e+01 
       4.587759163540e-01       1.945372145839e+01 
       4.620763132026e-01       1.917015988090e+01 
       4.653767102746e-01       1.889082535215e+01 
       4.686771075655e-01       1.861505331342e+01 
       4.719775050705e-01       1.834263942040e+01 
       4.752779027851e-01       1.807357599535e+01 
       4.785783007051e-01       1.780796740203e+01 
       4.818786988263e-01       1.754598327256e+01 
       4.851790971443e-01       1.728776945692e+01 
       4.884794956554e-01       1.703358396039e+01 
       4.917798943556e-01       1.678387686456e+01 
       4.950802932410e-01       1.653921085385e+01 
       4.983806923080e-01       1.630016834963e+01 
       5.016810915530e-01       1.606717900307e+01 
       5.049814909726e-01       1.584038813444e+01 
       5.082818905631e-01       1.561967012881e+01 
       5.115822903215e-01       1.540459814177e+01 
       5.148826902444e-01       1.519468139435e+01 
       5.181830903287e-01       1.498945891877e+01 
       5.214834905712e-01       1.478854734517e+01 
       5.247838909691e-01       1.459165687330e+01 
       5.280842915193e-01       1.439850833346e+01 
       5.313846922191e-01       1.420880114547e+01 
       5.346850930656e-01       1.402213494561e+01 
       5.379854940562e-01       1.383820749916e+01 
       5.412858951882e-01       1.365672129227e+01 
       5.445862964590e-01       1.347770756524e+01 
       5.478866978661e-01       1.330128282559e+01 
       5.511870994071e-01       1.312763817693e+01 
       5.544875010795e-01       1.295698145313e+01 
       5.577879028810e-01       1.278941934226e+01 
       5.610883048094e-01       1.262495479098e+01 
       5.643887068624e-01       1.246351188824e+01 
       5.676891090378e-01       1.230500263488e+01 
       5.709895113334e-01       1.214942759701e+01 
       5.742899137473e-01       1.199681772370e+01 
       5.775903162774e-01       1.184725321268e+01 
       5.808907189217e-01       1.170072847467e+01 
       5.841911216782e-01       1.155714068085e+01 
       5.874915245451e-01       1.141630101350e+01 
       5.907919275204e-01       1.127794197243e+01 
       5.940923306025e-01       1.114191198692e+01 
       5.973927337894e-01       1.100801695064e+01 
       6.006931370796e-01       1.087625081207e+01 
       6.039935404712e-01       1.074661234034e+01 
       6.072939439627e-01       1.061907873990e+01 
       6.105943475523e-01       1.049359055146e+01 
       6.138947512386e-01       1.037002335049e+01 
       6.171951550200e-01       1.024825469056e+01 
       6.204955588948e-01       1.012820769184e+01 
       6.237959628617e-01       1.000990267162e+01 
       6.270963669193e-01       9.893414214498e+00 
       6.303967710659e-01       9.778843752471e+00 
       6.336971753004e-01       9.666254274090e+00 
       6.369975796212e-01       9.555628214652e+00 
       6.402979840272e-01       9.446888330917e+00 
       6.435983885168e-01       9.339921355919e+00 
       6.468987930889e-01       9.234643633852e+00 
       6.501991977423e-01       9.131025503385e+00 
       6.534996024756e-01       9.029077017013e+00 
       6.568000072877e-01       8.928826737616e+00 
       6.601004121773e-01       8.830259641050e+00 
       6.634008171434e-01       8.733305662476e+00 
       6.667012221847e-01       8.637841144097e+00 
       6.700016273003e-01       8.543759962693e+00 
       6.733020324888e-01       8.450977993724e+00 
       6.766024377494e-01       8.359486104614e+00 
       6.799028430810e-01       8.269311064175e+00 
       6.832032484824e-01       8.180490467853e+00 
       6.865036539528e-01       8.093029964354e+00 
       6.898040594911e-01       8.006917446658e+00 
       6.931044650963e-01       7.922053726594e+00 
       6.964048707675e-01       7.838377830286e+00 
       6.997052765038e-01       7.755848142130e+00 
       7.030056823042e-01       7.674473817137e+00 
       7.063060881679e-01       7.594291946465e+00 
       7.096064940938e-01       7.515352185884e+00 
       7.129069000813e-01       7.437634781329e+00 
       7.162073061294e-01       7.361132928775e+00 
       7.195077122373e-01       7.285755819027e+00 
       7.228081184042e-01       7.211426092496e+00 
       7.261085246292e-01       7.138097256968e+00 
       7.294089309117e-01       7.065774620447e+00 
       7.327093372507e-01       6.994475792310e+00 
       7.360097436455e-01       6.924219871017e+00 
       7.393101500955e-01       6.855003410864e+00 
       7.426105565998e-01       6.786788407322e+00 
       7.459109631577e-01       6.719496318087e+00 
       7.492113697685e-01       6.653079661037e+00 
       8.120857988153e-01       5.544587704386e+00 
       8.994089418068e-01       4.391538307022e+00 
       1.033040282133e+00       3.189258152661e+00 
       1.249736222299e+00       2.041226817464e+00 
       1.565063365958e+00       1.194154864583e+00 
       1.970022447781e+00       6.838983898853e-01 
       2.480109396895e+00       3.882999007549e-01 
       3.122272741613e+00       2.188102222343e-01 
       3.930708496969e+00       1.224595971185e-01 
       4.948468813189e+00       6.810705713182e-02 
       6.229753138395e+00       3.766152200907e-02 
       7.842794535130e+00       2.071705699047e-02 
       9.873493339755e+00       1.134094905999e-02 
       1.242999166860e+01       6.180508030243e-03 
       1.564843237999e+01       3.354221607593e-03 
       1.970020917791e+01       1.813298429087e-03 
       2.480109395173e+01       9.766849390629e-04 
       3.122272741613e+01       5.242363207170e-04 
       3.930708496969e+01       2.804276591125e-04 
       4.948468813189e+01       1.495054159259e-04 
       6.229753138395e+01       7.942650974305e-05 
       7.842794535130e+01       4.203837631309e-05 
       9.873493339755e+01       2.215296507050e-05 
       1.242999166860e+02       1.161205037485e-05 
       1.564843237999e+02       6.045284007790e-06 
       1.970020917791e+02       3.118651373030e-06 
       2.480109395173e+02       1.589168704099e-06 
       3.122272741613e+02       7.966619547735e-07 
       3.930708496969e+02       3.914197716389e-07 
       4.948468813189e+02       1.881676325549e-07 
       6.229753138395e+02       8.882922199604e-08 
       7.842794535130e+02       4.156706697775e-08 
       9.873493339755e+02       1.944324122268e-08 
       1.242999166860e+03       9.113227261882e-09 
