# Matter power spectrum P(k) at redshift z=4
# for k=1.04575e-05 to 1006.15 h/Mpc,
# number of wavenumbers equal to 625
#    1:k (h/Mpc)              2:P (Mpc/h)^3        
       1.045749810485e-05       2.907057134069e+00 
       2.373043761528e-05       6.508681526346e+00 
       3.705205197341e-05       1.008266942727e+01 
       5.046040160262e-05       1.365319448648e+01 
       6.399420676399e-05       1.723673554865e+01 
       7.769321405898e-05       2.084721110147e+01 
       9.159857522556e-05       2.449752033169e+01 
       1.057532435558e-04       2.820022604891e+01 
       1.202023933008e-04       3.196794228800e+01 
       1.349938674647e-04       3.581359855504e+01 
       1.501786593808e-04       3.975064777493e+01 
       1.658114333596e-04       4.379324845624e+01 
       1.819510894196e-04       4.795643564406e+01 
       1.986613765579e-04       5.225628989651e+01 
       2.160115580438e-04       5.671010828298e+01 
       2.340771306401e-04       6.133657997779e+01 
       2.529405972213e-04       6.615596715753e+01 
       2.726922886571e-04       7.119029069718e+01 
       2.934312256600e-04       7.646351701172e+01 
       3.152660040981e-04       8.200174168557e+01 
       3.383156775180e-04       8.783336195897e+01 
       3.627105977775e-04       9.398922639186e+01 
       3.885931583209e-04       1.005027460984e+02 
       4.161183645581e-04       1.074099470658e+02 
       4.454541324261e-04       1.147494361169e+02 
       4.767811907995e-04       1.225622491519e+02 
       5.102924387431e-04       1.308915419108e+02 
       5.461915893473e-04       1.397820831566e+02 
       5.846909251320e-04       1.492795089252e+02 
       6.260080050474e-04       1.594293045965e+02 
       6.703612104985e-04       1.702754953082e+02 
       7.179641068864e-04       1.818590555269e+02 
       7.690187318622e-04       1.942160840779e+02 
       8.237080952403e-04       2.073758424499e+02 
       8.821883665213e-04       2.213587984378e+02 
       9.445813962622e-04       2.361748583381e+02 
       1.010968318642e-03       2.518219975187e+02 
       1.081384969221e-03       2.682854665719e+02 
       1.155819700313e-03       2.855377098696e+02 
       1.234213899658e-03       3.035390428077e+02 
       1.316465168833e-03       3.222390243092e+02 
       1.402432774394e-03       3.415783807467e+02 
       1.491944724558e-03       3.614912766749e+02 
       1.584805697329e-03       3.819076820256e+02 
       1.680805061300e-03       4.027556321450e+02 
       1.779724358910e-03       4.239632439557e+02 
       1.881343813733e-03       4.454603623525e+02 
       1.985447627100e-03       4.671798136657e+02 
       2.091828006459e-03       4.890583081947e+02 
       2.200287998256e-03       5.110369972710e+02 
       2.310643277916e-03       5.330610823307e+02 
       2.422723085604e-03       5.550819186363e+02 
       2.536370500476e-03       5.770551918618e+02 
       2.651442230081e-03       5.989411602735e+02 
       2.767808065318e-03       6.207044539236e+02 
       2.885350122018e-03       6.423139856225e+02 
       3.003961962113e-03       6.637423738530e+02 
       3.123547662764e-03       6.849658223934e+02 
       3.244020881646e-03       7.059636669943e+02 
       3.365303950641e-03       7.267180623324e+02 
       3.487327018288e-03       7.472136835126e+02 
       3.610027252458e-03       7.674374186212e+02 
       3.733348108622e-03       7.873782576829e+02 
       3.857238664757e-03       8.070268020085e+02 
       3.981653021215e-03       8.263752629436e+02 
       4.106549762154e-03       8.454173882130e+02 
       4.231891474164e-03       8.641479326127e+02 
       4.357644317282e-03       8.825631373112e+02 
       4.483777643502e-03       9.006598653850e+02 
       4.610263657980e-03       9.184362641942e+02 
       4.737077118433e-03       9.358909011882e+02 
       4.864195068510e-03       9.530232606863e+02 
       4.991596601329e-03       9.698334916951e+02 
       5.119262649698e-03       9.863219227870e+02 
       5.247175799933e-03       1.002489816201e+03 
       5.375320126495e-03       1.018338304246e+03 
       5.503681045008e-03       1.033869205567e+03 
       5.632245181484e-03       1.049084826820e+03 
       5.761000255846e-03       1.063987268067e+03 
       5.889934978076e-03       1.078579136195e+03 
       6.019038955502e-03       1.092863194615e+03 
       6.148302609931e-03       1.106842267054e+03 
       6.277717103485e-03       1.120519593415e+03 
       6.407274272154e-03       1.133898585268e+03 
       6.536966566162e-03       1.146982048317e+03 
       6.666786996400e-03       1.159773651539e+03 
       6.796729086234e-03       1.172276681369e+03 
       6.926786828089e-03       1.184494613254e+03 
       7.056954644300e-03       1.196431338344e+03 
       7.187227351743e-03       1.208090219199e+03 
       7.317600129859e-03       1.219474696030e+03 
       7.448068491705e-03       1.230588426589e+03 
       7.578628257697e-03       1.241435166951e+03 
       7.709275531791e-03       1.252017932533e+03 
       7.840006679834e-03       1.262341157161e+03 
       7.970818309857e-03       1.272407985463e+03 
       8.101707254141e-03       1.282221427724e+03 
       8.232670552846e-03       1.291785753756e+03 
       8.363705439076e-03       1.301104294363e+03 
       8.494809325229e-03       1.310179641050e+03 
       8.625979790500e-03       1.319015983060e+03 
       8.757214569446e-03       1.327616684729e+03 
       8.888511541496e-03       1.335984946127e+03 
       9.019868721331e-03       1.344123842497e+03 
       9.151284250039e-03       1.352037111854e+03 
       9.282756386994e-03       1.359727523942e+03 
       9.414283502372e-03       1.367198590650e+03 
       9.545864070270e-03       1.374453105878e+03 
       9.677496662351e-03       1.381494333122e+03 
       9.809179941995e-03       1.388327214884e+03 
       9.940912658886e-03       1.394951809762e+03 
       1.007269364402e-02       1.401371651992e+03 
       1.020452180510e-02       1.407590200704e+03 
       1.033639612222e-02       1.413610085298e+03 
       1.046831564399e-02       1.419434664814e+03 
       1.060027948378e-02       1.425065723606e+03 
       1.073228681639e-02       1.430506869757e+03 
       1.086433687490e-02       1.435760635412e+03 
       1.099642894770e-02       1.440829559816e+03 
       1.112856237583e-02       1.445716515745e+03 
       1.126073655044e-02       1.450423637673e+03 
       1.139295091047e-02       1.454954370641e+03 
       1.152520494046e-02       1.459310422638e+03 
       1.165749816853e-02       1.463494027598e+03 
       1.178983016452e-02       1.467509032798e+03 
       1.192220053825e-02       1.471356369605e+03 
       1.205460893787e-02       1.475038860875e+03 
       1.218705504840e-02       1.478559353629e+03 
       1.231953859028e-02       1.481920279820e+03 
       1.245205931810e-02       1.485122078810e+03 
       1.258461701939e-02       1.488169462792e+03 
       1.271721151347e-02       1.491063157191e+03 
       1.284984265044e-02       1.493805735777e+03 
       1.298251031021e-02       1.496398536802e+03 
       1.311521440158e-02       1.498845494970e+03 
       1.324795486143e-02       1.501147616621e+03 
       1.338073165393e-02       1.503306703411e+03 
       1.351354476986e-02       1.505325706107e+03 
       1.364639422595e-02       1.507206154746e+03 
       1.377928006424e-02       1.508949870410e+03 
       1.391220235156e-02       1.510559120112e+03 
       1.404516117903e-02       1.512036043387e+03 
       1.417815666155e-02       1.513382746161e+03 
       1.431118893742e-02       1.514599823825e+03 
       1.444425816794e-02       1.515691234834e+03 
       1.457736453706e-02       1.516656848291e+03 
       1.471050825103e-02       1.517499816300e+03 
       1.484368953822e-02       1.518221015525e+03 
       1.497690864875e-02       1.518823189355e+03 
       1.511016585436e-02       1.519307075792e+03 
       1.524346144820e-02       1.519675731944e+03 
       1.537679574464e-02       1.519930123555e+03 
       1.551016907917e-02       1.520072037338e+03 
       1.564358180828e-02       1.520103639335e+03 
       1.577703430938e-02       1.520026034988e+03 
       1.591052698073e-02       1.519841334846e+03 
       1.604406024142e-02       1.519551193524e+03 
       1.617763453133e-02       1.519157248000e+03 
       1.631125031118e-02       1.518660745540e+03 
       1.644490806251e-02       1.518063721652e+03 
       1.657860828775e-02       1.517367819058e+03 
       1.671235151029e-02       1.516574591943e+03 
       1.684613827459e-02       1.515685665556e+03 
       1.697996914622e-02       1.514701282243e+03 
       1.711384471207e-02       1.513624261876e+03 
       1.724776558040e-02       1.512457340659e+03 
       1.738173238109e-02       1.511200820805e+03 
       1.751574576578e-02       1.509854725052e+03 
       1.764980640804e-02       1.508422159969e+03 
       1.778391500363e-02       1.506904397627e+03 
       1.791807227070e-02       1.505303061023e+03 
       1.805227895006e-02       1.503618786684e+03 
       1.818653580541e-02       1.501854029395e+03 
       1.832084362365e-02       1.500009035653e+03 
       1.845520321520e-02       1.498086034546e+03 
       1.858961541424e-02       1.496085473479e+03 
       1.872408107911e-02       1.494010052648e+03 
       1.885860109264e-02       1.491860541977e+03 
       1.899317636251e-02       1.489636753963e+03 
       1.912780782161e-02       1.487342438113e+03 
       1.926249642850e-02       1.484976195013e+03 
       1.939724316775e-02       1.482543820519e+03 
       1.953204905044e-02       1.480039441779e+03 
       1.966691511458e-02       1.477472997162e+03 
       1.980184242558e-02       1.474838205611e+03 
       1.993683207674e-02       1.472140519367e+03 
       2.007188518977e-02       1.469380396859e+03 
       2.020700291530e-02       1.466556295358e+03 
       2.034218643342e-02       1.463672418108e+03 
       2.047743695426e-02       1.460729979765e+03 
       2.061275571856e-02       1.457729211224e+03 
       2.074814399829e-02       1.454670936865e+03 
       2.088360309724e-02       1.451556523707e+03 
       2.101913435170e-02       1.448387091836e+03 
       2.115473913110e-02       1.445163633168e+03 
       2.129041883873e-02       1.441890456392e+03 
       2.142617491241e-02       1.438562666234e+03 
       2.156200882525e-02       1.435186155528e+03 
       2.169792208640e-02       1.431759598403e+03 
       2.183391624183e-02       1.428284510342e+03 
       2.196999287514e-02       1.424763180175e+03 
       2.210615360838e-02       1.421193130512e+03 
       2.224240010293e-02       1.417581231332e+03 
       2.237873406036e-02       1.413921981891e+03 
       2.251515722336e-02       1.410220357162e+03 
       2.265167137665e-02       1.406479666513e+03 
       2.278827834800e-02       1.402694773359e+03 
       2.292498000920e-02       1.398869492138e+03 
       2.306177827707e-02       1.395006833716e+03 
       2.319867511457e-02       1.391104141652e+03 
       2.333567253186e-02       1.387165644113e+03 
       2.347277258747e-02       1.383189071469e+03 
       2.360997738941e-02       1.379178863352e+03 
       2.374728909641e-02       1.375132784150e+03 
       2.388470991917e-02       1.371055933486e+03 
       2.402224212160e-02       1.366945127497e+03 
       2.415988802217e-02       1.362802031952e+03 
       2.429764999526e-02       1.358625801070e+03 
       2.443553047256e-02       1.354422427225e+03 
       2.457353194453e-02       1.350191370146e+03 
       2.471165696187e-02       1.345930010216e+03 
       2.484990813710e-02       1.341641297130e+03 
       2.498828814611e-02       1.337327262477e+03 
       2.512679972984e-02       1.332985127989e+03 
       2.526544569592e-02       1.328619921157e+03 
       2.540422892050e-02       1.324231538751e+03 
       2.554315234997e-02       1.319818274075e+03 
       2.568221900292e-02       1.315381823087e+03 
       2.582143197196e-02       1.310923005964e+03 
       2.596079442580e-02       1.306444422724e+03 
       2.610030961129e-02       1.301946217159e+03 
       2.623998085549e-02       1.297430843417e+03 
       2.637981156794e-02       1.292892115732e+03 
       2.651980524290e-02       1.288337921515e+03 
       2.665996546168e-02       1.283764309717e+03 
       2.680029589511e-02       1.279176539638e+03 
       2.694080030602e-02       1.274569909587e+03 
       2.708148255186e-02       1.269950648792e+03 
       2.722234658737e-02       1.265316724977e+03 
       2.736339646738e-02       1.260666602552e+03 
       2.750463634970e-02       1.256001876936e+03 
       2.764607049807e-02       1.251328940670e+03 
       2.778770328530e-02       1.246639157729e+03 
       2.792953919641e-02       1.241944171322e+03 
       2.807158283200e-02       1.237232952516e+03 
       2.821383891169e-02       1.232511092593e+03 
       2.835631227763e-02       1.227780288855e+03 
       2.849900789825e-02       1.223041410543e+03 
       2.864193087208e-02       1.218295568423e+03 
       2.878508643170e-02       1.213536774493e+03 
       2.892847994792e-02       1.208774211781e+03 
       2.907211693401e-02       1.204001072078e+03 
       2.921600305018e-02       1.199229032294e+03 
       2.936014410820e-02       1.194442710391e+03 
       2.950454607619e-02       1.189654118668e+03 
       2.964921508358e-02       1.184859429627e+03 
       2.979415742637e-02       1.180063174684e+03 
       2.993937957245e-02       1.175259945937e+03 
       3.008488816723e-02       1.170453150932e+03 
       3.023069003948e-02       1.165643224852e+03 
       3.037679220740e-02       1.160830221247e+03 
       3.052320188494e-02       1.156014665360e+03 
       3.066992648838e-02       1.151198492915e+03 
       3.081697364318e-02       1.146382316710e+03 
       3.096435119115e-02       1.141558804454e+03 
       3.111206719787e-02       1.136737103782e+03 
       3.126012996051e-02       1.131916784409e+03 
       3.140854801586e-02       1.127099233409e+03 
       3.155733014887e-02       1.122277510686e+03 
       3.170648540141e-02       1.117456953432e+03 
       3.185602308155e-02       1.112638076027e+03 
       3.200595277315e-02       1.107824127545e+03 
       3.215628434598e-02       1.103006969449e+03 
       3.230702796621e-02       1.098194407127e+03 
       3.245819410741e-02       1.093383865665e+03 
       3.260979356215e-02       1.088572082985e+03 
       3.276183745398e-02       1.083767288457e+03 
       3.291433725013e-02       1.078966374055e+03 
       3.306730477471e-02       1.074166742339e+03 
       3.322075222260e-02       1.069367795073e+03 
       3.337469217403e-02       1.064577789393e+03 
       3.352913760980e-02       1.059794020542e+03 
       3.368410192736e-02       1.055009677782e+03 
       3.383959895760e-02       1.050231757562e+03 
       3.399564298254e-02       1.045458876648e+03 
       3.415224875396e-02       1.040689681266e+03 
       3.430943151287e-02       1.035929078745e+03 
       3.446720701016e-02       1.031168418536e+03 
       3.462559152820e-02       1.026419085259e+03 
       3.478460190367e-02       1.021672207681e+03 
       3.494425555159e-02       1.016933130856e+03 
       3.510457049068e-02       1.012197806302e+03 
       3.526556537007e-02       1.007474215272e+03 
       3.542725949757e-02       1.002752297208e+03 
       3.558967286947e-02       9.980375236404e+02 
       3.575282620204e-02       9.933279578853e+02 
       3.591674096486e-02       9.886269569700e+02 
       3.608143941613e-02       9.839331847091e+02 
       3.624694463996e-02       9.792456809459e+02 
       3.641328058594e-02       9.745672596282e+02 
       3.658047211114e-02       9.698940260024e+02 
       3.674854502456e-02       9.652294194681e+02 
       3.691752613441e-02       9.605691440119e+02 
       3.708744329831e-02       9.559168763114e+02 
       3.725832547669e-02       9.512714984951e+02 
       3.743020278953e-02       9.466341239504e+02 
       3.760310657689e-02       9.420030178913e+02 
       3.777706946333e-02       9.373836633703e+02 
       3.795212542663e-02       9.327652687936e+02 
       3.812830987117e-02       9.281563707933e+02 
       3.830565970624e-02       9.235544240860e+02 
       3.848421342989e-02       9.189622813697e+02 
       3.866401121852e-02       9.143745656680e+02 
       3.884509502293e-02       9.097914619931e+02 
       3.902750867120e-02       9.052199453503e+02 
       3.921129797920e-02       9.006535977540e+02 
       3.939651086917e-02       8.960908168451e+02 
       3.958319749728e-02       8.915352177291e+02 
       3.977141039084e-02       8.869881709556e+02 
       3.996120459624e-02       8.824467067330e+02 
       4.015263783837e-02       8.779108851420e+02 
       4.034577069283e-02       8.733786574400e+02 
       4.054066677207e-02       8.688544535848e+02 
       4.073739292676e-02       8.643326664135e+02 
       4.093601946408e-02       8.598178434335e+02 
       4.113662038441e-02       8.553101853744e+02 
       4.133927363850e-02       8.508052604144e+02 
       4.154406140720e-02       8.463012369141e+02 
       4.175107040600e-02       8.418127113771e+02 
       4.196039221729e-02       8.373104164252e+02 
       4.217212365321e-02       8.328199212629e+02 
       4.238636715250e-02       8.283309778560e+02 
       4.260323121533e-02       8.238418936104e+02 
       4.282283088035e-02       8.193609638500e+02 
       4.304528824899e-02       8.148743275498e+02 
       4.327073306268e-02       8.103935756437e+02 
       4.349930333937e-02       8.059137282678e+02 
       4.373114607684e-02       8.014295789728e+02 
       4.396641803108e-02       7.969465360792e+02 
       4.420528657961e-02       7.924625005246e+02 
       4.444793068082e-02       7.879752402180e+02 
       4.469454194227e-02       7.834852706712e+02 
       4.494532581288e-02       7.789898278276e+02 
       4.520050291638e-02       7.744930926997e+02 
       4.546031054620e-02       7.699875301192e+02 
       4.572500434546e-02       7.654762574450e+02 
       4.599486019958e-02       7.609551475306e+02 
       4.627017637418e-02       7.564260600799e+02 
       4.655127593643e-02       7.518872996219e+02 
       4.683850950528e-02       7.473389136582e+02 
       4.713225838436e-02       7.427746260121e+02 
       4.743293814168e-02       7.381965055252e+02 
       4.774100271297e-02       7.336020358725e+02 
       4.805694912064e-02       7.289885853746e+02 
       4.838132291952e-02       7.243561072763e+02 
       4.871472450393e-02       7.197029155745e+02 
       4.905781643925e-02       7.150200147147e+02 
       4.941133201783e-02       7.103128264227e+02 
       4.977608528353e-02       7.055737966751e+02 
       5.015298282618e-02       7.008019351857e+02 
       5.054303771845e-02       6.959907543236e+02 
       5.094738605757e-02       6.911374071732e+02 
       5.136730668884e-02       6.862394870043e+02 
       5.180424483333e-02       6.812906218805e+02 
       5.225984052739e-02       6.762820723917e+02 
       5.273596301788e-02       6.712107049641e+02 
       5.323475255774e-02       6.660649909028e+02 
       5.375867142783e-02       6.608369615989e+02 
       5.431056648953e-02       6.555145081771e+02 
       5.489374616450e-02       6.500861051575e+02 
       5.551207544878e-02       6.445360321789e+02 
       5.617009337762e-02       6.388427029012e+02 
       5.687315818582e-02       6.329823737376e+02 
       5.762762604582e-02       6.269236160960e+02 
       5.844106924229e-02       6.206297562632e+02 
       5.932253797381e-02       6.140496241290e+02 
       6.028286471725e-02       6.071178231931e+02 
       6.133499760901e-02       5.997488179462e+02 
       6.249432323971e-02       5.918285994023e+02 
       6.377888977286e-02       5.832056529367e+02 
       6.520935658723e-02       5.736767026592e+02 
       6.680837282307e-02       5.629777708171e+02 
       6.859895815143e-02       5.507785050199e+02 
       7.060145446358e-02       5.366899902808e+02 
       7.282900509302e-02       5.203151239043e+02 
       7.528254764851e-02       5.013430304868e+02 
       7.794763165265e-02       4.796859468922e+02 
       8.079557122545e-02       4.556013924502e+02 
       8.378925639194e-02       4.297287363113e+02 
       8.689081350409e-02       4.030039828233e+02 
       9.006747864852e-02       3.764947747359e+02 
       9.329408122598e-02       3.512124462835e+02 
       9.655282505597e-02       3.279817532136e+02 
       9.983181243343e-02       3.073623831923e+02 
       1.031233738652e-01       2.896338180526e+02 
       1.064226786357e-01       2.748138246056e+02 
       1.097267276976e-01       2.627042554727e+02 
       1.130336756109e-01       2.529418682666e+02 
       1.163423928821e-01       2.450524799764e+02 
       1.196521903954e-01       2.385014342847e+02 
       1.229626484529e-01       2.327422646167e+02 
       1.262735116499e-01       2.272642656786e+02 
       1.295846245788e-01       2.216349898133e+02 
       1.328958926300e-01       2.155342828660e+02 
       1.362072581392e-01       2.087761266200e+02 
       1.395186858906e-01       2.013141762701e+02 
       1.428301543108e-01       1.932290746705e+02 
       1.461416501217e-01       1.847020637462e+02 
       1.494531650939e-01       1.759788731503e+02 
       1.527646940752e-01       1.673308594954e+02 
       1.560762337931e-01       1.590196472600e+02 
       1.593877821275e-01       1.512682434617e+02 
       1.626993376673e-01       1.442428555386e+02 
       1.660108994417e-01       1.380419402037e+02 
       1.693224667555e-01       1.326964110847e+02 
       1.726340390885e-01       1.281742126437e+02 
       1.759456160339e-01       1.243906333826e+02 
       1.792571972603e-01       1.212214233749e+02 
       1.825687824880e-01       1.185168205930e+02 
       1.858803714740e-01       1.161168660304e+02 
       1.891919640029e-01       1.138837194480e+02 
       1.925035598800e-01       1.116710044858e+02 
       1.958151589280e-01       1.093497433813e+02 
       1.991267609837e-01       1.068388676888e+02 
       2.024383658960e-01       1.040986075944e+02 
       2.057499735245e-01       1.011316980751e+02 
       2.090615837384e-01       9.797854241070e+01 
       2.123731964151e-01       9.470612728860e+01 
       2.156848114401e-01       9.139502893297e+01 
       2.189964287058e-01       8.812778839298e+01 
       2.223080481113e-01       8.497886913889e+01 
       2.256196695617e-01       8.200915595721e+01 
       2.289312929674e-01       7.926326313100e+01 
       2.322429182442e-01       7.676932048285e+01 
       2.355545453127e-01       7.453774924799e+01 
       2.388661740978e-01       7.256327317979e+01 
       2.421778045285e-01       7.082467280540e+01 
       2.454894365379e-01       6.928686070290e+01 
       2.488010700625e-01       6.790526041693e+01 
       2.521127050422e-01       6.663034817014e+01 
       2.554243414200e-01       6.541329685861e+01 
       2.587359791419e-01       6.421080906970e+01 
       2.620476181567e-01       6.298914272146e+01 
       2.653592584155e-01       6.172529104864e+01 
       2.686708998722e-01       6.040737163189e+01 
       2.719825424828e-01       5.903381883022e+01 
       2.752941862052e-01       5.761151912578e+01 
       2.786058309997e-01       5.615546409206e+01 
       2.819174768282e-01       5.468608605607e+01 
       2.852291236545e-01       5.322777872706e+01 
       2.885407714441e-01       5.180537945218e+01 
       2.918524201640e-01       5.044154980461e+01 
       2.951640697827e-01       4.915383842838e+01 
       2.984757202702e-01       4.795305590961e+01 
       3.017873715976e-01       4.684306414250e+01 
       3.050990237374e-01       4.582114964933e+01 
       3.084106766634e-01       4.487993848779e+01 
       3.117223303504e-01       4.400878831481e+01 
       3.150339847742e-01       4.319511720719e+01 
       3.183456399118e-01       4.242547394739e+01 
       3.216572957409e-01       4.168614455564e+01 
       3.249689522404e-01       4.096388327497e+01 
       3.282806093897e-01       4.024704641712e+01 
       3.315922671695e-01       3.952658607146e+01 
       3.349039255608e-01       3.879693416882e+01 
       3.382155845457e-01       3.805648163984e+01 
       3.415272441067e-01       3.730706734215e+01 
       3.448389042272e-01       3.655333876346e+01 
       3.481505648911e-01       3.580143069303e+01 
       3.514622260831e-01       3.505792920374e+01 
       3.547738877882e-01       3.432921588068e+01 
       3.580855499922e-01       3.362097030741e+01 
       3.613972126813e-01       3.293794513936e+01 
       3.647088758422e-01       3.228410438443e+01 
       3.680205394621e-01       3.166195689448e+01 
       3.713322035287e-01       3.107224044982e+01 
       3.746438680301e-01       3.051409028808e+01 
       3.779555329547e-01       2.998457104727e+01 
       3.812671982916e-01       2.947949496412e+01 
       3.845788640301e-01       2.899399915146e+01 
       3.878905301597e-01       2.852332817097e+01 
       3.912021966706e-01       2.806336350148e+01 
       3.945138635530e-01       2.761095991055e+01 
       3.978255307977e-01       2.716382554297e+01 
       4.011371983957e-01       2.672044927695e+01 
       4.044488663382e-01       2.627972866429e+01 
       4.077605346168e-01       2.584133987016e+01 
       4.110722032234e-01       2.540551700123e+01 
       4.143838721501e-01       2.497329189401e+01 
       4.176955413892e-01       2.454624731197e+01 
       4.210072109333e-01       2.412642983387e+01 
       4.243188807752e-01       2.371577110041e+01 
       4.276305509081e-01       2.331584183821e+01 
       4.309422213251e-01       2.292762192052e+01 
       4.342538920198e-01       2.255150466906e+01 
       4.375655629858e-01       2.218743382801e+01 
       4.408772342170e-01       2.183521803043e+01 
       4.441889057074e-01       2.149448883782e+01 
       4.475005774513e-01       2.116477907303e+01 
       4.508122494430e-01       2.084537838686e+01 
       4.541239216771e-01       2.053530448609e+01 
       4.574355941484e-01       2.023325991327e+01 
       4.607472668516e-01       1.993778989156e+01 
       4.640589397819e-01       1.964757830215e+01 
       4.673706129343e-01       1.936159325770e+01 
       4.706822863041e-01       1.907928006945e+01 
       4.739939598869e-01       1.880041887619e+01 
       4.773056336780e-01       1.852506618747e+01 
       4.806173076733e-01       1.825332886688e+01 
       4.839289818685e-01       1.798533857067e+01 
       4.872406562596e-01       1.772129746769e+01 
       4.905523308424e-01       1.746148281903e+01 
       4.938640056133e-01       1.720631258231e+01 
       4.971756805683e-01       1.695631970879e+01 
       5.004873557039e-01       1.671217914949e+01 
       5.037990310164e-01       1.647419114948e+01 
       5.071107065024e-01       1.624245752892e+01 
       5.104223821585e-01       1.601695250740e+01 
       5.137340579814e-01       1.579711661208e+01 
       5.170457339678e-01       1.558247372538e+01 
       5.203574101147e-01       1.537257865092e+01 
       5.236690864190e-01       1.516702267515e+01 
       5.269807628778e-01       1.496553713119e+01 
       5.302924394880e-01       1.476784106168e+01 
       5.336041162469e-01       1.457362342490e+01 
       5.369157931517e-01       1.438251443591e+01 
       5.402274701998e-01       1.419417290123e+01 
       5.435391473885e-01       1.400835779782e+01 
       5.468508247152e-01       1.382511186555e+01 
       5.501625021775e-01       1.364450127789e+01 
       5.534741797728e-01       1.346679349159e+01 
       5.567858574989e-01       1.329215508896e+01 
       5.600975353534e-01       1.312069916966e+01 
       5.634092133340e-01       1.295241794125e+01 
       5.667208914385e-01       1.278722836275e+01 
       5.700325696648e-01       1.262505125374e+01 
       5.733442480106e-01       1.246586495443e+01 
       5.766559264741e-01       1.230971938637e+01 
       5.799676050531e-01       1.215667170469e+01 
       5.832792837456e-01       1.200671371311e+01 
       5.865909625498e-01       1.185974346988e+01 
       5.899026414637e-01       1.171553051983e+01 
       5.932143204855e-01       1.157390046584e+01 
       5.965259996135e-01       1.143457548202e+01 
       5.998376788458e-01       1.129744827446e+01 
       6.031493581807e-01       1.116249190684e+01 
       6.064610376165e-01       1.102971191548e+01 
       6.097727171517e-01       1.089908684839e+01 
       6.130843967845e-01       1.077054196642e+01 
       6.163960765134e-01       1.064396838336e+01 
       6.197077563368e-01       1.051923378008e+01 
       6.230194362533e-01       1.039627892407e+01 
       6.263311162613e-01       1.027510801676e+01 
       6.296427963595e-01       1.015580967578e+01 
       6.329544765463e-01       1.003847823459e+01 
       6.362661568205e-01       9.923173788272e+00 
       6.395778371805e-01       9.809875180989e+00 
       6.428895176252e-01       9.698500643649e+00 
       6.462011981532e-01       9.588934165310e+00 
       6.495128787633e-01       9.481095282456e+00 
       6.528245594541e-01       9.374953405632e+00 
       6.561362402245e-01       9.270519404339e+00 
       6.594479210732e-01       9.167815844867e+00 
       6.627596019991e-01       9.066825821474e+00 
       6.660712830010e-01       8.967474918675e+00 
       6.693829640778e-01       8.869652100033e+00 
       6.726946452283e-01       8.773239547850e+00 
       6.760063264516e-01       8.678155938777e+00 
       6.793180077465e-01       8.584391093363e+00 
       6.826296891120e-01       8.491963200897e+00 
       6.859413705470e-01       8.400948370805e+00 
       6.892530520506e-01       8.311322906841e+00 
       6.925647336217e-01       8.223060104685e+00 
       6.958764152595e-01       8.136080015747e+00 
       6.991880969629e-01       8.050321700488e+00 
       7.024997787310e-01       7.965738053009e+00 
       7.058114605629e-01       7.882333967535e+00 
       7.091231424578e-01       7.800163889847e+00 
       7.124348244147e-01       7.719250926337e+00 
       7.157465064327e-01       7.639595900093e+00 
       7.190581885111e-01       7.561175849384e+00 
       7.223698706489e-01       7.483905390247e+00 
       7.256815528454e-01       7.407705121589e+00 
       7.289932350998e-01       7.332538058404e+00 
       7.323049174113e-01       7.258388056151e+00 
       7.356165997791e-01       7.185295356598e+00 
       7.389282822025e-01       7.113265290185e+00 
       7.422399646806e-01       7.042298642118e+00 
       7.455516472128e-01       6.972353321481e+00 
       7.488633297984e-01       6.903358023912e+00 
       7.521750124367e-01       6.835249021746e+00 
       7.554866951269e-01       6.768006996978e+00 
       8.198102721918e-01       5.626923035039e+00 
       9.096865378917e-01       4.438277904885e+00 
       1.048113480481e+00       3.200390167183e+00 
       1.272309008191e+00       2.032139120495e+00 
       1.594812285659e+00       1.186133901477e+00 
       2.007541292717e+00       6.791945821106e-01 
       2.527343447222e+00       3.856016540153e-01 
       3.181736888759e+00       2.172782940089e-01 
       4.005569422901e+00       1.215931513677e-01 
       5.042713135196e+00       6.762128138202e-02 
       6.348399710287e+00       3.739101966072e-02 
       7.992161719507e+00       2.056724276961e-02 
       1.006153548386e+01       1.125837829101e-02 
       1.266672270229e+01       6.135280803970e-03 
       1.594645909407e+01       3.329493459429e-03 
       2.007540258166e+01       1.799863756448e-03 
       2.527343446205e+01       9.694121823149e-04 
       3.181736888759e+01       5.202998179626e-04 
       4.005569422901e+01       2.783160150927e-04 
       5.042713135196e+01       1.483709359179e-04 
       6.348399710287e+01       7.882053064105e-05 
       7.992161719507e+01       4.171448630406e-05 
       1.006153548386e+02       2.198032507017e-05 
       1.266672270229e+02       1.152005166102e-05 
       1.594645909407e+02       5.996449455484e-06 
       2.007540258166e+02       3.092704957058e-06 
       2.527343446205e+02       1.575460336653e-06 
       3.181736888759e+02       7.895829853183e-07 
       4.005569422901e+02       3.878348401323e-07 
       5.042713135196e+02       1.864492519080e-07 
       6.348399710287e+02       8.807107367031e-08 
       7.992161719507e+02       4.126136973861e-08 
       1.006153548386e+03       1.932622187645e-08 
