# Matter power spectrum P(k) at redshift z=3.5
# for k=1.04575e-05 to 1006.15 h/Mpc,
# number of wavenumbers equal to 625
#    1:k (h/Mpc)              2:P (Mpc/h)^3        
       1.045749810485e-05       3.582606390713e+00 
       2.373043761528e-05       8.021183398087e+00 
       3.705205197341e-05       1.242569706149e+01 
       5.046040160262e-05       1.682593593745e+01 
       6.399420676399e-05       2.124220558007e+01 
       7.769321405898e-05       2.569165580327e+01 
       9.159857522556e-05       3.019018003936e+01 
       1.057532435558e-04       3.475325672511e+01 
       1.202023933008e-04       3.939642697295e+01 
       1.349938674647e-04       4.413561992431e+01 
       1.501786593808e-04       4.898740907820e+01 
       1.658114333596e-04       5.396923635759e+01 
       1.819510894196e-04       5.909962283920e+01 
       1.986613765579e-04       6.439837659589e+01 
       2.160115580438e-04       6.988680306674e+01 
       2.340771306401e-04       7.558792116445e+01 
       2.529405972213e-04       8.152668575645e+01 
       2.726922886571e-04       8.773021585885e+01 
       2.934312256600e-04       9.422802433377e+01 
       3.152660040981e-04       1.010522432839e+02 
       3.383156775180e-04       1.082378357327e+02 
       3.627105977775e-04       1.158227788552e+02 
       3.885931583209e-04       1.238481999156e+02 
       4.161183645581e-04       1.323584391272e+02 
       4.454541324261e-04       1.414010062564e+02 
       4.767811907995e-04       1.510263917440e+02 
       5.102924387431e-04       1.612876841839e+02 
       5.461915893473e-04       1.722399442773e+02 
       5.846909251320e-04       1.839392852289e+02 
       6.260080050474e-04       1.964416182669e+02 
       6.703612104985e-04       2.098010408056e+02 
       7.179641068864e-04       2.240678801493e+02 
       7.690187318622e-04       2.392864514889e+02 
       8.237080952403e-04       2.554926498679e+02 
       8.821883665213e-04       2.727115528418e+02 
       9.445813962622e-04       2.909552570257e+02 
       1.010968318642e-03       3.102212073511e+02 
       1.081384969221e-03       3.304912336202e+02 
       1.155819700313e-03       3.517314603652e+02 
       1.234213899658e-03       3.738931435532e+02 
       1.316465168833e-03       3.969143533218e+02 
       1.402432774394e-03       4.207223252339e+02 
       1.491944724558e-03       4.452362289967e+02 
       1.584805697329e-03       4.703700509212e+02 
       1.680805061300e-03       4.960353460580e+02 
       1.779724358910e-03       5.221436966093e+02 
       1.881343813733e-03       5.486087288509e+02 
       1.985447627100e-03       5.753476611931e+02 
       2.091828006459e-03       6.022824352628e+02 
       2.200287998256e-03       6.293404316399e+02 
       2.310643277916e-03       6.564540205294e+02 
       2.422723085604e-03       6.835631820845e+02 
       2.536370500476e-03       7.106132756425e+02 
       2.651442230081e-03       7.375553553331e+02 
       2.767808065318e-03       7.643458961491e+02 
       2.885350122018e-03       7.909466739653e+02 
       3.003961962113e-03       8.173240405212e+02 
       3.123547662764e-03       8.434487472116e+02 
       3.244020881646e-03       8.692953764233e+02 
       3.365303950641e-03       8.948419533998e+02 
       3.487327018288e-03       9.200695844729e+02 
       3.610027252458e-03       9.449620898740e+02 
       3.733348108622e-03       9.695058814352e+02 
       3.857238664757e-03       9.936893688252e+02 
       3.981653021215e-03       1.017502965771e+03 
       4.106549762154e-03       1.040938996617e+03 
       4.231891474164e-03       1.063991040420e+03 
       4.357644317282e-03       1.086654511447e+03 
       4.483777643502e-03       1.108925585954e+03 
       4.610263657980e-03       1.130802011698e+03 
       4.737077118433e-03       1.152282041117e+03 
       4.864195068510e-03       1.173365045691e+03 
       4.991596601329e-03       1.194051210772e+03 
       5.119262649698e-03       1.214340942847e+03 
       5.247175799933e-03       1.234235804293e+03 
       5.375320126495e-03       1.253737204898e+03 
       5.503681045008e-03       1.272847406215e+03 
       5.632245181484e-03       1.291569274225e+03 
       5.761000255846e-03       1.309905419797e+03 
       5.889934978076e-03       1.327859072519e+03 
       6.019038955502e-03       1.345433648085e+03 
       6.148302609931e-03       1.362632636888e+03 
       6.277717103485e-03       1.379460037568e+03 
       6.407274272154e-03       1.395920012480e+03 
       6.536966566162e-03       1.412016011213e+03 
       6.666786996400e-03       1.427752564008e+03 
       6.796729086234e-03       1.443133745040e+03 
       6.926786828089e-03       1.458163868222e+03 
       7.056954644300e-03       1.472847723633e+03 
       7.187227351743e-03       1.487189464411e+03 
       7.317600129859e-03       1.501193334838e+03 
       7.448068491705e-03       1.514863849991e+03 
       7.578628257697e-03       1.528205631981e+03 
       7.709275531791e-03       1.541222397504e+03 
       7.840006679834e-03       1.553919608304e+03 
       7.970818309857e-03       1.566301140229e+03 
       8.101707254141e-03       1.578370703654e+03 
       8.232670552846e-03       1.590133565976e+03 
       8.363705439076e-03       1.601593831552e+03 
       8.494809325229e-03       1.612754702739e+03 
       8.625979790500e-03       1.623621345668e+03 
       8.757214569446e-03       1.634197905387e+03 
       8.888511541496e-03       1.644488326548e+03 
       9.019868721331e-03       1.654496393696e+03 
       9.151284250039e-03       1.664226617565e+03 
       9.282756386994e-03       1.673684584231e+03 
       9.414283502372e-03       1.682871618639e+03 
       9.545864070270e-03       1.691791488007e+03 
       9.677496662351e-03       1.700448801059e+03 
       9.809179941995e-03       1.708847530520e+03 
       9.940912658886e-03       1.716990801616e+03 
       1.007269364402e-02       1.724882689887e+03 
       1.020452180510e-02       1.732526843456e+03 
       1.033639612222e-02       1.739926477358e+03 
       1.046831564399e-02       1.747085732979e+03 
       1.060027948378e-02       1.754006808883e+03 
       1.073228681639e-02       1.760694144921e+03 
       1.086433687490e-02       1.767150864129e+03 
       1.099642894770e-02       1.773380094315e+03 
       1.112856237583e-02       1.779385375673e+03 
       1.126073655044e-02       1.785169339237e+03 
       1.139295091047e-02       1.790736226023e+03 
       1.152520494046e-02       1.796088139789e+03 
       1.165749816853e-02       1.801227832428e+03 
       1.178983016452e-02       1.806160038892e+03 
       1.192220053825e-02       1.810885905945e+03 
       1.205460893787e-02       1.815408907411e+03 
       1.218705504840e-02       1.819732546458e+03 
       1.231953859028e-02       1.823859815416e+03 
       1.245205931810e-02       1.827791254310e+03 
       1.258461701939e-02       1.831532662984e+03 
       1.271721151347e-02       1.835084934235e+03 
       1.284984265044e-02       1.838451236570e+03 
       1.298251031021e-02       1.841633218835e+03 
       1.311521440158e-02       1.844635726416e+03 
       1.324795486143e-02       1.847459999454e+03 
       1.338073165393e-02       1.850108260220e+03 
       1.351354476986e-02       1.852584143236e+03 
       1.364639422595e-02       1.854889535463e+03 
       1.377928006424e-02       1.857026687399e+03 
       1.391220235156e-02       1.858998412949e+03 
       1.404516117903e-02       1.860807294090e+03 
       1.417815666155e-02       1.862455916630e+03 
       1.431118893742e-02       1.863945018862e+03 
       1.444425816794e-02       1.865279499829e+03 
       1.457736453706e-02       1.866459195679e+03 
       1.471050825103e-02       1.867487987746e+03 
       1.484368953822e-02       1.868366954246e+03 
       1.497690864875e-02       1.869099473372e+03 
       1.511016585436e-02       1.869686455550e+03 
       1.524346144820e-02       1.870131663963e+03 
       1.537679574464e-02       1.870436288844e+03 
       1.551016907917e-02       1.870602532609e+03 
       1.564358180828e-02       1.870633060690e+03 
       1.577703430938e-02       1.870529236288e+03 
       1.591052698073e-02       1.870293658601e+03 
       1.604406024142e-02       1.869928364387e+03 
       1.617763453133e-02       1.869435370597e+03 
       1.631125031118e-02       1.868816213543e+03 
       1.644490806251e-02       1.868073398967e+03 
       1.657860828775e-02       1.867208950246e+03 
       1.671235151029e-02       1.866224780376e+03 
       1.684613827459e-02       1.865122891112e+03 
       1.697996914622e-02       1.863903581517e+03 
       1.711384471207e-02       1.862570322094e+03 
       1.724776558040e-02       1.861126481715e+03 
       1.738173238109e-02       1.859572431827e+03 
       1.751574576578e-02       1.857908200801e+03 
       1.764980640804e-02       1.856137613386e+03 
       1.778391500363e-02       1.854262234521e+03 
       1.791807227070e-02       1.852284060165e+03 
       1.805227895006e-02       1.850203877381e+03 
       1.818653580541e-02       1.848024703851e+03 
       1.832084362365e-02       1.845746846025e+03 
       1.845520321520e-02       1.843373044464e+03 
       1.858961541424e-02       1.840903849768e+03 
       1.872408107911e-02       1.838342588051e+03 
       1.885860109264e-02       1.835690203112e+03 
       1.899317636251e-02       1.832946466710e+03 
       1.912780782161e-02       1.830115992336e+03 
       1.926249642850e-02       1.827197057456e+03 
       1.939724316775e-02       1.824196795766e+03 
       1.953204905044e-02       1.821107978063e+03 
       1.966691511458e-02       1.817942839443e+03 
       1.980184242558e-02       1.814693646813e+03 
       1.993683207674e-02       1.811367109476e+03 
       2.007188518977e-02       1.807963794327e+03 
       2.020700291530e-02       1.804481805272e+03 
       2.034218643342e-02       1.800926312222e+03 
       2.047743695426e-02       1.797298811234e+03 
       2.061275571856e-02       1.793599587112e+03 
       2.074814399829e-02       1.789829654017e+03 
       2.088360309724e-02       1.785990699197e+03 
       2.101913435170e-02       1.782084101494e+03 
       2.115473913110e-02       1.778111076706e+03 
       2.129041883873e-02       1.774076934466e+03 
       2.142617491241e-02       1.769975650001e+03 
       2.156200882525e-02       1.765814478304e+03 
       2.169792208640e-02       1.761591782053e+03 
       2.183391624183e-02       1.757309437668e+03 
       2.196999287514e-02       1.752970254170e+03 
       2.210615360838e-02       1.748571185708e+03 
       2.224240010293e-02       1.744120692220e+03 
       2.237873406036e-02       1.739612006879e+03 
       2.251515722336e-02       1.735051243543e+03 
       2.265167137665e-02       1.730442484656e+03 
       2.278827834800e-02       1.725779411522e+03 
       2.292498000920e-02       1.721066709737e+03 
       2.306177827707e-02       1.716308097553e+03 
       2.319867511457e-02       1.711500297477e+03 
       2.333567253186e-02       1.706648514133e+03 
       2.347277258747e-02       1.701749961954e+03 
       2.360997738941e-02       1.696810104758e+03 
       2.374728909641e-02       1.691826182199e+03 
       2.388470991917e-02       1.686804480832e+03 
       2.402224212160e-02       1.681741078961e+03 
       2.415988802217e-02       1.676638027800e+03 
       2.429764999526e-02       1.671494288232e+03 
       2.443553047256e-02       1.666317236294e+03 
       2.457353194453e-02       1.661106196914e+03 
       2.471165696187e-02       1.655857951963e+03 
       2.484990813710e-02       1.650576141379e+03 
       2.498828814611e-02       1.645263250602e+03 
       2.512679972984e-02       1.639915860171e+03 
       2.526544569592e-02       1.634540170503e+03 
       2.540422892050e-02       1.629136038301e+03 
       2.554315234997e-02       1.623701373894e+03 
       2.568221900292e-02       1.618238264514e+03 
       2.582143197196e-02       1.612747709011e+03 
       2.596079442580e-02       1.607232907689e+03 
       2.610030961129e-02       1.601694041912e+03 
       2.623998085549e-02       1.596134125664e+03 
       2.637981156794e-02       1.590545547704e+03 
       2.651980524290e-02       1.584938013734e+03 
       2.665996546168e-02       1.579306658611e+03 
       2.680029589511e-02       1.573657954281e+03 
       2.694080030602e-02       1.567986113785e+03 
       2.708148255186e-02       1.562298793334e+03 
       2.722234658737e-02       1.556593507404e+03 
       2.736339646738e-02       1.550868351867e+03 
       2.750463634970e-02       1.545125292423e+03 
       2.764607049807e-02       1.539372185429e+03 
       2.778770328530e-02       1.533598417616e+03 
       2.792953919641e-02       1.527818305498e+03 
       2.807158283200e-02       1.522018277190e+03 
       2.821383891169e-02       1.516205221266e+03 
       2.835631227763e-02       1.510381203805e+03 
       2.849900789825e-02       1.504547309270e+03 
       2.864193087208e-02       1.498704898690e+03 
       2.878508643170e-02       1.492846604638e+03 
       2.892847994792e-02       1.486983729194e+03 
       2.907211693401e-02       1.481107876285e+03 
       2.921600305018e-02       1.475233430687e+03 
       2.936014410820e-02       1.469341456273e+03 
       2.950454607619e-02       1.463446734478e+03 
       2.964921508358e-02       1.457544546465e+03 
       2.979415742637e-02       1.451640480768e+03 
       2.993937957245e-02       1.445727884669e+03 
       3.008488816723e-02       1.439810933788e+03 
       3.023069003948e-02       1.433890168120e+03 
       3.037679220740e-02       1.427965656241e+03 
       3.052320188494e-02       1.422038035268e+03 
       3.066992648838e-02       1.416109707066e+03 
       3.081697364318e-02       1.410181395805e+03 
       3.096435119115e-02       1.404244109608e+03 
       3.111206719787e-02       1.398309080056e+03 
       3.126012996051e-02       1.392375783389e+03 
       3.140854801586e-02       1.386445925898e+03 
       3.155733014887e-02       1.380510969017e+03 
       3.170648540141e-02       1.374577477824e+03 
       3.185602308155e-02       1.368646080084e+03 
       3.200595277315e-02       1.362720783458e+03 
       3.215628434598e-02       1.356791568760e+03 
       3.230702796621e-02       1.350868038178e+03 
       3.245819410741e-02       1.344947025056e+03 
       3.260979356215e-02       1.339024517121e+03 
       3.276183745398e-02       1.333110633476e+03 
       3.291433725013e-02       1.327201543306e+03 
       3.306730477471e-02       1.321294068587e+03 
       3.322075222260e-02       1.315387462803e+03 
       3.337469217403e-02       1.309491879104e+03 
       3.352913760980e-02       1.303603998382e+03 
       3.368410192736e-02       1.297715438163e+03 
       3.383959895760e-02       1.291834805218e+03 
       3.399564298254e-02       1.285960401981e+03 
       3.415224875396e-02       1.280090549861e+03 
       3.430943151287e-02       1.274231296222e+03 
       3.446720701016e-02       1.268372003620e+03 
       3.462559152820e-02       1.262526657397e+03 
       3.478460190367e-02       1.256684363347e+03 
       3.494425555159e-02       1.250851689806e+03 
       3.510457049068e-02       1.245023655241e+03 
       3.526556537007e-02       1.239210077213e+03 
       3.542725949757e-02       1.233398581085e+03 
       3.558967286947e-02       1.227595895014e+03 
       3.575282620204e-02       1.221799640495e+03 
       3.591674096486e-02       1.216013946361e+03 
       3.608143941613e-02       1.210237167042e+03 
       3.624694463996e-02       1.204468122219e+03 
       3.641328058594e-02       1.198710272957e+03 
       3.658047211114e-02       1.192958830839e+03 
       3.674854502456e-02       1.187218020762e+03 
       3.691752613441e-02       1.181482565830e+03 
       3.708744329831e-02       1.175756980585e+03 
       3.725832547669e-02       1.170039897104e+03 
       3.743020278953e-02       1.164332682829e+03 
       3.760310657689e-02       1.158633205685e+03 
       3.777706946333e-02       1.152948206980e+03 
       3.795212542663e-02       1.147264421151e+03 
       3.812830987117e-02       1.141592334940e+03 
       3.830565970624e-02       1.135928827577e+03 
       3.848421342989e-02       1.130277405410e+03 
       3.866401121852e-02       1.124631459892e+03 
       3.884509502293e-02       1.118991217134e+03 
       3.902750867120e-02       1.113365251999e+03 
       3.921129797920e-02       1.107745675856e+03 
       3.939651086917e-02       1.102130520743e+03 
       3.958319749728e-02       1.096524225714e+03 
       3.977141039084e-02       1.090928482957e+03 
       3.996120459624e-02       1.085339637996e+03 
       4.015263783837e-02       1.079757767920e+03 
       4.034577069283e-02       1.074180351967e+03 
       4.054066677207e-02       1.068612840179e+03 
       4.073739292676e-02       1.063048327989e+03 
       4.093601946408e-02       1.057492416697e+03 
       4.113662038441e-02       1.051945355285e+03 
       4.133927363850e-02       1.046401689502e+03 
       4.154406140720e-02       1.040859165408e+03 
       4.175107040600e-02       1.035335740482e+03 
       4.196039221729e-02       1.029795410300e+03 
       4.217212365321e-02       1.024269626758e+03 
       4.238636715250e-02       1.018745787345e+03 
       4.260323121533e-02       1.013221804167e+03 
       4.282283088035e-02       1.007707881579e+03 
       4.304528824899e-02       1.002186969397e+03 
       4.327073306268e-02       9.966733252781e+02 
       4.349930333937e-02       9.911608214730e+02 
       4.373114607684e-02       9.856430526257e+02 
       4.396641803108e-02       9.801266625218e+02 
       4.420528657961e-02       9.746090750175e+02 
       4.444793068082e-02       9.690875415221e+02 
       4.469454194227e-02       9.635626937224e+02 
       4.494532581288e-02       9.580311266928e+02 
       4.520050291638e-02       9.524979801998e+02 
       4.546031054620e-02       9.469539858372e+02 
       4.572500434546e-02       9.414029732539e+02 
       4.599486019958e-02       9.358398635921e+02 
       4.627017637418e-02       9.302669417020e+02 
       4.655127593643e-02       9.246821159350e+02 
       4.683850950528e-02       9.190854429989e+02 
       4.713225838436e-02       9.134692049804e+02 
       4.743293814168e-02       9.078359366009e+02 
       4.774100271297e-02       9.021825428440e+02 
       4.805694912064e-02       8.965057854949e+02 
       4.838132291952e-02       8.908055966406e+02 
       4.871472450393e-02       8.850799025218e+02 
       4.905781643925e-02       8.793176424395e+02 
       4.941133201783e-02       8.735254854358e+02 
       4.977608528353e-02       8.676941278029e+02 
       5.015298282618e-02       8.618223557701e+02 
       5.054303771845e-02       8.559021866843e+02 
       5.094738605757e-02       8.499301175223e+02 
       5.136730668884e-02       8.439031991064e+02 
       5.180424483333e-02       8.378135751926e+02 
       5.225984052739e-02       8.316505106811e+02 
       5.273596301788e-02       8.254101472751e+02 
       5.323475255774e-02       8.190783034474e+02 
       5.375867142783e-02       8.126451723100e+02 
       5.431056648953e-02       8.060958679052e+02 
       5.489374616450e-02       7.994162022180e+02 
       5.551207544878e-02       7.925868379762e+02 
       5.617009337762e-02       7.855812146883e+02 
       5.687315818582e-02       7.783701251020e+02 
       5.762762604582e-02       7.709148928581e+02 
       5.844106924229e-02       7.631703941010e+02 
       5.932253797381e-02       7.550736871887e+02 
       6.028286471725e-02       7.465443204800e+02 
       6.133499760901e-02       7.374770845817e+02 
       6.249432323971e-02       7.277317664708e+02 
       6.377888977286e-02       7.171220761955e+02 
       6.520935658723e-02       7.053980901593e+02 
       6.680837282307e-02       6.922352976658e+02 
       6.859895815143e-02       6.772275567851e+02 
       7.060145446358e-02       6.598967277298e+02 
       7.282900509302e-02       6.397546444588e+02 
       7.528254764851e-02       6.164193795179e+02 
       7.794763165265e-02       5.897834262229e+02 
       8.079557122545e-02       5.601636103092e+02 
       8.378925639194e-02       5.283462218949e+02 
       8.689081350409e-02       4.954823209912e+02 
       9.006747864852e-02       4.628845154450e+02 
       9.329408122598e-02       4.317961274543e+02 
       9.655282505597e-02       4.032310841618e+02 
       9.983181243343e-02       3.778772844406e+02 
       1.031233738652e-01       3.560781883000e+02 
       1.064226786357e-01       3.378555009496e+02 
       1.097267276976e-01       3.229654440711e+02 
       1.130336756109e-01       3.109613749851e+02 
       1.163423928821e-01       3.012602338167e+02 
       1.196521903954e-01       2.932046586346e+02 
       1.229626484529e-01       2.861228082737e+02 
       1.262735116499e-01       2.793867971710e+02 
       1.295846245788e-01       2.724649908257e+02 
       1.328958926300e-01       2.649637973446e+02 
       1.362072581392e-01       2.566545306654e+02 
       1.395186858906e-01       2.474802227016e+02 
       1.428301543108e-01       2.375400023188e+02 
       1.461416501217e-01       2.270566771885e+02 
       1.494531650939e-01       2.163323210976e+02 
       1.527646940752e-01       2.057005008491e+02 
       1.560762337931e-01       1.954828257786e+02 
       1.593877821275e-01       1.859534231784e+02 
       1.626993376673e-01       1.773165967135e+02 
       1.660108994417e-01       1.696933664430e+02 
       1.693224667555e-01       1.631217154562e+02 
       1.726340390885e-01       1.575622307125e+02 
       1.759456160339e-01       1.529107627804e+02 
       1.792571972603e-01       1.490145642652e+02 
       1.825687824880e-01       1.456895312742e+02 
       1.858803714740e-01       1.427390216191e+02 
       1.891919640029e-01       1.399935913228e+02 
       1.925035598800e-01       1.372733011820e+02 
       1.958151589280e-01       1.344196004601e+02 
       1.991267609837e-01       1.313328365268e+02 
       2.024383658960e-01       1.279641196397e+02 
       2.057499735245e-01       1.243168137435e+02 
       2.090615837384e-01       1.204405842032e+02 
       2.123731964151e-01       1.164177747764e+02 
       2.156848114401e-01       1.123474328643e+02 
       2.189964287058e-01       1.083310222589e+02 
       2.223080481113e-01       1.044600734968e+02 
       2.256196695617e-01       1.008094296924e+02 
       2.289312929674e-01       9.743393019672e+01 
       2.322429182442e-01       9.436815254483e+01 
       2.355545453127e-01       9.162490312402e+01 
       2.388661740978e-01       8.919769638470e+01 
       2.421778045285e-01       8.706044635915e+01 
       2.454894365379e-01       8.517002042375e+01 
       2.488010700625e-01       8.347162366614e+01 
       2.521127050422e-01       8.190437666982e+01 
       2.554243414200e-01       8.040826112168e+01 
       2.587359791419e-01       7.893005179381e+01 
       2.620476181567e-01       7.742827263926e+01 
       2.653592584155e-01       7.587464334285e+01 
       2.686708998722e-01       7.425455580490e+01 
       2.719825424828e-01       7.256608848451e+01 
       2.752941862052e-01       7.081770116997e+01 
       2.786058309997e-01       6.902782856164e+01 
       2.819174768282e-01       6.722158224159e+01 
       2.852291236545e-01       6.542894785725e+01 
       2.885407714441e-01       6.368045615924e+01 
       2.918524201640e-01       6.200396363009e+01 
       2.951640697827e-01       6.042104058509e+01 
       2.984757202702e-01       5.894497558782e+01 
       3.017873715976e-01       5.758051560939e+01 
       3.050990237374e-01       5.632432462140e+01 
       3.084106766634e-01       5.516733840404e+01 
       3.117223303504e-01       5.409647404701e+01 
       3.150339847742e-01       5.309626655515e+01 
       3.183456399118e-01       5.215018046166e+01 
       3.216572957409e-01       5.124135836923e+01 
       3.249689522404e-01       5.035351850763e+01 
       3.282806093897e-01       4.947234786317e+01 
       3.315922671695e-01       4.858672447257e+01 
       3.349039255608e-01       4.768980344764e+01 
       3.382155845457e-01       4.677960813166e+01 
       3.415272441067e-01       4.585839840199e+01 
       3.448389042272e-01       4.493188597489e+01 
       3.481505648911e-01       4.400761289960e+01 
       3.514622260831e-01       4.309367464100e+01 
       3.547738877882e-01       4.219791501797e+01 
       3.580855499922e-01       4.132731607045e+01 
       3.613972126813e-01       4.048771860605e+01 
       3.647088758422e-01       3.968399688375e+01 
       3.680205394621e-01       3.891923293367e+01 
       3.713322035287e-01       3.819433434720e+01 
       3.746438680301e-01       3.750823890302e+01 
       3.779555329547e-01       3.685733679486e+01 
       3.812671982916e-01       3.623648195172e+01 
       3.845788640301e-01       3.563969535413e+01 
       3.878905301597e-01       3.506113228700e+01 
       3.912021966706e-01       3.449573014227e+01 
       3.945138635530e-01       3.393962225958e+01 
       3.978255307977e-01       3.338999277404e+01 
       4.011371983957e-01       3.284498253134e+01 
       4.044488663382e-01       3.230323749761e+01 
       4.077605346168e-01       3.176435862211e+01 
       4.110722032234e-01       3.122863454004e+01 
       4.143838721501e-01       3.069733359425e+01 
       4.176955413892e-01       3.017240058210e+01 
       4.210072109333e-01       2.965635140828e+01 
       4.243188807752e-01       2.915156142154e+01 
       4.276305509081e-01       2.865995999301e+01 
       4.309422213251e-01       2.818275171574e+01 
       4.342538920198e-01       2.772042102203e+01 
       4.375655629858e-01       2.727289778399e+01 
       4.408772342170e-01       2.683994771502e+01 
       4.441889057074e-01       2.642111645083e+01 
       4.475005774513e-01       2.601583113751e+01 
       4.508122494430e-01       2.562321798795e+01 
       4.541239216771e-01       2.524206958768e+01 
       4.574355941484e-01       2.487079088546e+01 
       4.607472668516e-01       2.450759383489e+01 
       4.640589397819e-01       2.415086094512e+01 
       4.673706129343e-01       2.379932343918e+01 
       4.706822863041e-01       2.345229918414e+01 
       4.739939598869e-01       2.310951884564e+01 
       4.773056336780e-01       2.277105118968e+01 
       4.806173076733e-01       2.243702763160e+01 
       4.839289818685e-01       2.210761031231e+01 
       4.872406562596e-01       2.178304699179e+01 
       4.905523308424e-01       2.146368006577e+01 
       4.938640056133e-01       2.115002113985e+01 
       4.971756805683e-01       2.084272639158e+01 
       5.004873557039e-01       2.054262614619e+01 
       5.037990310164e-01       2.025008829647e+01 
       5.071107065024e-01       1.996523851031e+01 
       5.104223821585e-01       1.968804528237e+01 
       5.137340579814e-01       1.941782019040e+01 
       5.170457339678e-01       1.915397932522e+01 
       5.203574101147e-01       1.889597363898e+01 
       5.236690864190e-01       1.864330216722e+01 
       5.269807628778e-01       1.839563409355e+01 
       5.302924394880e-01       1.815262379977e+01 
       5.336041162469e-01       1.791388998769e+01 
       5.369157931517e-01       1.767897638510e+01 
       5.402274701998e-01       1.744746549527e+01 
       5.435391473885e-01       1.721906025280e+01 
       5.468508247152e-01       1.699381267722e+01 
       5.501625021775e-01       1.677180477902e+01 
       5.534741797728e-01       1.655336474221e+01 
       5.567858574989e-01       1.633869764667e+01 
       5.600975353534e-01       1.612794294950e+01 
       5.634092133340e-01       1.592109047487e+01 
       5.667208914385e-01       1.571803802064e+01 
       5.700325696648e-01       1.551868898448e+01 
       5.733442480106e-01       1.532301601034e+01 
       5.766559264741e-01       1.513108077722e+01 
       5.799676050531e-01       1.494295377884e+01 
       5.832792837456e-01       1.475862427034e+01 
       5.865909625498e-01       1.457796777066e+01 
       5.899026414637e-01       1.440070017611e+01 
       5.932143204855e-01       1.422660775203e+01 
       5.965259996135e-01       1.405534866692e+01 
       5.998376788458e-01       1.388679100605e+01 
       6.031493581807e-01       1.372090225958e+01 
       6.064610376165e-01       1.355768808223e+01 
       6.097727171517e-01       1.339712364072e+01 
       6.130843967845e-01       1.323911549417e+01 
       6.163960765134e-01       1.308353053056e+01 
       6.197077563368e-01       1.293020644460e+01 
       6.230194362533e-01       1.277906983089e+01 
       6.263311162613e-01       1.263012615782e+01 
       6.296427963595e-01       1.248348428639e+01 
       6.329544765463e-01       1.233925974991e+01 
       6.362661568205e-01       1.219752740008e+01 
       6.395778371805e-01       1.205826031698e+01 
       6.428895176252e-01       1.192135838649e+01 
       6.462011981532e-01       1.178667902733e+01 
       6.495128787633e-01       1.165412328403e+01 
       6.528245594541e-01       1.152365327302e+01 
       6.561362402245e-01       1.139528277851e+01 
       6.594479210732e-01       1.126903902455e+01 
       6.627596019991e-01       1.114490172490e+01 
       6.660712830010e-01       1.102277991812e+01 
       6.693829640778e-01       1.090253583181e+01 
       6.726946452283e-01       1.078402538688e+01 
       6.760063264516e-01       1.066714831113e+01 
       6.793180077465e-01       1.055189262733e+01 
       6.826296891120e-01       1.043828012043e+01 
       6.859413705470e-01       1.032640450790e+01 
       6.892530520506e-01       1.021623684616e+01 
       6.925647336217e-01       1.010774409077e+01 
       6.958764152595e-01       1.000082806184e+01 
       6.991880969629e-01       9.895413909326e+00 
       7.024997787310e-01       9.791443507843e+00 
       7.058114605629e-01       9.688923089031e+00 
       7.091231424578e-01       9.587919816776e+00 
       7.124348244147e-01       9.488461557136e+00 
       7.157465064327e-01       9.390549391498e+00 
       7.190581885111e-01       9.294155326079e+00 
       7.223698706489e-01       9.199174530661e+00 
       7.256815528454e-01       9.105509487250e+00 
       7.289932350998e-01       9.013114138947e+00 
       7.323049174113e-01       8.921968966435e+00 
       7.356165997791e-01       8.832122965602e+00 
       7.389282822025e-01       8.743584056790e+00 
       7.422399646806e-01       8.656351850131e+00 
       7.455516472128e-01       8.570375281509e+00 
       7.488633297984e-01       8.485566377561e+00 
       7.521750124367e-01       8.401846604768e+00 
       7.554866951269e-01       8.319192788368e+00 
       8.198102721918e-01       6.916574683980e+00 
       9.096865378917e-01       5.455496280187e+00 
       1.048113480481e+00       3.933891333528e+00 
       1.272309008191e+00       2.497885504555e+00 
       1.594812285659e+00       1.457983227114e+00 
       2.007541292717e+00       8.348583753277e-01 
       2.527343447222e+00       4.739770356657e-01 
       3.181736888759e+00       2.670758161404e-01 
       4.005569422901e+00       1.494607285848e-01 
       5.042713135196e+00       8.311913885102e-02 
       6.348399710287e+00       4.596046682799e-02 
       7.992161719507e+00       2.528089123265e-02 
       1.006153548386e+01       1.383855949476e-02 
       1.266672270229e+01       7.541322648046e-03 
       1.594645909407e+01       4.092494258935e-03 
       2.007540258166e+01       2.212302702336e-03 
       2.527343446205e+01       1.191531369175e-03 
       3.181736888759e+01       6.394964730571e-04 
       4.005569422901e+01       3.420604365585e-04 
       5.042713135196e+01       1.823400673212e-04 
       6.348399710287e+01       9.685522367341e-05 
       7.992161719507e+01       5.124982312914e-05 
       1.006153548386e+02       2.699706144615e-05 
       1.266672270229e+02       1.414307774807e-05 
       1.594645909407e+02       7.356705590806e-06 
       2.007540258166e+02       3.790223274667e-06 
       2.527343446205e+02       1.927662592758e-06 
       3.181736888759e+02       9.637801089847e-07 
       4.005569422901e+02       4.717640001734e-07 
       5.042713135196e+02       2.257123602008e-07 
       6.348399710287e+02       1.059371314454e-07 
       7.992161719507e+02       4.922893044603e-08 
       1.006153548386e+03       2.284721859766e-08 
