# Matter power spectrum P(k) at redshift z=3.5
# for k=1.04575e-05 to 1006.15 h/Mpc,
# number of wavenumbers equal to 625
#    1:k (h/Mpc)              2:P (Mpc/h)^3        
       1.045749810485e-05       3.582685967981e+00 
       2.373043761528e-05       8.021360998377e+00 
       3.705205197341e-05       1.242597061655e+01 
       5.046040160262e-05       1.682630328930e+01 
       6.399420676399e-05       2.124266422415e+01 
       7.769321405898e-05       2.569220274808e+01 
       9.159857522556e-05       3.019081168226e+01 
       1.057532435558e-04       3.475396871606e+01 
       1.202023933008e-04       3.939721405551e+01 
       1.349938674647e-04       4.413647574314e+01 
       1.501786593808e-04       4.898832594239e+01 
       1.658114333596e-04       5.397020495144e+01 
       1.819510894196e-04       5.910063186360e+01 
       1.986613765579e-04       6.439941232632e+01 
       2.160115580438e-04       6.988784880524e+01 
       2.340771306401e-04       7.558895655975e+01 
       2.529405972213e-04       8.152768596131e+01 
       2.726922886571e-04       8.773115047687e+01 
       2.934312256600e-04       9.422885610988e+01 
       3.152660040981e-04       1.010529264678e+02 
       3.383156775180e-04       1.082383140353e+02 
       3.627105977775e-04       1.158229828913e+02 
       3.885931583209e-04       1.238480440136e+02 
       4.161183645581e-04       1.323578173429e+02 
       4.454541324261e-04       1.413997874112e+02 
       4.767811907995e-04       1.510244132600e+02 
       5.102924387431e-04       1.612847444710e+02 
       5.461915893473e-04       1.722357933823e+02 
       5.846909251320e-04       1.839336134511e+02 
       6.260080050474e-04       1.964340424329e+02 
       6.703612104985e-04       2.097910879504e+02 
       7.179641068864e-04       2.240549684077e+02 
       7.690187318622e-04       2.392698681542e+02 
       8.237080952403e-04       2.554715267594e+02 
       8.821883665213e-04       2.726848393859e+02 
       9.445813962622e-04       2.909216917592e+02 
       1.010968318642e-03       3.101792888399e+02 
       1.081384969221e-03       3.304391920747e+02 
       1.155819700313e-03       3.516672313898e+02 
       1.234213899658e-03       3.738143455110e+02 
       1.316465168833e-03       3.968182696877e+02 
       1.402432774394e-03       4.206058930436e+02 
       1.491944724558e-03       4.450960341338e+02 
       1.584805697329e-03       4.702023305670e+02 
       1.680805061300e-03       4.958359982561e+02 
       1.779724358910e-03       5.219082964495e+02 
       1.881343813733e-03       5.483325505791e+02 
       1.985447627100e-03       5.750257053633e+02 
       2.091828006459e-03       6.019094598970e+02 
       2.200287998256e-03       6.289109864270e+02 
       2.310643277916e-03       6.559624849832e+02 
       2.422723085604e-03       6.830037995238e+02 
       2.536370500476e-03       7.099801921591e+02 
       2.651442230081e-03       7.368426575362e+02 
       2.767808065318e-03       7.635476477102e+02 
       2.885350122018e-03       7.900569506592e+02 
       3.003961962113e-03       8.163369637908e+02 
       3.123547662764e-03       8.423585151833e+02 
       3.244020881646e-03       8.680962927594e+02 
       3.365303950641e-03       8.935284534094e+02 
       3.487327018288e-03       9.186362583178e+02 
       3.610027252458e-03       9.434037028205e+02 
       3.733348108622e-03       9.678173905602e+02 
       3.857238664757e-03       9.918659374513e+02 
       3.981653021215e-03       1.015539974226e+03 
       4.106549762154e-03       1.038832049767e+03 
       4.231891474164e-03       1.061735973623e+03 
       4.357644317282e-03       1.084247391872e+03 
       4.483777643502e-03       1.106362714077e+03 
       4.610263657980e-03       1.128079918069e+03 
       4.737077118433e-03       1.149397483841e+03 
       4.864195068510e-03       1.170315004386e+03 
       4.991596601329e-03       1.190832879660e+03 
       5.119262649698e-03       1.210951724396e+03 
       5.247175799933e-03       1.230673298926e+03 
       5.375320126495e-03       1.249999203878e+03 
       5.503681045008e-03       1.268931880881e+03 
       5.632245181484e-03       1.287474365505e+03 
       5.761000255846e-03       1.305629430335e+03 
       5.889934978076e-03       1.323400455852e+03 
       6.019038955502e-03       1.340790999454e+03 
       6.148302609931e-03       1.357804684637e+03 
       6.277717103485e-03       1.374445633217e+03 
       6.407274272154e-03       1.390718217951e+03 
       6.536966566162e-03       1.406626134878e+03 
       6.666786996400e-03       1.422173730492e+03 
       6.796729086234e-03       1.437365266222e+03 
       6.926786828089e-03       1.452205223627e+03 
       7.056954644300e-03       1.466698546554e+03 
       7.187227351743e-03       1.480849533312e+03 
       7.317600129859e-03       1.494662562890e+03 
       7.448068491705e-03       1.508142274457e+03 
       7.578628257697e-03       1.521293405181e+03 
       7.709275531791e-03       1.534119782849e+03 
       7.840006679834e-03       1.546626964863e+03 
       7.970818309857e-03       1.558818923228e+03 
       8.101707254141e-03       1.570699458890e+03 
       8.232670552846e-03       1.582273916319e+03 
       8.363705439076e-03       1.593546476772e+03 
       8.494809325229e-03       1.604520418716e+03 
       8.625979790500e-03       1.615200969343e+03 
       8.757214569446e-03       1.625592334897e+03 
       8.888511541496e-03       1.635698517514e+03 
       9.019868721331e-03       1.645523355419e+03 
       9.151284250039e-03       1.655071404385e+03 
       9.282756386994e-03       1.664348293374e+03 
       9.414283502372e-03       1.673355389732e+03 
       9.545864070270e-03       1.682096498988e+03 
       9.677496662351e-03       1.690576260008e+03 
       9.809179941995e-03       1.698798672785e+03 
       9.940912658886e-03       1.706766890711e+03 
       1.007269364402e-02       1.714485008229e+03 
       1.020452180510e-02       1.721956691023e+03 
       1.033639612222e-02       1.729185170930e+03 
       1.046831564399e-02       1.736174596855e+03 
       1.060027948378e-02       1.742927183872e+03 
       1.073228681639e-02       1.749447371220e+03 
       1.086433687490e-02       1.755738286816e+03 
       1.099642894770e-02       1.761803060769e+03 
       1.112856237583e-02       1.767645230624e+03 
       1.126073655044e-02       1.773267428785e+03 
       1.139295091047e-02       1.778673885050e+03 
       1.152520494046e-02       1.783866704894e+03 
       1.165749816853e-02       1.788848636491e+03 
       1.178983016452e-02       1.793624396477e+03 
       1.192220053825e-02       1.798195137392e+03 
       1.205460893787e-02       1.802564322360e+03 
       1.218705504840e-02       1.806735443437e+03 
       1.231953859028e-02       1.810711485380e+03 
       1.245205931810e-02       1.814492998759e+03 
       1.258461701939e-02       1.818085756504e+03 
       1.271721151347e-02       1.821490660691e+03 
       1.284984265044e-02       1.824710873342e+03 
       1.298251031021e-02       1.827748049342e+03 
       1.311521440158e-02       1.830607016922e+03 
       1.324795486143e-02       1.833289027430e+03 
       1.338073165393e-02       1.835796308257e+03 
       1.351354476986e-02       1.838132489284e+03 
       1.364639422595e-02       1.840299467533e+03 
       1.377928006424e-02       1.842299501849e+03 
       1.391220235156e-02       1.844135410682e+03 
       1.404516117903e-02       1.845809784188e+03 
       1.417815666155e-02       1.847325216166e+03 
       1.431118893742e-02       1.848682468034e+03 
       1.444425816794e-02       1.849886428984e+03 
       1.457736453706e-02       1.850936967628e+03 
       1.471050825103e-02       1.851837964704e+03 
       1.484368953822e-02       1.852590521294e+03 
       1.497690864875e-02       1.853198018415e+03 
       1.511016585436e-02       1.853661390480e+03 
       1.524346144820e-02       1.853984399577e+03 
       1.537679574464e-02       1.854168256298e+03 
       1.551016907917e-02       1.854215174151e+03 
       1.564358180828e-02       1.854127824394e+03 
       1.577703430938e-02       1.853907586611e+03 
       1.591052698073e-02       1.853557064472e+03 
       1.604406024142e-02       1.853078302813e+03 
       1.617763453133e-02       1.852473325598e+03 
       1.631125031118e-02       1.851743679231e+03 
       1.644490806251e-02       1.850891869342e+03 
       1.657860828775e-02       1.849919922404e+03 
       1.671235151029e-02       1.848829753641e+03 
       1.684613827459e-02       1.847623365409e+03 
       1.697996914622e-02       1.846301071859e+03 
       1.711384471207e-02       1.844866327700e+03 
       1.724776558040e-02       1.843322485076e+03 
       1.738173238109e-02       1.841669926814e+03 
       1.751574576578e-02       1.839908694665e+03 
       1.764980640804e-02       1.838042589480e+03 
       1.778391500363e-02       1.836073173545e+03 
       1.791807227070e-02       1.834002434923e+03 
       1.805227895006e-02       1.831831164396e+03 
       1.818653580541e-02       1.829562360964e+03 
       1.832084362365e-02       1.827196338961e+03 
       1.845520321520e-02       1.824735822655e+03 
       1.858961541424e-02       1.822181367699e+03 
       1.872408107911e-02       1.819536278320e+03 
       1.885860109264e-02       1.816801499762e+03 
       1.899317636251e-02       1.813976818708e+03 
       1.912780782161e-02       1.811066813256e+03 
       1.926249642850e-02       1.808069792202e+03 
       1.939724316775e-02       1.804992828149e+03 
       1.953204905044e-02       1.801828782501e+03 
       1.966691511458e-02       1.798589776768e+03 
       1.980184242558e-02       1.795268175086e+03 
       1.993683207674e-02       1.791870632998e+03 
       2.007188518977e-02       1.788397728285e+03 
       2.020700291530e-02       1.784847604113e+03 
       2.034218643342e-02       1.781225393794e+03 
       2.047743695426e-02       1.777532596465e+03 
       2.061275571856e-02       1.773769514776e+03 
       2.074814399829e-02       1.769937172655e+03 
       2.088360309724e-02       1.766037260319e+03 
       2.101913435170e-02       1.762071163621e+03 
       2.115473913110e-02       1.758040107121e+03 
       2.129041883873e-02       1.753949363052e+03 
       2.142617491241e-02       1.749792997739e+03 
       2.156200882525e-02       1.745578206731e+03 
       2.169792208640e-02       1.741303393741e+03 
       2.183391624183e-02       1.736970436338e+03 
       2.196999287514e-02       1.732582133367e+03 
       2.210615360838e-02       1.728135495774e+03 
       2.224240010293e-02       1.723638906039e+03 
       2.237873406036e-02       1.719085697051e+03 
       2.251515722336e-02       1.714481930242e+03 
       2.265167137665e-02       1.709831658182e+03 
       2.278827834800e-02       1.705128655041e+03 
       2.292498000920e-02       1.700377566750e+03 
       2.306177827707e-02       1.695582082479e+03 
       2.319867511457e-02       1.690738978372e+03 
       2.333567253186e-02       1.685853408344e+03 
       2.347277258747e-02       1.680922632213e+03 
       2.360997738941e-02       1.675952057082e+03 
       2.374728909641e-02       1.670938964400e+03 
       2.388470991917e-02       1.665889570107e+03 
       2.402224212160e-02       1.660800006479e+03 
       2.415988802217e-02       1.655672302865e+03 
       2.429764999526e-02       1.650505435678e+03 
       2.443553047256e-02       1.645306689409e+03 
       2.457353194453e-02       1.640075396588e+03 
       2.471165696187e-02       1.634808377020e+03 
       2.484990813710e-02       1.629509221591e+03 
       2.498828814611e-02       1.624180378962e+03 
       2.512679972984e-02       1.618818467456e+03 
       2.526544569592e-02       1.613429600689e+03 
       2.540422892050e-02       1.608013627915e+03 
       2.554315234997e-02       1.602568477397e+03 
       2.568221900292e-02       1.597096199027e+03 
       2.582143197196e-02       1.591597766942e+03 
       2.596079442580e-02       1.586076327921e+03 
       2.610030961129e-02       1.580532046980e+03 
       2.623998085549e-02       1.574967885092e+03 
       2.637981156794e-02       1.569376318182e+03 
       2.651980524290e-02       1.563766908008e+03 
       2.665996546168e-02       1.558134840184e+03 
       2.680029589511e-02       1.552486484496e+03 
       2.694080030602e-02       1.546816116626e+03 
       2.708148255186e-02       1.541131274602e+03 
       2.722234658737e-02       1.535429491025e+03 
       2.736339646738e-02       1.529708872199e+03 
       2.750463634970e-02       1.523971342812e+03 
       2.764607049807e-02       1.518224636831e+03 
       2.778770328530e-02       1.512458271938e+03 
       2.792953919641e-02       1.506686353273e+03 
       2.807158283200e-02       1.500895482885e+03 
       2.821383891169e-02       1.495092440982e+03 
       2.835631227763e-02       1.489279251455e+03 
       2.849900789825e-02       1.483456972025e+03 
       2.864193087208e-02       1.477626932376e+03 
       2.878508643170e-02       1.471781857366e+03 
       2.892847994792e-02       1.465932879076e+03 
       2.907211693401e-02       1.460071711165e+03 
       2.921600305018e-02       1.454212522772e+03 
       2.936014410820e-02       1.448336639009e+03 
       2.950454607619e-02       1.442458622917e+03 
       2.964921508358e-02       1.436573814736e+03 
       2.979415742637e-02       1.430687714957e+03 
       2.993937957245e-02       1.424793759705e+03 
       3.008488816723e-02       1.418896058635e+03 
       3.023069003948e-02       1.412995138059e+03 
       3.037679220740e-02       1.407091059460e+03 
       3.052320188494e-02       1.401184446106e+03 
       3.066992648838e-02       1.395277659166e+03 
       3.081697364318e-02       1.389371408538e+03 
       3.096435119115e-02       1.383456829961e+03 
       3.111206719787e-02       1.377544987570e+03 
       3.126012996051e-02       1.371635359177e+03 
       3.140854801586e-02       1.365729622909e+03 
       3.155733014887e-02       1.359819364830e+03 
       3.170648540141e-02       1.353911049382e+03 
       3.185602308155e-02       1.348005290828e+03 
       3.200595277315e-02       1.342106035816e+03 
       3.215628434598e-02       1.336203410926e+03 
       3.230702796621e-02       1.330306872219e+03 
       3.245819410741e-02       1.324413298282e+03 
       3.260979356215e-02       1.318518735752e+03 
       3.276183745398e-02       1.312633146899e+03 
       3.291433725013e-02       1.306752758823e+03 
       3.306730477471e-02       1.300874437118e+03 
       3.322075222260e-02       1.294997447789e+03 
       3.337469217403e-02       1.289131786764e+03 
       3.352913760980e-02       1.283274179738e+03 
       3.368410192736e-02       1.277416376203e+03 
       3.383959895760e-02       1.271566846012e+03 
       3.399564298254e-02       1.265723917854e+03 
       3.415224875396e-02       1.259885938138e+03 
       3.430943151287e-02       1.254058856861e+03 
       3.446720701016e-02       1.248232204610e+03 
       3.462559152820e-02       1.242419745150e+03 
       3.478460190367e-02       1.236610755286e+03 
       3.494425555159e-02       1.230811699536e+03 
       3.510457049068e-02       1.225017677945e+03 
       3.526556537007e-02       1.219238350258e+03 
       3.542725949757e-02       1.213461542810e+03 
       3.558967286947e-02       1.207693894363e+03 
       3.575282620204e-02       1.201933028573e+03 
       3.591674096486e-02       1.196183027494e+03 
       3.608143941613e-02       1.190442274855e+03 
       3.624694463996e-02       1.184709613938e+03 
       3.641328058594e-02       1.178988451177e+03 
       3.658047211114e-02       1.173274079772e+03 
       3.674854502456e-02       1.167570657112e+03 
       3.691752613441e-02       1.161872997971e+03 
       3.708744329831e-02       1.156185551831e+03 
       3.725832547669e-02       1.150506977989e+03 
       3.743020278953e-02       1.144838620006e+03 
       3.760310657689e-02       1.139178385106e+03 
       3.777706946333e-02       1.133532912329e+03 
       3.795212542663e-02       1.127889160533e+03 
       3.812830987117e-02       1.122257446686e+03 
       3.830565970624e-02       1.116634706886e+03 
       3.848421342989e-02       1.111024390564e+03 
       3.866401121852e-02       1.105420006050e+03 
       3.884509502293e-02       1.099821775175e+03 
       3.902750867120e-02       1.094238141585e+03 
       3.921129797920e-02       1.088661343410e+03 
       3.939651086917e-02       1.083089446900e+03 
       3.958319749728e-02       1.077526821968e+03 
       3.977141039084e-02       1.071975129359e+03 
       3.996120459624e-02       1.066430779145e+03 
       4.015263783837e-02       1.060893835689e+03 
       4.034577069283e-02       1.055361823867e+03 
       4.054066677207e-02       1.049840092594e+03 
       4.073739292676e-02       1.044321851514e+03 
       4.093601946408e-02       1.038812592258e+03 
       4.113662038441e-02       1.033312549938e+03 
       4.133927363850e-02       1.027816348705e+03 
       4.154406140720e-02       1.022321768293e+03 
       4.175107040600e-02       1.016846428488e+03 
       4.196039221729e-02       1.011354943033e+03 
       4.217212365321e-02       1.005878181991e+03 
       4.238636715250e-02       1.000403745005e+03 
       4.260323121533e-02       9.949295560363e+02 
       4.282283088035e-02       9.894656074264e+02 
       4.304528824899e-02       9.839951263865e+02 
       4.327073306268e-02       9.785320794675e+02 
       4.349930333937e-02       9.730704148985e+02 
       4.373114607684e-02       9.676038085543e+02 
       4.396641803108e-02       9.621387431374e+02 
       4.420528657961e-02       9.566726505762e+02 
       4.444793068082e-02       9.512027884154e+02 
       4.469454194227e-02       9.457297376535e+02 
       4.494532581288e-02       9.402501105556e+02 
       4.520050291638e-02       9.347689081580e+02 
       4.546031054620e-02       9.292769884692e+02 
       4.572500434546e-02       9.237780637485e+02 
       4.599486019958e-02       9.182671113766e+02 
       4.627017637418e-02       9.127463263581e+02 
       4.655127593643e-02       9.072136163710e+02 
       4.683850950528e-02       9.016689946986e+02 
       4.713225838436e-02       8.961048511262e+02 
       4.743293814168e-02       8.905236374763e+02 
       4.774100271297e-02       8.849222798795e+02 
       4.805694912064e-02       8.792975727251e+02 
       4.838132291952e-02       8.736494231181e+02 
       4.871472450393e-02       8.679757693275e+02 
       4.905781643925e-02       8.622657426806e+02 
       4.941133201783e-02       8.565258501984e+02 
       4.977608528353e-02       8.507469650648e+02 
       5.015298282618e-02       8.449278696747e+02 
       5.054303771845e-02       8.390607128872e+02 
       5.094738605757e-02       8.331420334863e+02 
       5.136730668884e-02       8.271689091630e+02 
       5.180424483333e-02       8.211335879358e+02 
       5.225984052739e-02       8.150254932392e+02 
       5.273596301788e-02       8.088407665446e+02 
       5.323475255774e-02       8.025654118485e+02 
       5.375867142783e-02       7.961896796142e+02 
       5.431056648953e-02       7.896988174026e+02 
       5.489374616450e-02       7.830787213456e+02 
       5.551207544878e-02       7.763101771618e+02 
       5.617009337762e-02       7.693668491293e+02 
       5.687315818582e-02       7.622197628186e+02 
       5.762762604582e-02       7.548306032741e+02 
       5.844106924229e-02       7.471547233903e+02 
       5.932253797381e-02       7.391300107399e+02 
       6.028286471725e-02       7.306772748180e+02 
       6.133499760901e-02       7.216932158401e+02 
       6.249432323971e-02       7.120405421659e+02 
       6.377888977286e-02       7.015372093001e+02 
       6.520935658723e-02       6.899392325526e+02 
       6.680837282307e-02       6.769297588612e+02 
       6.859895815143e-02       6.621119889504e+02 
       7.060145446358e-02       6.450193482581e+02 
       7.282900509302e-02       6.251781279815e+02 
       7.528254764851e-02       6.022216466716e+02 
       7.794763165265e-02       5.760505352334e+02 
       8.079557122545e-02       5.469777207468e+02 
       8.378925639194e-02       5.157767982137e+02 
       8.689081350409e-02       4.835753831707e+02 
       9.006747864852e-02       4.516535480295e+02 
       9.329408122598e-02       4.212246821898e+02 
       9.655282505597e-02       3.932758312180e+02 
       9.983181243343e-02       3.684741696591e+02 
       1.031233738652e-01       3.471526670398e+02 
       1.064226786357e-01       3.293288289843e+02 
       1.097267276976e-01       3.147624593645e+02 
       1.130336756109e-01       3.030164814784e+02 
       1.163423928821e-01       2.935202684744e+02 
       1.196521903954e-01       2.856325422528e+02 
       1.229626484529e-01       2.786976501993e+02 
       1.262735116499e-01       2.721032244664e+02 
       1.295846245788e-01       2.653315313765e+02 
       1.328958926300e-01       2.579986917846e+02 
       1.362072581392e-01       2.498822617746e+02 
       1.395186858906e-01       2.409267487153e+02 
       1.428301543108e-01       2.312284598112e+02 
       1.461416501217e-01       2.210045487860e+02 
       1.494531650939e-01       2.105486618276e+02 
       1.527646940752e-01       2.001854117004e+02 
       1.560762337931e-01       1.902276041282e+02 
       1.593877821275e-01       1.809415469349e+02 
       1.626993376673e-01       1.725259589143e+02 
       1.660108994417e-01       1.650981196169e+02 
       1.693224667555e-01       1.586947437008e+02 
       1.726340390885e-01       1.532772780577e+02 
       1.759456160339e-01       1.487440302205e+02 
       1.792571972603e-01       1.449463668734e+02 
       1.825687824880e-01       1.417049511985e+02 
       1.858803714740e-01       1.388284228388e+02 
       1.891919640029e-01       1.361519573100e+02 
       1.925035598800e-01       1.335003930588e+02 
       1.958151589280e-01       1.307196208824e+02 
       1.991267609837e-01       1.277126500722e+02 
       2.024383658960e-01       1.244319487535e+02 
       2.057499735245e-01       1.208808470043e+02 
       2.090615837384e-01       1.171075484883e+02 
       2.123731964151e-01       1.131921998953e+02 
       2.156848114401e-01       1.092310413497e+02 
       2.189964287058e-01       1.053226978991e+02 
       2.223080481113e-01       1.015561769316e+02 
       2.256196695617e-01       9.800413552880e+01 
       2.289312929674e-01       9.471991322608e+01 
       2.322429182442e-01       9.173705118961e+01 
       2.355545453127e-01       8.906795213285e+01 
       2.388661740978e-01       8.670631802076e+01 
       2.421778045285e-01       8.462670140526e+01 
       2.454894365379e-01       8.278719387534e+01 
       2.488010700625e-01       8.113448957108e+01 
       2.521127050422e-01       7.960938342774e+01 
       2.554243414200e-01       7.815356208291e+01 
       2.587359791419e-01       7.671523776632e+01 
       2.620476181567e-01       7.525412976532e+01 
       2.653592584155e-01       7.374273340936e+01 
       2.686708998722e-01       7.216683784966e+01 
       2.719825424828e-01       7.052460502638e+01 
       2.752941862052e-01       6.882421842002e+01 
       2.786058309997e-01       6.708362125075e+01 
       2.819174768282e-01       6.532720442245e+01 
       2.852291236545e-01       6.358409331025e+01 
       2.885407714441e-01       6.188397944671e+01 
       2.918524201640e-01       6.025389769771e+01 
       2.951640697827e-01       5.871482458618e+01 
       2.984757202702e-01       5.727965990731e+01 
       3.017873715976e-01       5.595299858515e+01 
       3.050990237374e-01       5.473161477519e+01 
       3.084106766634e-01       5.360666952885e+01 
       3.117223303504e-01       5.256546194995e+01 
       3.150339847742e-01       5.159295619842e+01 
       3.183456399118e-01       5.067307053573e+01 
       3.216572957409e-01       4.978944136761e+01 
       3.249689522404e-01       4.892622543620e+01 
       3.282806093897e-01       4.806952700142e+01 
       3.315922671695e-01       4.720853617254e+01 
       3.349039255608e-01       4.633659125984e+01 
       3.382155845457e-01       4.545178831294e+01 
       3.415272441067e-01       4.455630450321e+01 
       3.448389042272e-01       4.365569948097e+01 
       3.481505648911e-01       4.275730000009e+01 
       3.514622260831e-01       4.186896009298e+01 
       3.547738877882e-01       4.099831527359e+01 
       3.580855499922e-01       4.015213311443e+01 
       3.613972126813e-01       3.933609449657e+01 
       3.647088758422e-01       3.855493473288e+01 
       3.680205394621e-01       3.781163752554e+01 
       3.713322035287e-01       3.710709626497e+01 
       3.746438680301e-01       3.644026565166e+01 
       3.779555329547e-01       3.580764344749e+01 
       3.812671982916e-01       3.520423018676e+01 
       3.845788640301e-01       3.462420782799e+01 
       3.878905301597e-01       3.406190914943e+01 
       3.912021966706e-01       3.351240488330e+01 
       3.945138635530e-01       3.297194264358e+01 
       3.978255307977e-01       3.243778803551e+01 
       4.011371983957e-01       3.190812719705e+01 
       4.044488663382e-01       3.138165451324e+01 
       4.077605346168e-01       3.085797272422e+01 
       4.110722032234e-01       3.033736609225e+01 
       4.143838721501e-01       2.982106844314e+01 
       4.176955413892e-01       2.931096195576e+01 
       4.210072109333e-01       2.880949868836e+01 
       4.243188807752e-01       2.831897869663e+01 
       4.276305509081e-01       2.784127878876e+01 
       4.309422213251e-01       2.737757092228e+01 
       4.342538920198e-01       2.692831923153e+01 
       4.375655629858e-01       2.649346223724e+01 
       4.408772342170e-01       2.607276644734e+01 
       4.441889057074e-01       2.566579207005e+01 
       4.475005774513e-01       2.527198460589e+01 
       4.508122494430e-01       2.489048921094e+01 
       4.541239216771e-01       2.452013914900e+01 
       4.574355941484e-01       2.415938001861e+01 
       4.607472668516e-01       2.380647603312e+01 
       4.640589397819e-01       2.345985818068e+01 
       4.673706129343e-01       2.311828837911e+01 
       4.706822863041e-01       2.278110995205e+01 
       4.739939598869e-01       2.244805673367e+01 
       4.773056336780e-01       2.211919635208e+01 
       4.806173076733e-01       2.179465886782e+01 
       4.839289818685e-01       2.147459672383e+01 
       4.872406562596e-01       2.115925572680e+01 
       4.905523308424e-01       2.084896459025e+01 
       4.938640056133e-01       2.054422084705e+01 
       4.971756805683e-01       2.024566417279e+01 
       5.004873557039e-01       1.995409650313e+01 
       5.037990310164e-01       1.966987976278e+01 
       5.071107065024e-01       1.939313261697e+01 
       5.104223821585e-01       1.912382482527e+01 
       5.137340579814e-01       1.886128999956e+01 
       5.170457339678e-01       1.860495655891e+01 
       5.203574101147e-01       1.835429541104e+01 
       5.236690864190e-01       1.810881707549e+01 
       5.269807628778e-01       1.786820021278e+01 
       5.302924394880e-01       1.763211171106e+01 
       5.336041162469e-01       1.740017684270e+01 
       5.369157931517e-01       1.717195645190e+01 
       5.402274701998e-01       1.694704238612e+01 
       5.435391473885e-01       1.672514613131e+01 
       5.468508247152e-01       1.650632052497e+01 
       5.501625021775e-01       1.629064125599e+01 
       5.534741797728e-01       1.607843082959e+01 
       5.567858574989e-01       1.586988618870e+01 
       5.600975353534e-01       1.566514254620e+01 
       5.634092133340e-01       1.546419237892e+01 
       5.667208914385e-01       1.526693271551e+01 
       5.700325696648e-01       1.507327290186e+01 
       5.733442480106e-01       1.488318478399e+01 
       5.766559264741e-01       1.469672765347e+01 
       5.799676050531e-01       1.451397217750e+01 
       5.832792837456e-01       1.433490471896e+01 
       5.865909625498e-01       1.415940715939e+01 
       5.899026414637e-01       1.398720209038e+01 
       5.932143204855e-01       1.381808151215e+01 
       5.965259996135e-01       1.365171524084e+01 
       5.998376788458e-01       1.348797242298e+01 
       6.031493581807e-01       1.332682385308e+01 
       6.064610376165e-01       1.316827393618e+01 
       6.097727171517e-01       1.301229770680e+01 
       6.130843967845e-01       1.285880666479e+01 
       6.163960765134e-01       1.270766866715e+01 
       6.197077563368e-01       1.255872829616e+01 
       6.230194362533e-01       1.241191336998e+01 
       6.263311162613e-01       1.226722850225e+01 
       6.296427963595e-01       1.212478114073e+01 
       6.329544765463e-01       1.198468131736e+01 
       6.362661568205e-01       1.184700339776e+01 
       6.395778371805e-01       1.171172073741e+01 
       6.428895176252e-01       1.157873517977e+01 
       6.462011981532e-01       1.144791003121e+01 
       6.495128787633e-01       1.131914709671e+01 
       6.528245594541e-01       1.119241115548e+01 
       6.561362402245e-01       1.106771506683e+01 
       6.594479210732e-01       1.094508435753e+01 
       6.627596019991e-01       1.082450134609e+01 
       6.660712830010e-01       1.070587533931e+01 
       6.693829640778e-01       1.058907414241e+01 
       6.726946452283e-01       1.047395741309e+01 
       6.760063264516e-01       1.036042680656e+01 
       6.793180077465e-01       1.024847250188e+01 
       6.826296891120e-01       1.013811374893e+01 
       6.859413705470e-01       1.002944276762e+01 
       6.892530520506e-01       9.922431260826e+00 
       6.925647336217e-01       9.817046285988e+00 
       6.958764152595e-01       9.713193909205e+00 
       6.991880969629e-01       9.610799942867e+00 
       7.024997787310e-01       9.509808859391e+00 
       7.058114605629e-01       9.410226810275e+00 
       7.091231424578e-01       9.312117808279e+00 
       7.124348244147e-01       9.215510599820e+00 
       7.157465064327e-01       9.120404764971e+00 
       7.190581885111e-01       9.026773849428e+00 
       7.223698706489e-01       8.934516302777e+00 
       7.256815528454e-01       8.843536213312e+00 
       7.289932350998e-01       8.753790318539e+00 
       7.323049174113e-01       8.665258473124e+00 
       7.356165997791e-01       8.577988760061e+00 
       7.389282822025e-01       8.491989290526e+00 
       7.422399646806e-01       8.407258409841e+00 
       7.455516472128e-01       8.323748095128e+00 
       7.488633297984e-01       8.241371620498e+00 
       7.521750124367e-01       8.160053208518e+00 
       7.554866951269e-01       8.079770825876e+00 
       8.198102721918e-01       6.717411096866e+00 
       9.096865378917e-01       5.298313921246e+00 
       1.048113480481e+00       3.820479233335e+00 
       1.272309008191e+00       2.425828999582e+00 
       1.594812285659e+00       1.415905119176e+00 
       2.007541292717e+00       8.107566470464e-01 
       2.527343447222e+00       4.602910660842e-01 
       3.181736888759e+00       2.593631327763e-01 
       4.005569422901e+00       1.451442341633e-01 
       5.042713135196e+00       8.071850457954e-02 
       6.348399710287e+00       4.463300342138e-02 
       7.992161719507e+00       2.455069620854e-02 
       1.006153548386e+01       1.343885168892e-02 
       1.266672270229e+01       7.323500228931e-03 
       1.594645909407e+01       3.974286705958e-03 
       2.007540258166e+01       2.148402386017e-03 
       2.527343446205e+01       1.157115021948e-03 
       3.181736888759e+01       6.210251513044e-04 
       4.005569422901e+01       3.321802988184e-04 
       5.042713135196e+01       1.770733201797e-04 
       6.348399710287e+01       9.405763707494e-05 
       7.992161719507e+01       4.976951220661e-05 
       1.006153548386e+02       2.621727241478e-05 
       1.266672270229e+02       1.373456596520e-05 
       1.594645909407e+02       7.144212870623e-06 
       2.007540258166e+02       3.680745619152e-06 
       2.527343446205e+02       1.871983554891e-06 
       3.181736888759e+02       9.359420682516e-07 
       4.005569422901e+02       4.581374629221e-07 
       5.042713135196e+02       2.191928337042e-07 
       6.348399710287e+02       1.028772195423e-07 
       7.992161719507e+02       4.780699095715e-08 
       1.006153548386e+03       2.218729440101e-08 
