# Matter power spectrum P(k) at redshift z=5
# for k=1.04575e-05 to 1006.15 h/Mpc,
# number of wavenumbers equal to 625
#    1:k (h/Mpc)              2:P (Mpc/h)^3        
       1.045749810485e-05       2.003153664862e+00 
       2.373043761528e-05       4.484911796078e+00 
       3.705205197341e-05       6.947631019932e+00 
       5.046040160262e-05       9.407971088614e+00 
       6.399420676399e-05       1.187728976650e+01 
       7.769321405898e-05       1.436518071701e+01 
       9.159857522556e-05       1.688053551975e+01 
       1.057532435558e-04       1.943201447053e+01 
       1.202023933008e-04       2.202831358882e+01 
       1.349938674647e-04       2.467834695979e+01 
       1.501786593808e-04       2.739139010014e+01 
       1.658114333596e-04       3.017720572317e+01 
       1.819510894196e-04       3.304616168601e+01 
       1.986613765579e-04       3.600934770944e+01 
       2.160115580438e-04       3.907869357821e+01 
       2.340771306401e-04       4.226709045195e+01 
       2.529405972213e-04       4.558851597492e+01 
       2.726922886571e-04       4.905816286053e+01 
       2.934312256600e-04       5.269256831094e+01 
       3.152660040981e-04       5.650974132495e+01 
       3.383156775180e-04       6.052928260374e+01 
       3.627105977775e-04       6.477248886408e+01 
       3.885931583209e-04       6.926243080044e+01 
       4.161183645581e-04       7.402399077150e+01 
       4.454541324261e-04       7.908384100897e+01 
       4.767811907995e-04       8.447034117365e+01 
       5.102924387431e-04       9.021332692774e+01 
       5.461915893473e-04       9.634376274243e+01 
       5.846909251320e-04       1.028932290770e+02 
       6.260080050474e-04       1.098932218559e+02 
       6.703612104985e-04       1.173742488994e+02 
       7.179641068864e-04       1.253647314513e+02 
       7.690187318622e-04       1.338897407522e+02 
       8.237080952403e-04       1.429696379687e+02 
       8.821883665213e-04       1.526187130890e+02 
       9.445813962622e-04       1.628439516999e+02 
       1.010968318642e-03       1.736440730087e+02 
       1.081384969221e-03       1.850089650666e+02 
       1.155819700313e-03       1.969196133083e+02 
       1.234213899658e-03       2.093485584009e+02 
       1.316465168833e-03       2.222608423480e+02 
       1.402432774394e-03       2.356153458322e+02 
       1.491944724558e-03       2.493663763846e+02 
       1.584805697329e-03       2.634653309203e+02 
       1.680805061300e-03       2.778622895678e+02 
       1.779724358910e-03       2.925074390007e+02 
       1.881343813733e-03       3.073522330107e+02 
       1.985447627100e-03       3.223502695013e+02 
       2.091828006459e-03       3.374579102235e+02 
       2.200287998256e-03       3.526346493711e+02 
       2.310643277916e-03       3.678428154805e+02 
       2.422723085604e-03       3.830489935930e+02 
       2.536370500476e-03       3.982227345041e+02 
       2.651442230081e-03       4.133367037531e+02 
       2.767808065318e-03       4.283665443157e+02 
       2.885350122018e-03       4.432907768645e+02 
       3.003961962113e-03       4.580904609965e+02 
       3.123547662764e-03       4.727491048659e+02 
       3.244020881646e-03       4.872523771590e+02 
       3.365303950641e-03       5.015879072020e+02 
       3.487327018288e-03       5.157450890185e+02 
       3.610027252458e-03       5.297148708406e+02 
       3.733348108622e-03       5.434896725669e+02 
       3.857238664757e-03       5.570630375623e+02 
       3.981653021215e-03       5.704296181347e+02 
       4.106549762154e-03       5.835851168235e+02 
       4.231891474164e-03       5.965259123515e+02 
       4.357644317282e-03       6.092493908879e+02 
       4.483777643502e-03       6.217533519199e+02 
       4.610263657980e-03       6.340364734192e+02 
       4.737077118433e-03       6.460977224888e+02 
       4.864195068510e-03       6.579367060277e+02 
       4.991596601329e-03       6.695534988340e+02 
       5.119262649698e-03       6.809483131114e+02 
       5.247175799933e-03       6.921220128202e+02 
       5.375320126495e-03       7.030753778180e+02 
       5.503681045008e-03       7.138096617700e+02 
       5.632245181484e-03       7.243264511048e+02 
       5.761000255846e-03       7.346271837191e+02 
       5.889934978076e-03       7.447136423417e+02 
       6.019038955502e-03       7.545877136112e+02 
       6.148302609931e-03       7.642513250934e+02 
       6.277717103485e-03       7.737066943045e+02 
       6.407274272154e-03       7.829561613742e+02 
       6.536966566162e-03       7.920016456747e+02 
       6.666786996400e-03       8.008456988215e+02 
       6.796729086234e-03       8.094905492258e+02 
       6.926786828089e-03       8.179386553051e+02 
       7.056954644300e-03       8.261926694327e+02 
       7.187227351743e-03       8.342549086374e+02 
       7.317600129859e-03       8.421277335246e+02 
       7.448068491705e-03       8.498136740756e+02 
       7.578628257697e-03       8.573152957334e+02 
       7.709275531791e-03       8.646346727381e+02 
       7.840006679834e-03       8.717748584420e+02 
       7.970818309857e-03       8.787380176247e+02 
       8.101707254141e-03       8.855262285831e+02 
       8.232670552846e-03       8.921424332497e+02 
       8.363705439076e-03       8.985889369561e+02 
       8.494809325229e-03       9.048675208236e+02 
       8.625979790500e-03       9.109810703222e+02 
       8.757214569446e-03       9.169319045957e+02 
       8.888511541496e-03       9.227222253462e+02 
       9.019868721331e-03       9.283541475848e+02 
       9.151284250039e-03       9.338302465914e+02 
       9.282756386994e-03       9.391524278194e+02 
       9.414283502372e-03       9.443231128201e+02 
       9.545864070270e-03       9.493442342453e+02 
       9.677496662351e-03       9.542180556761e+02 
       9.809179941995e-03       9.589467795335e+02 
       9.940912658886e-03       9.635321577165e+02 
       1.007269364402e-02       9.679764750360e+02 
       1.020452180510e-02       9.722817692838e+02 
       1.033639612222e-02       9.764498409781e+02 
       1.046831564399e-02       9.804830109561e+02 
       1.060027948378e-02       9.843825118466e+02 
       1.073228681639e-02       9.881508510819e+02 
       1.086433687490e-02       9.917915243831e+02 
       1.099642894770e-02       9.953030283314e+02 
       1.112856237583e-02       9.986888132055e+02 
       1.126073655044e-02       1.001950344918e+03 
       1.139295091047e-02       1.005089998413e+03 
       1.152520494046e-02       1.008108950151e+03 
       1.165749816853e-02       1.011008741232e+03 
       1.178983016452e-02       1.013792029295e+03 
       1.192220053825e-02       1.016459457731e+03 
       1.205460893787e-02       1.019012977430e+03 
       1.218705504840e-02       1.021454556279e+03 
       1.231953859028e-02       1.023785876158e+03 
       1.245205931810e-02       1.026007241801e+03 
       1.258461701939e-02       1.028121909141e+03 
       1.271721151347e-02       1.030130379264e+03 
       1.284984265044e-02       1.032034429490e+03 
       1.298251031021e-02       1.033834982077e+03 
       1.311521440158e-02       1.035534752065e+03 
       1.324795486143e-02       1.037134432650e+03 
       1.338073165393e-02       1.038635262901e+03 
       1.351354476986e-02       1.040039277395e+03 
       1.364639422595e-02       1.041347529209e+03 
       1.377928006424e-02       1.042561260715e+03 
       1.391220235156e-02       1.043682010721e+03 
       1.404516117903e-02       1.044711325226e+03 
       1.417815666155e-02       1.045650671264e+03 
       1.431118893742e-02       1.046500451797e+03 
       1.444425816794e-02       1.047263364808e+03 
       1.457736453706e-02       1.047939323677e+03 
       1.471050825103e-02       1.048530504822e+03 
       1.484368953822e-02       1.049037515733e+03 
       1.497690864875e-02       1.049462249331e+03 
       1.511016585436e-02       1.049805214391e+03 
       1.524346144820e-02       1.050068521410e+03 
       1.537679574464e-02       1.050252837377e+03 
       1.551016907917e-02       1.050359390570e+03 
       1.564358180828e-02       1.050389680517e+03 
       1.577703430938e-02       1.050344466629e+03 
       1.591052698073e-02       1.050225206898e+03 
       1.604406024142e-02       1.050033043405e+03 
       1.617763453133e-02       1.049769104043e+03 
       1.631125031118e-02       1.049434248611e+03 
       1.644490806251e-02       1.049029885316e+03 
       1.657860828775e-02       1.048557146325e+03 
       1.671235151029e-02       1.048017106673e+03 
       1.684613827459e-02       1.047410884450e+03 
       1.697996914622e-02       1.046738647431e+03 
       1.711384471207e-02       1.046002345927e+03 
       1.724776558040e-02       1.045203866223e+03 
       1.738173238109e-02       1.044343420446e+03 
       1.751574576578e-02       1.043421022548e+03 
       1.764980640804e-02       1.042438818191e+03 
       1.778391500363e-02       1.041397684328e+03 
       1.791807227070e-02       1.040298746238e+03 
       1.805227895006e-02       1.039142441033e+03 
       1.818653580541e-02       1.037930465860e+03 
       1.832084362365e-02       1.036662990373e+03 
       1.845520321520e-02       1.035341555418e+03 
       1.858961541424e-02       1.033966470995e+03 
       1.872408107911e-02       1.032539601600e+03 
       1.885860109264e-02       1.031061479521e+03 
       1.899317636251e-02       1.029531976940e+03 
       1.912780782161e-02       1.027953682901e+03 
       1.926249642850e-02       1.026325631977e+03 
       1.939724316775e-02       1.024651828058e+03 
       1.953204905044e-02       1.022928212792e+03 
       1.966691511458e-02       1.021161654063e+03 
       1.980184242558e-02       1.019347810776e+03 
       1.993683207674e-02       1.017490453342e+03 
       2.007188518977e-02       1.015589892951e+03 
       2.020700291530e-02       1.013645065752e+03 
       2.034218643342e-02       1.011658876003e+03 
       2.047743695426e-02       1.009632161659e+03 
       2.061275571856e-02       1.007565083934e+03 
       2.074814399829e-02       1.005458208739e+03 
       2.088360309724e-02       1.003312480993e+03 
       2.101913435170e-02       1.001128673442e+03 
       2.115473913110e-02       9.989074707152e+02 
       2.129041883873e-02       9.966518495445e+02 
       2.142617491241e-02       9.943584252661e+02 
       2.156200882525e-02       9.920312697227e+02 
       2.169792208640e-02       9.896694642567e+02 
       2.183391624183e-02       9.872740556585e+02 
       2.196999287514e-02       9.848466244387e+02 
       2.210615360838e-02       9.823854555535e+02 
       2.224240010293e-02       9.798952978396e+02 
       2.237873406036e-02       9.773723458741e+02 
       2.251515722336e-02       9.748200368650e+02 
       2.265167137665e-02       9.722406585129e+02 
       2.278827834800e-02       9.696306574129e+02 
       2.292498000920e-02       9.669926677559e+02 
       2.306177827707e-02       9.643287718912e+02 
       2.319867511457e-02       9.616371308804e+02 
       2.333567253186e-02       9.589206646877e+02 
       2.347277258747e-02       9.561778046953e+02 
       2.360997738941e-02       9.534116205107e+02 
       2.374728909641e-02       9.506205613555e+02 
       2.388470991917e-02       9.478081535272e+02 
       2.402224212160e-02       9.449721967456e+02 
       2.415988802217e-02       9.421138407805e+02 
       2.429764999526e-02       9.392324976414e+02 
       2.443553047256e-02       9.363323122969e+02 
       2.457353194453e-02       9.334129126194e+02 
       2.471165696187e-02       9.304724805228e+02 
       2.484990813710e-02       9.275130566594e+02 
       2.498828814611e-02       9.245360515324e+02 
       2.512679972984e-02       9.215395453729e+02 
       2.526544569592e-02       9.185270041090e+02 
       2.540422892050e-02       9.154983642528e+02 
       2.554315234997e-02       9.124524421238e+02 
       2.568221900292e-02       9.093904133536e+02 
       2.582143197196e-02       9.063128393582e+02 
       2.596079442580e-02       9.032215338187e+02 
       2.610030961129e-02       9.001165749146e+02 
       2.623998085549e-02       8.969996771688e+02 
       2.637981156794e-02       8.938665663900e+02 
       2.651980524290e-02       8.907226785713e+02 
       2.665996546168e-02       8.875653009542e+02 
       2.680029589511e-02       8.843980622867e+02 
       2.694080030602e-02       8.812177154429e+02 
       2.708148255186e-02       8.780285739844e+02 
       2.722234658737e-02       8.748292242860e+02 
       2.736339646738e-02       8.716186039662e+02 
       2.750463634970e-02       8.683978278209e+02 
       2.764607049807e-02       8.651713165765e+02 
       2.778770328530e-02       8.619330944013e+02 
       2.792953919641e-02       8.586912134564e+02 
       2.807158283200e-02       8.554380533096e+02 
       2.821383891169e-02       8.521774773945e+02 
       2.835631227763e-02       8.489106613184e+02 
       2.849900789825e-02       8.456382089907e+02 
       2.864193087208e-02       8.423608922745e+02 
       2.878508643170e-02       8.390745666789e+02 
       2.892847994792e-02       8.357855784767e+02 
       2.907211693401e-02       8.324892440645e+02 
       2.921600305018e-02       8.291936081759e+02 
       2.936014410820e-02       8.258880579119e+02 
       2.950454607619e-02       8.225808915617e+02 
       2.964921508358e-02       8.192694729183e+02 
       2.979415742637e-02       8.159569225575e+02 
       2.993937957245e-02       8.126395008469e+02 
       3.008488816723e-02       8.093195795242e+02 
       3.023069003948e-02       8.059974563240e+02 
       3.037679220740e-02       8.026731639612e+02 
       3.052320188494e-02       7.993470747770e+02 
       3.066992648838e-02       7.960205090815e+02 
       3.081697364318e-02       7.926939174153e+02 
       3.096435119115e-02       7.893622052110e+02 
       3.111206719787e-02       7.860317157243e+02 
       3.126012996051e-02       7.827021477043e+02 
       3.140854801586e-02       7.793744605452e+02 
       3.155733014887e-02       7.760438564555e+02 
       3.170648540141e-02       7.727140288370e+02 
       3.185602308155e-02       7.693853292321e+02 
       3.200595277315e-02       7.660600035962e+02 
       3.215628434598e-02       7.627324295325e+02 
       3.230702796621e-02       7.594080033975e+02 
       3.245819410741e-02       7.560849444142e+02 
       3.260979356215e-02       7.527609928241e+02 
       3.276183745398e-02       7.494418551741e+02 
       3.291433725013e-02       7.461253718416e+02 
       3.306730477471e-02       7.428097405994e+02 
       3.322075222260e-02       7.394945569160e+02 
       3.337469217403e-02       7.361855364955e+02 
       3.352913760980e-02       7.328807965703e+02 
       3.368410192736e-02       7.295756355858e+02 
       3.383959895760e-02       7.262748903537e+02 
       3.399564298254e-02       7.229776031939e+02 
       3.415224875396e-02       7.196828416377e+02 
       3.430943151287e-02       7.163939979795e+02 
       3.446720701016e-02       7.131050904890e+02 
       3.462559152820e-02       7.098239978053e+02 
       3.478460190367e-02       7.065445752778e+02 
       3.494425555159e-02       7.032705238534e+02 
       3.510457049068e-02       6.999990455741e+02 
       3.526556537007e-02       6.967356607969e+02 
       3.542725949757e-02       6.934734106883e+02 
       3.558967286947e-02       6.902160845238e+02 
       3.575282620204e-02       6.869623335324e+02 
       3.591674096486e-02       6.837144834570e+02 
       3.608143941613e-02       6.804716106190e+02 
       3.624694463996e-02       6.772330521337e+02 
       3.641328058594e-02       6.740007536203e+02 
       3.658047211114e-02       6.707720203566e+02 
       3.674854502456e-02       6.675492343529e+02 
       3.691752613441e-02       6.643294195059e+02 
       3.708744329831e-02       6.611151254531e+02 
       3.725832547669e-02       6.579055726477e+02 
       3.743020278953e-02       6.547015325222e+02 
       3.760310657689e-02       6.515018034381e+02 
       3.777706946333e-02       6.483101813459e+02 
       3.795212542663e-02       6.451191995847e+02 
       3.812830987117e-02       6.419347591757e+02 
       3.830565970624e-02       6.387551064374e+02 
       3.848421342989e-02       6.355822103175e+02 
       3.866401121852e-02       6.324123475442e+02 
       3.884509502293e-02       6.292456469183e+02 
       3.902750867120e-02       6.260869387347e+02 
       3.921129797920e-02       6.229317771630e+02 
       3.939651086917e-02       6.197790493753e+02 
       3.958319749728e-02       6.166312658291e+02 
       3.977141039084e-02       6.134893666078e+02 
       3.996120459624e-02       6.103512997115e+02 
       4.015263783837e-02       6.072171021397e+02 
       4.034577069283e-02       6.040853587149e+02 
       4.054066677207e-02       6.009591336510e+02 
       4.073739292676e-02       5.978345503687e+02 
       4.093601946408e-02       5.947147521810e+02 
       4.113662038441e-02       5.915998718041e+02 
       4.133927363850e-02       5.884868496068e+02 
       4.154406140720e-02       5.853744184385e+02 
       4.175107040600e-02       5.822726677478e+02 
       4.196039221729e-02       5.791613637152e+02 
       4.217212365321e-02       5.760581878118e+02 
       4.238636715250e-02       5.729560476108e+02 
       4.260323121533e-02       5.698537797432e+02 
       4.282283088035e-02       5.667571188400e+02 
       4.304528824899e-02       5.636564805114e+02 
       4.327073306268e-02       5.605598802581e+02 
       4.349930333937e-02       5.574638742229e+02 
       4.373114607684e-02       5.543648691466e+02 
       4.396641803108e-02       5.512665989603e+02 
       4.420528657961e-02       5.481676196272e+02 
       4.444793068082e-02       5.450663864685e+02 
       4.469454194227e-02       5.419632580336e+02 
       4.494532581288e-02       5.388563276367e+02 
       4.520050291638e-02       5.357484896887e+02 
       4.546031054620e-02       5.326345320651e+02 
       4.572500434546e-02       5.295166163524e+02 
       4.599486019958e-02       5.263918904296e+02 
       4.627017637418e-02       5.232616442701e+02 
       4.655127593643e-02       5.201247102748e+02 
       4.683850950528e-02       5.169811231729e+02 
       4.713225838436e-02       5.138265424816e+02 
       4.743293814168e-02       5.106624058376e+02 
       4.774100271297e-02       5.074869767123e+02 
       4.805694912064e-02       5.042984371265e+02 
       4.838132291952e-02       5.010967632945e+02 
       4.871472450393e-02       4.978807881595e+02 
       4.905781643925e-02       4.946442898999e+02 
       4.941133201783e-02       4.913910203648e+02 
       4.977608528353e-02       4.881157636231e+02 
       5.015298282618e-02       4.848178321101e+02 
       5.054303771845e-02       4.814927432198e+02 
       5.094738605757e-02       4.781385267795e+02 
       5.136730668884e-02       4.747535127156e+02 
       5.180424483333e-02       4.713333097258e+02 
       5.225984052739e-02       4.678718549917e+02 
       5.273596301788e-02       4.643669893883e+02 
       5.323475255774e-02       4.608107434480e+02 
       5.375867142783e-02       4.571976021069e+02 
       5.431056648953e-02       4.535191857148e+02 
       5.489374616450e-02       4.497675335889e+02 
       5.551207544878e-02       4.459317715837e+02 
       5.617009337762e-02       4.419969790837e+02 
       5.687315818582e-02       4.379467327986e+02 
       5.762762604582e-02       4.337593200933e+02 
       5.844106924229e-02       4.294093800294e+02 
       5.932253797381e-02       4.248615334387e+02 
       6.028286471725e-02       4.200705710083e+02 
       6.133499760901e-02       4.149773340976e+02 
       6.249432323971e-02       4.095029685668e+02 
       6.377888977286e-02       4.035426287153e+02 
       6.520935658723e-02       3.969556287271e+02 
       6.680837282307e-02       3.895592241709e+02 
       6.859895815143e-02       3.811247518521e+02 
       7.060145446358e-02       3.713830234805e+02 
       7.282900509302e-02       3.600591852908e+02 
       7.528254764851e-02       3.469378521201e+02 
       7.794763165265e-02       3.319578903305e+02 
       8.079557122545e-02       3.152973079080e+02 
       8.378925639194e-02       2.973984578597e+02 
       8.689081350409e-02       2.789088759989e+02 
       9.006747864852e-02       2.605674465235e+02 
       9.329408122598e-02       2.430742135171e+02 
       9.655282505597e-02       2.270000274613e+02 
       9.983181243343e-02       2.127324349483e+02 
       1.031233738652e-01       2.004650169528e+02 
       1.064226786357e-01       1.902101771888e+02 
       1.097267276976e-01       1.818309370589e+02 
       1.130336756109e-01       1.750759535738e+02 
       1.163423928821e-01       1.696171022279e+02 
       1.196521903954e-01       1.650843917505e+02 
       1.229626484529e-01       1.610995932305e+02 
       1.262735116499e-01       1.573092523883e+02 
       1.295846245788e-01       1.534140458495e+02 
       1.328958926300e-01       1.491923683777e+02 
       1.362072581392e-01       1.445154741822e+02 
       1.395186858906e-01       1.393512745637e+02 
       1.428301543108e-01       1.337555977215e+02 
       1.461416501217e-01       1.278539025091e+02 
       1.494531650939e-01       1.218162858229e+02 
       1.527646940752e-01       1.158306025800e+02 
       1.560762337931e-01       1.100779617962e+02 
       1.593877821275e-01       1.047127459954e+02 
       1.626993376673e-01       9.985002654451e+01 
       1.660108994417e-01       9.555796527049e+01 
       1.693224667555e-01       9.185798017206e+01 
       1.726340390885e-01       8.872788810156e+01 
       1.759456160339e-01       8.610905912564e+01 
       1.792571972603e-01       8.391549301976e+01 
       1.825687824880e-01       8.204351995828e+01 
       1.858803714740e-01       8.038241554792e+01 
       1.891919640029e-01       7.883676199961e+01 
       1.925035598800e-01       7.730522935034e+01 
       1.958151589280e-01       7.569853833084e+01 
       1.991267609837e-01       7.396056378818e+01 
       2.024383658960e-01       7.206377677154e+01 
       2.057499735245e-01       7.001007044733e+01 
       2.090615837384e-01       6.782741330713e+01 
       2.123731964151e-01       6.556217937961e+01 
       2.156848114401e-01       6.327014910335e+01 
       2.189964287058e-01       6.100846480199e+01 
       2.223080481113e-01       5.882867751138e+01 
       2.256196695617e-01       5.677293496263e+01 
       2.289312929674e-01       5.487212544779e+01 
       2.322429182442e-01       5.314572399597e+01 
       2.355545453127e-01       5.160094766260e+01 
       2.388661740978e-01       5.023414403294e+01 
       2.421778045285e-01       4.903062455675e+01 
       2.454894365379e-01       4.796610048426e+01 
       2.488010700625e-01       4.700971278917e+01 
       2.521127050422e-01       4.612717897972e+01 
       2.554243414200e-01       4.528469593309e+01 
       2.587359791419e-01       4.445229092725e+01 
       2.620476181567e-01       4.360660478442e+01 
       2.653592584155e-01       4.273170963347e+01 
       2.686708998722e-01       4.181938001493e+01 
       2.719825424828e-01       4.086853231950e+01 
       2.752941862052e-01       3.988393423459e+01 
       2.786058309997e-01       3.887596401763e+01 
       2.819174768282e-01       3.785876581366e+01 
       2.852291236545e-01       3.684922938887e+01 
       2.885407714441e-01       3.586454830706e+01 
       2.918524201640e-01       3.492041101557e+01 
       2.951640697827e-01       3.402896785002e+01 
       2.984757202702e-01       3.319770185423e+01 
       3.017873715976e-01       3.242928756768e+01 
       3.050990237374e-01       3.172184694890e+01 
       3.084106766634e-01       3.107027433124e+01 
       3.117223303504e-01       3.046720361642e+01 
       3.150339847742e-01       2.990392369632e+01 
       3.183456399118e-01       2.937112294677e+01 
       3.216572957409e-01       2.885930711146e+01 
       3.249689522404e-01       2.835930575400e+01 
       3.282806093897e-01       2.786305856569e+01 
       3.315922671695e-01       2.736430141232e+01 
       3.349039255608e-01       2.685918025161e+01 
       3.382155845457e-01       2.634658100753e+01 
       3.415272441067e-01       2.582777514800e+01 
       3.448389042272e-01       2.530598262073e+01 
       3.481505648911e-01       2.478544880338e+01 
       3.514622260831e-01       2.427073411865e+01 
       3.547738877882e-01       2.376625635558e+01 
       3.580855499922e-01       2.327594773990e+01 
       3.613972126813e-01       2.280309863859e+01 
       3.647088758422e-01       2.235045257980e+01 
       3.680205394621e-01       2.191974783415e+01 
       3.713322035287e-01       2.151149430500e+01 
       3.746438680301e-01       2.112509342172e+01 
       3.779555329547e-01       2.075851385797e+01 
       3.812671982916e-01       2.040885519897e+01 
       3.845788640301e-01       2.007275180375e+01 
       3.878905301597e-01       1.974691164827e+01 
       3.912021966706e-01       1.942848258106e+01 
       3.945138635530e-01       1.911528805498e+01 
       3.978255307977e-01       1.880574059202e+01 
       4.011371983957e-01       1.849879461798e+01 
       4.044488663382e-01       1.819368723074e+01 
       4.077605346168e-01       1.789019351580e+01 
       4.110722032234e-01       1.758847553820e+01 
       4.143838721501e-01       1.728924836712e+01 
       4.176955413892e-01       1.699360711720e+01 
       4.210072109333e-01       1.670296912309e+01 
       4.243188807752e-01       1.641867107569e+01 
       4.276305509081e-01       1.614180122371e+01 
       4.309422213251e-01       1.587303793675e+01 
       4.342538920198e-01       1.561265244110e+01 
       4.375655629858e-01       1.536060689785e+01 
       4.408772342170e-01       1.511676824862e+01 
       4.441889057074e-01       1.488088199323e+01 
       4.475005774513e-01       1.465262437107e+01 
       4.508122494430e-01       1.443150316069e+01 
       4.541239216771e-01       1.421683923301e+01 
       4.574355941484e-01       1.400773394742e+01 
       4.607472668516e-01       1.380317980943e+01 
       4.640589397819e-01       1.360226628706e+01 
       4.673706129343e-01       1.340427834440e+01 
       4.706822863041e-01       1.320883282711e+01 
       4.739939598869e-01       1.301577660184e+01 
       4.773056336780e-01       1.282514914295e+01 
       4.806173076733e-01       1.263702499109e+01 
       4.839289818685e-01       1.245149448773e+01 
       4.872406562596e-01       1.226869780762e+01 
       4.905523308424e-01       1.208882732691e+01 
       4.938640056133e-01       1.191217165088e+01 
       4.971756805683e-01       1.173910074389e+01 
       5.004873557039e-01       1.157008097329e+01 
       5.037990310164e-01       1.140532105835e+01 
       5.071107065024e-01       1.124489059442e+01 
       5.104223821585e-01       1.108877204134e+01 
       5.137340579814e-01       1.093657868734e+01 
       5.170457339678e-01       1.078798011553e+01 
       5.203574101147e-01       1.064266848346e+01 
       5.236690864190e-01       1.050036090485e+01 
       5.269807628778e-01       1.036087106882e+01 
       5.302924394880e-01       1.022400497660e+01 
       5.336041162469e-01       1.008954685871e+01 
       5.369157931517e-01       9.957240687615e+00 
       5.402274701998e-01       9.826850506693e+00 
       5.435391473885e-01       9.698209157050e+00 
       5.468508247152e-01       9.571346753395e+00 
       5.501625021775e-01       9.446308609959e+00 
       5.534741797728e-01       9.323279847924e+00 
       5.567858574989e-01       9.202376377672e+00 
       5.600975353534e-01       9.083675847111e+00 
       5.634092133340e-01       8.967173475967e+00 
       5.667208914385e-01       8.852811172968e+00 
       5.700325696648e-01       8.740534487772e+00 
       5.733442480106e-01       8.630328272723e+00 
       5.766559264741e-01       8.522227219741e+00 
       5.799676050531e-01       8.416270932247e+00 
       5.832792837456e-01       8.312453465358e+00 
       5.865909625498e-01       8.210704317906e+00 
       5.899026414637e-01       8.110864399144e+00 
       5.932143204855e-01       8.012812404848e+00 
       5.965259996135e-01       7.916356194453e+00 
       5.998376788458e-01       7.821421927107e+00 
       6.031493581807e-01       7.727989957622e+00 
       6.064610376165e-01       7.636065087802e+00 
       6.097727171517e-01       7.545631661634e+00 
       6.130843967845e-01       7.456638500567e+00 
       6.163960765134e-01       7.369010466030e+00 
       6.197077563368e-01       7.282655111928e+00 
       6.230194362533e-01       7.197531898448e+00 
       6.263311162613e-01       7.113643852425e+00 
       6.296427963595e-01       7.031052289796e+00 
       6.329544765463e-01       6.949822361398e+00 
       6.362661568205e-01       6.869995448408e+00 
       6.395778371805e-01       6.791557471989e+00 
       6.428895176252e-01       6.714451486608e+00 
       6.462011981532e-01       6.638597092951e+00 
       6.495128787633e-01       6.563939109059e+00 
       6.528245594541e-01       6.490455542194e+00 
       6.561362402245e-01       6.418154495089e+00 
       6.594479210732e-01       6.347051561467e+00 
       6.627596019991e-01       6.277134843107e+00 
       6.660712830010e-01       6.208352953235e+00 
       6.693829640778e-01       6.140628741074e+00 
       6.726946452283e-01       6.073880976720e+00 
       6.760063264516e-01       6.008053385695e+00 
       6.793180077465e-01       5.943138688752e+00 
       6.826296891120e-01       5.879149641703e+00 
       6.859413705470e-01       5.816138662612e+00 
       6.892530520506e-01       5.754089612417e+00 
       6.925647336217e-01       5.692984066125e+00 
       6.958764152595e-01       5.632766452105e+00 
       6.991880969629e-01       5.573394779502e+00 
       7.024997787310e-01       5.514836354283e+00 
       7.058114605629e-01       5.457094500919e+00 
       7.091231424578e-01       5.400206830887e+00 
       7.124348244147e-01       5.344189594714e+00 
       7.157465064327e-01       5.289043328784e+00 
       7.190581885111e-01       5.234751856708e+00 
       7.223698706489e-01       5.181256386470e+00 
       7.256815528454e-01       5.128501699001e+00 
       7.289932350998e-01       5.076462401970e+00 
       7.323049174113e-01       5.025127422500e+00 
       7.356165997791e-01       4.974524000444e+00 
       7.389282822025e-01       4.924656545542e+00 
       7.422399646806e-01       4.875525117603e+00 
       7.455516472128e-01       4.827100872356e+00 
       7.488633297984e-01       4.779334312216e+00 
       7.521750124367e-01       4.732181463511e+00 
       7.554866951269e-01       4.685628741183e+00 
       8.198102721918e-01       3.895637134370e+00 
       9.096865378917e-01       3.072716501908e+00 
       1.048113480481e+00       2.215702488352e+00 
       1.272309008191e+00       1.406897552735e+00 
       1.594812285659e+00       8.211891071739e-01 
       2.007541292717e+00       4.702231342429e-01 
       2.527343447222e+00       2.669616852292e-01 
       3.181736888759e+00       1.504273015506e-01 
       4.005569422901e+00       8.418210450646e-02 
       5.042713135196e+00       4.681602559214e-02 
       6.348399710287e+00       2.588685001065e-02 
       7.992161719507e+00       1.423931193495e-02 
       1.006153548386e+01       7.794541171534e-03 
       1.266672270229e+01       4.247681141873e-03 
       1.594645909407e+01       2.305155152038e-03 
       2.007540258166e+01       1.246145169090e-03 
       2.527343446205e+01       6.711948009098e-04 
       3.181736888759e+01       3.602561220077e-04 
       4.005569422901e+01       1.927186442000e-04 
       5.042713135196e+01       1.027491913005e-04 
       6.348399710287e+01       5.459319817408e-05 
       7.992161719507e+01       2.889987159257e-05 
       1.006153548386e+02       1.523407120053e-05 
       1.266672270229e+02       7.989272875704e-06 
       1.594645909407e+02       4.162642242189e-06 
       2.007540258166e+02       2.150129303166e-06 
       2.527343446205e+02       1.097801132386e-06 
       3.181736888759e+02       5.520622669850e-07 
       4.005569422901e+02       2.725027197887e-07 
       5.042713135196e+02       1.319096840392e-07 
       6.348399710287e+02       6.289818121824e-08 
       7.992161719507e+02       2.984190536010e-08 
       1.006153548386e+03       1.420120373162e-08 
