# Matter power spectrum P(k) at redshift z=4
# for k=1.04575e-05 to 1006.15 h/Mpc,
# number of wavenumbers equal to 625
#    1:k (h/Mpc)              2:P (Mpc/h)^3        
       1.045749810485e-05       2.880247854061e+00 
       2.373043761528e-05       6.448657085169e+00 
       3.705205197341e-05       9.989683567063e+00 
       5.046040160262e-05       1.352727737211e+01 
       6.399420676399e-05       1.707776469049e+01 
       7.769321405898e-05       2.065493490715e+01 
       9.159857522556e-05       2.427156742354e+01 
       1.057532435558e-04       2.794010825686e+01 
       1.202023933008e-04       3.167305404029e+01 
       1.349938674647e-04       3.548321379556e+01 
       1.501786593808e-04       3.938391492161e+01 
       1.658114333596e-04       4.338918362847e+01 
       1.819510894196e-04       4.751391425182e+01 
       1.986613765579e-04       5.177403659446e+01 
       2.160115580438e-04       5.618668525286e+01 
       2.340771306401e-04       6.077037347434e+01 
       2.529405972213e-04       6.554517224263e+01 
       2.726922886571e-04       7.053289407603e+01 
       2.934312256600e-04       7.575727792173e+01 
       3.152660040981e-04       8.124417080739e+01 
       3.383156775180e-04       8.702169838354e+01 
       3.627105977775e-04       9.312041276262e+01 
       3.885931583209e-04       9.957340218299e+01 
       4.161183645581e-04       1.064163421609e+02 
       4.454541324261e-04       1.136874609324e+02 
       4.767811907995e-04       1.214273880643e+02 
       5.102924387431e-04       1.296788468361e+02 
       5.461915893473e-04       1.384861506179e+02 
       5.846909251320e-04       1.478944622734e+02 
       6.260080050474e-04       1.579487836333e+02 
       6.703612104985e-04       1.686926557962e+02 
       7.179641068864e-04       1.801665810112e+02 
       7.690187318622e-04       1.924062121567e+02 
       8.237080952403e-04       2.054404068710e+02 
       8.821883665213e-04       2.192892873301e+02 
       9.445813962622e-04       2.339624874317e+02 
       1.010968318642e-03       2.494577955287e+02 
       1.081384969221e-03       2.657603685166e+02 
       1.155819700313e-03       2.828426529702e+02 
       1.234213899658e-03       3.006650592199e+02 
       1.316465168833e-03       3.191773254361e+02 
       1.402432774394e-03       3.383204289831e+02 
       1.491944724558e-03       3.580288420106e+02 
       1.584805697329e-03       3.782328829032e+02 
       1.680805061300e-03       3.988609615245e+02 
       1.779724358910e-03       4.198415824280e+02 
       1.881343813733e-03       4.411049811366e+02 
       1.985447627100e-03       4.625843703791e+02 
       2.091828006459e-03       4.842168377601e+02 
       2.200287998256e-03       5.059439003313e+02 
       2.310643277916e-03       5.277111207562e+02 
       2.422723085604e-03       5.494701879458e+02 
       2.536370500476e-03       5.711771148942e+02 
       2.651442230081e-03       5.927924775713e+02 
       2.767808065318e-03       6.142812149326e+02 
       2.885350122018e-03       6.356125394193e+02 
       3.003961962113e-03       6.567593639303e+02 
       3.123547662764e-03       6.776981803504e+02 
       3.244020881646e-03       6.984086085574e+02 
       3.365303950641e-03       7.188730839166e+02 
       3.487327018288e-03       7.390765590548e+02 
       3.610027252458e-03       7.590061967297e+02 
       3.733348108622e-03       7.786512567739e+02 
       3.857238664757e-03       7.980026080305e+02 
       3.981653021215e-03       8.170527239431e+02 
       4.106549762154e-03       8.357956067722e+02 
       4.231891474164e-03       8.542262618028e+02 
       4.357644317282e-03       8.723411681653e+02 
       4.483777643502e-03       8.901374224842e+02 
       4.610263657980e-03       9.076133910009e+02 
       4.737077118433e-03       9.247678539550e+02 
       4.864195068510e-03       9.416004946934e+02 
       4.991596601329e-03       9.581116490454e+02 
       5.119262649698e-03       9.743018251301e+02 
       5.247175799933e-03       9.901724470630e+02 
       5.375320126495e-03       1.005724803890e+03 
       5.503681045008e-03       1.020960855138e+03 
       5.632245181484e-03       1.035883034517e+03 
       5.761000255846e-03       1.050493563966e+03 
       5.889934978076e-03       1.064795157901e+03 
       6.019038955502e-03       1.078790677557e+03 
       6.148302609931e-03       1.092483036108e+03 
       6.277717103485e-03       1.105875550178e+03 
       6.407274272154e-03       1.118971698933e+03 
       6.536966566162e-03       1.131774357324e+03 
       6.666786996400e-03       1.144287246604e+03 
       6.796729086234e-03       1.156513851410e+03 
       6.926786828089e-03       1.168457607953e+03 
       7.056954644300e-03       1.180122336354e+03 
       7.187227351743e-03       1.191511508440e+03 
       7.317600129859e-03       1.202628660878e+03 
       7.448068491705e-03       1.213477535802e+03 
       7.578628257697e-03       1.224061964018e+03 
       7.709275531791e-03       1.234385038228e+03 
       7.840006679834e-03       1.244451242419e+03 
       7.970818309857e-03       1.254263782980e+03 
       8.101707254141e-03       1.263825727735e+03 
       8.232670552846e-03       1.273141380266e+03 
       8.363705439076e-03       1.282214113090e+03 
       8.494809325229e-03       1.291046565072e+03 
       8.625979790500e-03       1.299642944719e+03 
       8.757214569446e-03       1.308006642916e+03 
       8.888511541496e-03       1.316140884228e+03 
       9.019868721331e-03       1.324048765908e+03 
       9.151284250039e-03       1.331734033992e+03 
       9.282756386994e-03       1.339199476593e+03 
       9.414283502372e-03       1.346448608876e+03 
       9.545864070270e-03       1.353484234921e+03 
       9.677496662351e-03       1.360309617554e+03 
       9.809179941995e-03       1.366929676069e+03 
       9.940912658886e-03       1.373344499764e+03 
       1.007269364402e-02       1.379557608617e+03 
       1.020452180510e-02       1.385572445977e+03 
       1.033639612222e-02       1.391391632990e+03 
       1.046831564399e-02       1.397018505549e+03 
       1.060027948378e-02       1.402454846915e+03 
       1.073228681639e-02       1.407704232401e+03 
       1.086433687490e-02       1.412769175806e+03 
       1.099642894770e-02       1.417652195550e+03 
       1.112856237583e-02       1.422356136087e+03 
       1.126073655044e-02       1.426883113613e+03 
       1.139295091047e-02       1.431236531856e+03 
       1.152520494046e-02       1.435418084377e+03 
       1.165749816853e-02       1.439429981015e+03 
       1.178983016452e-02       1.443276017444e+03 
       1.192220053825e-02       1.446957120744e+03 
       1.205460893787e-02       1.450476077825e+03 
       1.218705504840e-02       1.453835699067e+03 
       1.231953859028e-02       1.457038386505e+03 
       1.245205931810e-02       1.460084583313e+03 
       1.258461701939e-02       1.462978934055e+03 
       1.271721151347e-02       1.465722164079e+03 
       1.284984265044e-02       1.468316816523e+03 
       1.298251031021e-02       1.470764221039e+03 
       1.311521440158e-02       1.473068259945e+03 
       1.324795486143e-02       1.475229938386e+03 
       1.338073165393e-02       1.477251044353e+03 
       1.351354476986e-02       1.479134495869e+03 
       1.364639422595e-02       1.480881815835e+03 
       1.377928006424e-02       1.482494814235e+03 
       1.391220235156e-02       1.483975739622e+03 
       1.404516117903e-02       1.485326717202e+03 
       1.417815666155e-02       1.486549838802e+03 
       1.431118893742e-02       1.487645712666e+03 
       1.444425816794e-02       1.488618250990e+03 
       1.457736453706e-02       1.489467350401e+03 
       1.471050825103e-02       1.490196132173e+03 
       1.484368953822e-02       1.490805483052e+03 
       1.497690864875e-02       1.491298122423e+03 
       1.511016585436e-02       1.491674800806e+03 
       1.524346144820e-02       1.491938544971e+03 
       1.537679574464e-02       1.492090328026e+03 
       1.551016907917e-02       1.492131928586e+03 
       1.564358180828e-02       1.492065496658e+03 
       1.577703430938e-02       1.491892140413e+03 
       1.591052698073e-02       1.491613953738e+03 
       1.604406024142e-02       1.491232581890e+03 
       1.617763453133e-02       1.490749651713e+03 
       1.631125031118e-02       1.490166406554e+03 
       1.644490806251e-02       1.489484862089e+03 
       1.657860828775e-02       1.488706647516e+03 
       1.671235151029e-02       1.487833303534e+03 
       1.684613827459e-02       1.486866439899e+03 
       1.697996914622e-02       1.485806308418e+03 
       1.711384471207e-02       1.484655688477e+03 
       1.724776558040e-02       1.483417275706e+03 
       1.738173238109e-02       1.482091378045e+03 
       1.751574576578e-02       1.480678028136e+03 
       1.764980640804e-02       1.479180282396e+03 
       1.778391500363e-02       1.477599397669e+03 
       1.791807227070e-02       1.475936973975e+03 
       1.805227895006e-02       1.474193643785e+03 
       1.818653580541e-02       1.472371822078e+03 
       1.832084362365e-02       1.470471758376e+03 
       1.845520321520e-02       1.468495646008e+03 
       1.858961541424e-02       1.466443931108e+03 
       1.872408107911e-02       1.464319269054e+03 
       1.885860109264e-02       1.462122422477e+03 
       1.899317636251e-02       1.459853216818e+03 
       1.912780782161e-02       1.457515335679e+03 
       1.926249642850e-02       1.455107417667e+03 
       1.939724316775e-02       1.452635152212e+03 
       1.953204905044e-02       1.450092795908e+03 
       1.966691511458e-02       1.447490098216e+03 
       1.980184242558e-02       1.444820916957e+03 
       1.993683207674e-02       1.442090607476e+03 
       2.007188518977e-02       1.439299632144e+03 
       2.020700291530e-02       1.436446494595e+03 
       2.034218643342e-02       1.433535327427e+03 
       2.047743695426e-02       1.430567335860e+03 
       2.061275571856e-02       1.427542762900e+03 
       2.074814399829e-02       1.424462432917e+03 
       2.088360309724e-02       1.421327702242e+03 
       2.101913435170e-02       1.418139686006e+03 
       2.115473913110e-02       1.414899373930e+03 
       2.129041883873e-02       1.411611003131e+03 
       2.142617491241e-02       1.408269800086e+03 
       2.156200882525e-02       1.404881553013e+03 
       2.169792208640e-02       1.401444982755e+03 
       2.183391624183e-02       1.397961591928e+03 
       2.196999287514e-02       1.394433639660e+03 
       2.210615360838e-02       1.390858719536e+03 
       2.224240010293e-02       1.387243573198e+03 
       2.237873406036e-02       1.383582834972e+03 
       2.251515722336e-02       1.379881390108e+03 
       2.265167137665e-02       1.376142492831e+03 
       2.278827834800e-02       1.372361132629e+03 
       2.292498000920e-02       1.368541055811e+03 
       2.306177827707e-02       1.364685221703e+03 
       2.319867511457e-02       1.360791043982e+03 
       2.333567253186e-02       1.356862669786e+03 
       2.347277258747e-02       1.352897889314e+03 
       2.360997738941e-02       1.348901054128e+03 
       2.374728909641e-02       1.344869984950e+03 
       2.388470991917e-02       1.340809675661e+03 
       2.402224212160e-02       1.336717017731e+03 
       2.415988802217e-02       1.332593643751e+03 
       2.429764999526e-02       1.328438729337e+03 
       2.443553047256e-02       1.324258135125e+03 
       2.457353194453e-02       1.320051332551e+03 
       2.471165696187e-02       1.315815758533e+03 
       2.484990813710e-02       1.311554294783e+03 
       2.498828814611e-02       1.307268923334e+03 
       2.512679972984e-02       1.302956923501e+03 
       2.526544569592e-02       1.298623203832e+03 
       2.540422892050e-02       1.294267655625e+03 
       2.554315234997e-02       1.289888603196e+03 
       2.568221900292e-02       1.285487695415e+03 
       2.582143197196e-02       1.281065723920e+03 
       2.596079442580e-02       1.276625219542e+03 
       2.610030961129e-02       1.272166310939e+03 
       2.623998085549e-02       1.267691384576e+03 
       2.637981156794e-02       1.263194384526e+03 
       2.651980524290e-02       1.258683004281e+03 
       2.665996546168e-02       1.254153371143e+03 
       2.680029589511e-02       1.249610609661e+03 
       2.694080030602e-02       1.245050113306e+03 
       2.708148255186e-02       1.240477953910e+03 
       2.722234658737e-02       1.235892132615e+03 
       2.736339646738e-02       1.231291135800e+03 
       2.750463634970e-02       1.226676508878e+03 
       2.764607049807e-02       1.222054481835e+03 
       2.778770328530e-02       1.217416607348e+03 
       2.792953919641e-02       1.212774242973e+03 
       2.807158283200e-02       1.208116606297e+03 
       2.821383891169e-02       1.203449145402e+03 
       2.835631227763e-02       1.198773505234e+03 
       2.849900789825e-02       1.194090523902e+03 
       2.864193087208e-02       1.189401274512e+03 
       2.878508643170e-02       1.184699900602e+03 
       2.892847994792e-02       1.179995357216e+03 
       2.907211693401e-02       1.175280989496e+03 
       2.921600305018e-02       1.170568185497e+03 
       2.936014410820e-02       1.165841922561e+03 
       2.950454607619e-02       1.161113918564e+03 
       2.964921508358e-02       1.156380429610e+03 
       2.979415742637e-02       1.151645870973e+03 
       2.993937957245e-02       1.146904958143e+03 
       3.008488816723e-02       1.142161010919e+03 
       3.023069003948e-02       1.137414448253e+03 
       3.037679220740e-02       1.132665316622e+03 
       3.052320188494e-02       1.127914123875e+03 
       3.066992648838e-02       1.123162753500e+03 
       3.081697364318e-02       1.118411799504e+03 
       3.096435119115e-02       1.113654103838e+03 
       3.111206719787e-02       1.108898588464e+03 
       3.126012996051e-02       1.104144828174e+03 
       3.140854801586e-02       1.099394173049e+03 
       3.155733014887e-02       1.094639850495e+03 
       3.170648540141e-02       1.089887063894e+03 
       3.185602308155e-02       1.085136311149e+03 
       3.200595277315e-02       1.080390759808e+03 
       3.215628434598e-02       1.075642467881e+03 
       3.230702796621e-02       1.070899046115e+03 
       3.245819410741e-02       1.066157980781e+03 
       3.260979356215e-02       1.061416088403e+03 
       3.276183745398e-02       1.056681391580e+03 
       3.291433725013e-02       1.051950858168e+03 
       3.306730477471e-02       1.047221951637e+03 
       3.322075222260e-02       1.042494088355e+03 
       3.337469217403e-02       1.037775318027e+03 
       3.352913760980e-02       1.033062998092e+03 
       3.368410192736e-02       1.028350490264e+03 
       3.383959895760e-02       1.023644611968e+03 
       3.399564298254e-02       1.018944014350e+03 
       3.415224875396e-02       1.014247376290e+03 
       3.430943151287e-02       1.009559478658e+03 
       3.446720701016e-02       1.004871890636e+03 
       3.462559152820e-02       1.000195706247e+03 
       3.478460190367e-02       9.955222789282e+02 
       3.494425555159e-02       9.908568176288e+02 
       3.510457049068e-02       9.861953787432e+02 
       3.526556537007e-02       9.815457383306e+02 
       3.542725949757e-02       9.768980961089e+02 
       3.558967286947e-02       9.722577988745e+02 
       3.575282620204e-02       9.676229284347e+02 
       3.591674096486e-02       9.629967726948e+02 
       3.608143941613e-02       9.583780320407e+02 
       3.624694463996e-02       9.537657748135e+02 
       3.641328058594e-02       9.491627437816e+02 
       3.658047211114e-02       9.445651482096e+02 
       3.674854502456e-02       9.399763396610e+02 
       3.691752613441e-02       9.353921385994e+02 
       3.708744329831e-02       9.308161342388e+02 
       3.725832547669e-02       9.262472421991e+02 
       3.743020278953e-02       9.216865464117e+02 
       3.760310657689e-02       9.171323613457e+02 
       3.777706946333e-02       9.125900352944e+02 
       3.795212542663e-02       9.080490637336e+02 
       3.812830987117e-02       9.035177638117e+02 
       3.830565970624e-02       8.989936629159e+02 
       3.848421342989e-02       8.944795409700e+02 
       3.866401121852e-02       8.899701691336e+02 
       3.884509502293e-02       8.854657280366e+02 
       3.902750867120e-02       8.809730222941e+02 
       3.921129797920e-02       8.764857987935e+02 
       3.939651086917e-02       8.720024995394e+02 
       3.958319749728e-02       8.675266518471e+02 
       3.977141039084e-02       8.630595889749e+02 
       3.996120459624e-02       8.585984245595e+02 
       4.015263783837e-02       8.541432082120e+02 
       4.034577069283e-02       8.496919509173e+02 
       4.054066677207e-02       8.452489595650e+02 
       4.073739292676e-02       8.408087757418e+02 
       4.093601946408e-02       8.363758158666e+02 
       4.113662038441e-02       8.319502695618e+02 
       4.133927363850e-02       8.275278119764e+02 
       4.154406140720e-02       8.231066602616e+02 
       4.175107040600e-02       8.187009975358e+02 
       4.196039221729e-02       8.142823400667e+02 
       4.217212365321e-02       8.098755407857e+02 
       4.238636715250e-02       8.054706155096e+02 
       4.260323121533e-02       8.010658982054e+02 
       4.282283088035e-02       7.966694336507e+02 
       4.304528824899e-02       7.922677196799e+02 
       4.327073306268e-02       7.878719996855e+02 
       4.349930333937e-02       7.834774035306e+02 
       4.373114607684e-02       7.790788404619e+02 
       4.396641803108e-02       7.746815353208e+02 
       4.420528657961e-02       7.702834153331e+02 
       4.444793068082e-02       7.658822734376e+02 
       4.469454194227e-02       7.614785778729e+02 
       4.494532581288e-02       7.570696032764e+02 
       4.520050291638e-02       7.526593754732e+02 
       4.546031054620e-02       7.482405324184e+02 
       4.572500434546e-02       7.438160631732e+02 
       4.599486019958e-02       7.393819235001e+02 
       4.627017637418e-02       7.349398796274e+02 
       4.655127593643e-02       7.304882483827e+02 
       4.683850950528e-02       7.260270387271e+02 
       4.713225838436e-02       7.215501188298e+02 
       4.743293814168e-02       7.170594678971e+02 
       4.774100271297e-02       7.125526072862e+02 
       4.805694912064e-02       7.080269545171e+02 
       4.838132291952e-02       7.034824420702e+02 
       4.871472450393e-02       6.989174082421e+02 
       4.905781643925e-02       6.943230989270e+02 
       4.941133201783e-02       6.897047535214e+02 
       4.977608528353e-02       6.850550343479e+02 
       5.015298282618e-02       6.803729619697e+02 
       5.054303771845e-02       6.756522200785e+02 
       5.094738605757e-02       6.708900301164e+02 
       5.136730668884e-02       6.660840382119e+02 
       5.180424483333e-02       6.612280267817e+02 
       5.225984052739e-02       6.563134804482e+02 
       5.273596301788e-02       6.513373086559e+02 
       5.323475255774e-02       6.462882583491e+02 
       5.375867142783e-02       6.411584993837e+02 
       5.431056648953e-02       6.359361623400e+02 
       5.489374616450e-02       6.306099203862e+02 
       5.551207544878e-02       6.251643185557e+02 
       5.617009337762e-02       6.195781707958e+02 
       5.687315818582e-02       6.138281609322e+02 
       5.762762604582e-02       6.078834600999e+02 
       5.844106924229e-02       6.017081288238e+02 
       5.932253797381e-02       5.952521488770e+02 
       6.028286471725e-02       5.884517546341e+02 
       6.133499760901e-02       5.812237572078e+02 
       6.249432323971e-02       5.734576011851e+02 
       6.377888977286e-02       5.650066961067e+02 
       6.520935658723e-02       5.556746149868e+02 
       6.680837282307e-02       5.452062419874e+02 
       6.859895815143e-02       5.332820027062e+02 
       7.060145446358e-02       5.195258703095e+02 
       7.282900509302e-02       5.035558766941e+02 
       7.528254764851e-02       4.850763903269e+02 
       7.794763165265e-02       4.640072700418e+02 
       8.079557122545e-02       4.406000138017e+02 
       8.378925639194e-02       4.154771243141e+02 
       8.689081350409e-02       3.895470174917e+02 
       9.006747864852e-02       3.638406750437e+02 
       9.329408122598e-02       3.393354200174e+02 
       9.655282505597e-02       3.168268302196e+02 
       9.983181243343e-02       2.968523742287e+02 
       1.031233738652e-01       2.796805596950e+02 
       1.064226786357e-01       2.653258331131e+02 
       1.097267276976e-01       2.535946951982e+02 
       1.130336756109e-01       2.441353357809e+02 
       1.163423928821e-01       2.364880988969e+02 
       1.196521903954e-01       2.301363571441e+02 
       1.229626484529e-01       2.245520552964e+02 
       1.262735116499e-01       2.192417072389e+02 
       1.295846245788e-01       2.137882640951e+02 
       1.328958926300e-01       2.078824373365e+02 
       1.362072581392e-01       2.013449083483e+02 
       1.395186858906e-01       1.941310771418e+02 
       1.428301543108e-01       1.863184462256e+02 
       1.461416501217e-01       1.780820244751e+02 
       1.494531650939e-01       1.696584703007e+02 
       1.527646940752e-01       1.613092845705e+02 
       1.560762337931e-01       1.532866343005e+02 
       1.593877821275e-01       1.458050779264e+02 
       1.626993376673e-01       1.390247753720e+02 
       1.660108994417e-01       1.330403049575e+02 
       1.693224667555e-01       1.278812111640e+02 
       1.726340390885e-01       1.235165120892e+02 
       1.759456160339e-01       1.198642528312e+02 
       1.792571972603e-01       1.168046663915e+02 
       1.825687824880e-01       1.141932925622e+02 
       1.858803714740e-01       1.118758784523e+02 
       1.891919640029e-01       1.097196515578e+02 
       1.925035598800e-01       1.075834429056e+02 
       1.958151589280e-01       1.053430487969e+02 
       1.991267609837e-01       1.029203477512e+02 
       2.024383658960e-01       1.002769868074e+02 
       2.057499735245e-01       9.741568427506e+01 
       2.090615837384e-01       9.437527664859e+01 
       2.123731964151e-01       9.122033415165e+01 
       2.156848114401e-01       8.802845541958e+01 
       2.189964287058e-01       8.487908105124e+01 
       2.223080481113e-01       8.184397415755e+01 
       2.256196695617e-01       7.898168689957e+01 
       2.289312929674e-01       7.633518989666e+01 
       2.322429182442e-01       7.393155162006e+01 
       2.355545453127e-01       7.178073879411e+01 
       2.388661740978e-01       6.987769779602e+01 
       2.421778045285e-01       6.820192551420e+01 
       2.454894365379e-01       6.671963044551e+01 
       2.488010700625e-01       6.538788318429e+01 
       2.521127050422e-01       6.415894614813e+01 
       2.554243414200e-01       6.298583595478e+01 
       2.587359791419e-01       6.182682336106e+01 
       2.620476181567e-01       6.064942450713e+01 
       2.653592584155e-01       5.943149916717e+01 
       2.686708998722e-01       5.816157335955e+01 
       2.719825424828e-01       5.683817353566e+01 
       2.752941862052e-01       5.546790508546e+01 
       2.786058309997e-01       5.406520502874e+01 
       2.819174768282e-01       5.264975789361e+01 
       2.852291236545e-01       5.124501893351e+01 
       2.885407714441e-01       4.987492439024e+01 
       2.918524201640e-01       4.856127021016e+01 
       2.951640697827e-01       4.732094612892e+01 
       2.984757202702e-01       4.616436873411e+01 
       3.017873715976e-01       4.509522831071e+01 
       3.050990237374e-01       4.411092888768e+01 
       3.084106766634e-01       4.320435519991e+01 
       3.117223303504e-01       4.236525628069e+01 
       3.150339847742e-01       4.158153117304e+01 
       3.183456399118e-01       4.084020765129e+01 
       3.216572957409e-01       4.012809940350e+01 
       3.249689522404e-01       3.943244570796e+01 
       3.282806093897e-01       3.874203367379e+01 
       3.315922671695e-01       3.804816511002e+01 
       3.349039255608e-01       3.734546291900e+01 
       3.382155845457e-01       3.663239160579e+01 
       3.415272441067e-01       3.591071461273e+01 
       3.448389042272e-01       3.518490060186e+01 
       3.481505648911e-01       3.446086655518e+01 
       3.514622260831e-01       3.374493562068e+01 
       3.547738877882e-01       3.304326118497e+01 
       3.580855499922e-01       3.236130556531e+01 
       3.613972126813e-01       3.170363688273e+01 
       3.647088758422e-01       3.107408072853e+01 
       3.680205394621e-01       3.047503840556e+01 
       3.713322035287e-01       2.990722731488e+01 
       3.746438680301e-01       2.936981277671e+01 
       3.779555329547e-01       2.885996264678e+01 
       3.812671982916e-01       2.837365544017e+01 
       3.845788640301e-01       2.790619942363e+01 
       3.878905301597e-01       2.745302369039e+01 
       3.912021966706e-01       2.701016329891e+01 
       3.945138635530e-01       2.657458497131e+01 
       3.978255307977e-01       2.614409119822e+01 
       4.011371983957e-01       2.571721900192e+01 
       4.044488663382e-01       2.529291162984e+01 
       4.077605346168e-01       2.487085782681e+01 
       4.110722032234e-01       2.445127694907e+01 
       4.143838721501e-01       2.403517007485e+01 
       4.176955413892e-01       2.362405283546e+01 
       4.210072109333e-01       2.321989795856e+01 
       4.243188807752e-01       2.282456596217e+01 
       4.276305509081e-01       2.243956268569e+01 
       4.309422213251e-01       2.206583763975e+01 
       4.342538920198e-01       2.170376364214e+01 
       4.375655629858e-01       2.135328826314e+01 
       4.408772342170e-01       2.101422910023e+01 
       4.441889057074e-01       2.068622590258e+01 
       4.475005774513e-01       2.036883536456e+01 
       4.508122494430e-01       2.006136851213e+01 
       4.541239216771e-01       1.976288130862e+01 
       4.574355941484e-01       1.947212730840e+01 
       4.607472668516e-01       1.918770115538e+01 
       4.640589397819e-01       1.890834173837e+01 
       4.673706129343e-01       1.863305181539e+01 
       4.706822863041e-01       1.836129825543e+01 
       4.739939598869e-01       1.809287204644e+01 
       4.773056336780e-01       1.782782242870e+01 
       4.806173076733e-01       1.756625726981e+01 
       4.839289818685e-01       1.730829984910e+01 
       4.872406562596e-01       1.705414507006e+01 
       4.905523308424e-01       1.680406213589e+01 
       4.938640056133e-01       1.655844877947e+01 
       4.971756805683e-01       1.631782202666e+01 
       5.004873557039e-01       1.608282893869e+01 
       5.037990310164e-01       1.585375800057e+01 
       5.071107065024e-01       1.563071000349e+01 
       5.104223821585e-01       1.541365579172e+01 
       5.137340579814e-01       1.520206066060e+01 
       5.170457339678e-01       1.499546441315e+01 
       5.203574101147e-01       1.479343787754e+01 
       5.236690864190e-01       1.459559062079e+01 
       5.269807628778e-01       1.440166000319e+01 
       5.302924394880e-01       1.421137899736e+01 
       5.336041162469e-01       1.402444677444e+01 
       5.369157931517e-01       1.384050642951e+01 
       5.402274701998e-01       1.365923238003e+01 
       5.435391473885e-01       1.348038922555e+01 
       5.468508247152e-01       1.330402073333e+01 
       5.501625021775e-01       1.313018971964e+01 
       5.534741797728e-01       1.295915195510e+01 
       5.567858574989e-01       1.279107093915e+01 
       5.600975353534e-01       1.262605203861e+01 
       5.634092133340e-01       1.246408998402e+01 
       5.667208914385e-01       1.230510433207e+01 
       5.700325696648e-01       1.214901737190e+01 
       5.733442480106e-01       1.199581127070e+01 
       5.766559264741e-01       1.184553066812e+01 
       5.799676050531e-01       1.169823262369e+01 
       5.832792837456e-01       1.155390908567e+01 
       5.865909625498e-01       1.141246034866e+01 
       5.899026414637e-01       1.127366715214e+01 
       5.932143204855e-01       1.113735914402e+01 
       5.965259996135e-01       1.100327041237e+01 
       5.998376788458e-01       1.087129780161e+01 
       6.031493581807e-01       1.074141367062e+01 
       6.064610376165e-01       1.061362593240e+01 
       6.097727171517e-01       1.048791151146e+01 
       6.130843967845e-01       1.036419967599e+01 
       6.163960765134e-01       1.024238605102e+01 
       6.197077563368e-01       1.012234133671e+01 
       6.230194362533e-01       1.000401114093e+01 
       6.263311162613e-01       9.887397415719e+00 
       6.296427963595e-01       9.772586163119e+00 
       6.329544765463e-01       9.659668829599e+00 
       6.362661568205e-01       9.548701426985e+00 
       6.395778371805e-01       9.439665776329e+00 
       6.428895176252e-01       9.332481410650e+00 
       6.462011981532e-01       9.227037325272e+00 
       6.495128787633e-01       9.123256844813e+00 
       6.528245594541e-01       9.021108619984e+00 
       6.561362402245e-01       8.920605242682e+00 
       6.594479210732e-01       8.821766962514e+00 
       6.627596019991e-01       8.724577722611e+00 
       6.660712830010e-01       8.628966934938e+00 
       6.693829640778e-01       8.534825922879e+00 
       6.726946452283e-01       8.442043120991e+00 
       6.760063264516e-01       8.350539154920e+00 
       6.793180077465e-01       8.260304218763e+00 
       6.826296891120e-01       8.171356847308e+00 
       6.859413705470e-01       8.083768646632e+00 
       6.892530520506e-01       7.997518363015e+00 
       6.925647336217e-01       7.912579357638e+00 
       6.958764152595e-01       7.828874687526e+00 
       6.991880969629e-01       7.746346596048e+00 
       7.024997787310e-01       7.664948316933e+00 
       7.058114605629e-01       7.584685939838e+00 
       7.091231424578e-01       7.505611104494e+00 
       7.124348244147e-01       7.427745884120e+00 
       7.157465064327e-01       7.351091889510e+00 
       7.190581885111e-01       7.275625894477e+00 
       7.223698706489e-01       7.201266704509e+00 
       7.256815528454e-01       7.127937519942e+00 
       7.289932350998e-01       7.055602436432e+00 
       7.323049174113e-01       6.984246783590e+00 
       7.356165997791e-01       6.913908060387e+00 
       7.389282822025e-01       6.844592432800e+00 
       7.422399646806e-01       6.776300316192e+00 
       7.455516472128e-01       6.708990778872e+00 
       7.488633297984e-01       6.642596090463e+00 
       7.521750124367e-01       6.577053919085e+00 
       7.554866951269e-01       6.512346398164e+00 
       8.198102721918e-01       5.414288046370e+00 
       9.096865378917e-01       4.270494811746e+00 
       1.048113480481e+00       3.079352926457e+00 
       1.272309008191e+00       1.955252782961e+00 
       1.594812285659e+00       1.141242053951e+00 
       2.007541292717e+00       6.534836708061e-01 
       2.527343447222e+00       3.710028056796e-01 
       3.181736888759e+00       2.090514777542e-01 
       4.005569422901e+00       1.169890264182e-01 
       5.042713135196e+00       6.506071765267e-02 
       6.348399710287e+00       3.597513282979e-02 
       7.992161719507e+00       1.978841224544e-02 
       1.006153548386e+01       1.083204789920e-02 
       1.266672270229e+01       5.902949813060e-03 
       1.594645909407e+01       3.203411691843e-03 
       2.007540258166e+01       1.731706098128e-03 
       2.527343446205e+01       9.327022092901e-04 
       3.181736888759e+01       5.005969417424e-04 
       4.005569422901e+01       2.677766518439e-04 
       5.042713135196e+01       1.427523741760e-04 
       6.348399710287e+01       7.583572700736e-05 
       7.992161719507e+01       4.013482722596e-05 
       1.006153548386e+02       2.114796619541e-05 
       1.266672270229e+02       1.108380616915e-05 
       1.594645909407e+02       5.769373726270e-06 
       2.007540258166e+02       2.975589278335e-06 
       2.527343446205e+02       1.515800229600e-06 
       3.181736888759e+02       7.596827683871e-07 
       4.005569422901e+02       3.731481686463e-07 
       5.042713135196e+02       1.793887234628e-07 
       6.348399710287e+02       8.473596604350e-08 
       7.992161719507e+02       3.969886909717e-08 
       1.006153548386e+03       1.859436943690e-08 
