# Matter power spectrum P(k) at redshift z=3.5
# for k=1.04575e-05 to 1006.15 h/Mpc,
# number of wavenumbers equal to 625
#    1:k (h/Mpc)              2:P (Mpc/h)^3        
       1.045749810485e-05       3.549464795979e+00 
       2.373043761528e-05       7.946981886542e+00 
       3.705205197341e-05       1.231075074270e+01 
       5.046040160262e-05       1.667028435616e+01 
       6.399420676399e-05       2.104570044057e+01 
       7.769321405898e-05       2.545399016217e+01 
       9.159857522556e-05       2.991089992799e+01 
       1.057532435558e-04       3.443176498852e+01 
       1.202023933008e-04       3.903198269012e+01 
       1.349938674647e-04       4.372733481863e+01 
       1.501786593808e-04       4.853424155667e+01 
       1.658114333596e-04       5.346998347731e+01 
       1.819510894196e-04       5.855291032450e+01 
       1.986613765579e-04       6.380264693266e+01 
       2.160115580438e-04       6.924030165076e+01 
       2.340771306401e-04       7.488868045062e+01 
       2.529405972213e-04       8.077250734982e+01 
       2.726922886571e-04       8.691865049475e+01 
       2.934312256600e-04       9.335634973309e+01 
       3.152660040981e-04       1.001174399233e+02 
       3.383156775180e-04       1.072365606566e+02 
       3.627105977775e-04       1.147513377927e+02 
       3.885931583209e-04       1.227025181402e+02 
       4.161183645581e-04       1.311340317347e+02 
       4.454541324261e-04       1.400929488442e+02 
       4.767811907995e-04       1.496292928380e+02 
       5.102924387431e-04       1.597956612034e+02 
       5.461915893473e-04       1.706466052923e+02 
       5.846909251320e-04       1.822377192230e+02 
       6.260080050474e-04       1.946243970063e+02 
       6.703612104985e-04       2.078602356177e+02 
       7.179641068864e-04       2.219950967992e+02 
       7.690187318622e-04       2.370728857952e+02 
       8.237080952403e-04       2.531291655953e+02 
       8.821883665213e-04       2.701887817702e+02 
       9.445813962622e-04       2.882637190329e+02 
       1.010968318642e-03       3.073514459510e+02 
       1.081384969221e-03       3.274339604137e+02 
       1.155819700313e-03       3.484777003248e+02 
       1.234213899658e-03       3.704343725675e+02 
       1.316465168833e-03       3.932426201736e+02 
       1.402432774394e-03       4.168303518275e+02 
       1.491944724558e-03       4.411174849727e+02 
       1.584805697329e-03       4.660188016065e+02 
       1.680805061300e-03       4.914466749567e+02 
       1.779724358910e-03       5.173135051513e+02 
       1.881343813733e-03       5.435337174832e+02 
       1.985447627100e-03       5.700252961496e+02 
       2.091828006459e-03       5.967109048718e+02 
       2.200287998256e-03       6.235185960095e+02 
       2.310643277916e-03       6.503813653903e+02 
       2.422723085604e-03       6.772397483927e+02 
       2.536370500476e-03       7.040396098179e+02 
       2.651442230081e-03       7.307324565789e+02 
       2.767808065318e-03       7.572751663050e+02 
       2.885350122018e-03       7.836298684707e+02 
       3.003961962113e-03       8.097632260853e+02 
       3.123547662764e-03       8.356462611134e+02 
       3.244020881646e-03       8.612537910724e+02 
       3.365303950641e-03       8.865640444877e+02 
       3.487327018288e-03       9.115583024704e+02 
       3.610027252458e-03       9.362205349261e+02 
       3.733348108622e-03       9.605372793868e+02 
       3.857238664757e-03       9.844970527399e+02 
       3.981653021215e-03       1.008090357392e+03 
       4.106549762154e-03       1.031309588693e+03 
       4.231891474164e-03       1.054148385097e+03 
       4.357644317282e-03       1.076602203293e+03 
       4.483777643502e-03       1.098667254909e+03 
       4.610263657980e-03       1.120341308537e+03 
       4.737077118433e-03       1.141622632781e+03 
       4.864195068510e-03       1.162510604935e+03 
       4.991596601329e-03       1.183005408637e+03 
       5.119262649698e-03       1.203107446613e+03 
       5.247175799933e-03       1.222818266788e+03 
       5.375320126495e-03       1.242139265907e+03 
       5.503681045008e-03       1.261072684603e+03 
       5.632245181484e-03       1.279621362345e+03 
       5.761000255846e-03       1.297787885849e+03 
       5.889934978076e-03       1.315575454827e+03 
       6.019038955502e-03       1.332987453376e+03 
       6.148302609931e-03       1.350027339599e+03 
       6.277717103485e-03       1.366699075149e+03 
       6.407274272154e-03       1.383006783872e+03 
       6.536966566162e-03       1.398953883450e+03 
       6.666786996400e-03       1.414544862213e+03 
       6.796729086234e-03       1.429783756650e+03 
       6.926786828089e-03       1.444674840764e+03 
       7.056954644300e-03       1.459222860324e+03 
       7.187227351743e-03       1.473431930050e+03 
       7.317600129859e-03       1.487306254960e+03 
       7.448068491705e-03       1.500850308363e+03 
       7.578628257697e-03       1.514068669613e+03 
       7.709275531791e-03       1.526965021024e+03 
       7.840006679834e-03       1.539544773815e+03 
       7.970818309857e-03       1.551811767979e+03 
       8.101707254141e-03       1.563769679569e+03 
       8.232670552846e-03       1.575423727253e+03 
       8.363705439076e-03       1.586777977421e+03 
       8.494809325229e-03       1.597835602806e+03 
       8.625979790500e-03       1.608601721749e+03 
       8.757214569446e-03       1.619080440952e+03 
       8.888511541496e-03       1.629275668578e+03 
       9.019868721331e-03       1.639191154161e+03 
       9.151284250039e-03       1.648831366708e+03 
       9.282756386994e-03       1.658201840621e+03 
       9.414283502372e-03       1.667303888587e+03 
       9.545864070270e-03       1.676141242975e+03 
       9.677496662351e-03       1.684718469874e+03 
       9.809179941995e-03       1.693039505261e+03 
       9.940912658886e-03       1.701107445449e+03 
       1.007269364402e-02       1.708926328278e+03 
       1.020452180510e-02       1.716499768123e+03 
       1.033639612222e-02       1.723830950278e+03 
       1.046831564399e-02       1.730923977818e+03 
       1.060027948378e-02       1.737781028967e+03 
       1.073228681639e-02       1.744406502507e+03 
       1.086433687490e-02       1.750803492583e+03 
       1.099642894770e-02       1.756975098068e+03 
       1.112856237583e-02       1.762924826406e+03 
       1.126073655044e-02       1.768655284295e+03 
       1.139295091047e-02       1.774170673515e+03 
       1.152520494046e-02       1.779473078367e+03 
       1.165749816853e-02       1.784565225283e+03 
       1.178983016452e-02       1.789451805414e+03 
       1.192220053825e-02       1.794133954918e+03 
       1.205460893787e-02       1.798615115483e+03 
       1.218705504840e-02       1.802898757869e+03 
       1.231953859028e-02       1.806987846726e+03 
       1.245205931810e-02       1.810882917082e+03 
       1.258461701939e-02       1.814589715130e+03 
       1.271721151347e-02       1.818109125408e+03 
       1.284984265044e-02       1.821444287110e+03 
       1.298251031021e-02       1.824596833832e+03 
       1.311521440158e-02       1.827571566135e+03 
       1.324795486143e-02       1.830369712687e+03 
       1.338073165393e-02       1.832993475204e+03 
       1.351354476986e-02       1.835446454584e+03 
       1.364639422595e-02       1.837730520334e+03 
       1.377928006424e-02       1.839847902132e+03 
       1.391220235156e-02       1.841801387853e+03 
       1.404516117903e-02       1.843593535588e+03 
       1.417815666155e-02       1.845226907226e+03 
       1.431118893742e-02       1.846702234228e+03 
       1.444425816794e-02       1.848024370321e+03 
       1.457736453706e-02       1.849193153166e+03 
       1.471050825103e-02       1.850212428193e+03 
       1.484368953822e-02       1.851083263642e+03 
       1.497690864875e-02       1.851809006458e+03 
       1.511016585436e-02       1.852390558644e+03 
       1.524346144820e-02       1.852831648570e+03 
       1.537679574464e-02       1.853133455460e+03 
       1.551016907917e-02       1.853298161354e+03 
       1.564358180828e-02       1.853328407029e+03 
       1.577703430938e-02       1.853225543075e+03 
       1.591052698073e-02       1.852992144645e+03 
       1.604406024142e-02       1.852630229657e+03 
       1.617763453133e-02       1.852141796401e+03 
       1.631125031118e-02       1.851528366979e+03 
       1.644490806251e-02       1.850792423953e+03 
       1.657860828775e-02       1.849935971982e+03 
       1.671235151029e-02       1.848960906367e+03 
       1.684613827459e-02       1.847869210343e+03 
       1.697996914622e-02       1.846661180208e+03 
       1.711384471207e-02       1.845340254360e+03 
       1.724776558040e-02       1.843909770506e+03 
       1.738173238109e-02       1.842370096658e+03 
       1.751574576578e-02       1.840721260923e+03 
       1.764980640804e-02       1.838967052670e+03 
       1.778391500363e-02       1.837109022361e+03 
       1.791807227070e-02       1.835149147490e+03 
       1.805227895006e-02       1.833088207840e+03 
       1.818653580541e-02       1.830929193177e+03 
       1.832084362365e-02       1.828672407117e+03 
       1.845520321520e-02       1.826320564867e+03 
       1.858961541424e-02       1.823874211935e+03 
       1.872408107911e-02       1.821336643666e+03 
       1.885860109264e-02       1.818708795128e+03 
       1.899317636251e-02       1.815990440190e+03 
       1.912780782161e-02       1.813186149668e+03 
       1.926249642850e-02       1.810294216962e+03 
       1.939724316775e-02       1.807321709774e+03 
       1.953204905044e-02       1.804261465777e+03 
       1.966691511458e-02       1.801125606886e+03 
       1.980184242558e-02       1.797906471542e+03 
       1.993683207674e-02       1.794610706983e+03 
       2.007188518977e-02       1.791238874861e+03 
       2.020700291530e-02       1.787789096620e+03 
       2.034218643342e-02       1.784266494348e+03 
       2.047743695426e-02       1.780672550260e+03 
       2.061275571856e-02       1.777007546528e+03 
       2.074814399829e-02       1.773272487930e+03 
       2.088360309724e-02       1.769469046106e+03 
       2.101913435170e-02       1.765598587142e+03 
       2.115473913110e-02       1.761662315590e+03 
       2.129041883873e-02       1.757665491964e+03 
       2.142617491241e-02       1.753602147226e+03 
       2.156200882525e-02       1.749479469254e+03 
       2.169792208640e-02       1.745295835873e+03 
       2.183391624183e-02       1.741053106144e+03 
       2.196999287514e-02       1.736754063105e+03 
       2.210615360838e-02       1.732395689078e+03 
       2.224240010293e-02       1.727986365742e+03 
       2.237873406036e-02       1.723519388870e+03 
       2.251515722336e-02       1.719000815758e+03 
       2.265167137665e-02       1.714434691088e+03 
       2.278827834800e-02       1.709814754616e+03 
       2.292498000920e-02       1.705145648592e+03 
       2.306177827707e-02       1.700431056873e+03 
       2.319867511457e-02       1.695667732283e+03 
       2.333567253186e-02       1.690860831301e+03 
       2.347277258747e-02       1.686007594128e+03 
       2.360997738941e-02       1.681113434038e+03 
       2.374728909641e-02       1.676175616221e+03 
       2.388470991917e-02       1.671200369076e+03 
       2.402224212160e-02       1.666183807185e+03 
       2.415988802217e-02       1.661127962788e+03 
       2.429764999526e-02       1.656031806380e+03 
       2.443553047256e-02       1.650902645764e+03 
       2.457353194453e-02       1.645739812114e+03 
       2.471165696187e-02       1.640540117069e+03 
       2.484990813710e-02       1.635307166898e+03 
       2.498828814611e-02       1.630043424047e+03 
       2.512679972984e-02       1.624745500688e+03 
       2.526544569592e-02       1.619419539878e+03 
       2.540422892050e-02       1.614065399648e+03 
       2.554315234997e-02       1.608681009658e+03 
       2.568221900292e-02       1.603268437830e+03 
       2.582143197196e-02       1.597828673775e+03 
       2.596079442580e-02       1.592364888191e+03 
       2.610030961129e-02       1.586877260766e+03 
       2.623998085549e-02       1.581368777600e+03 
       2.637981156794e-02       1.575831897864e+03 
       2.651980524290e-02       1.570276237474e+03 
       2.665996546168e-02       1.564696976293e+03 
       2.680029589511e-02       1.559100526397e+03 
       2.694080030602e-02       1.553481154361e+03 
       2.708148255186e-02       1.547846445570e+03 
       2.722234658737e-02       1.542193937493e+03 
       2.736339646738e-02       1.536521743617e+03 
       2.750463634970e-02       1.530831811457e+03 
       2.764607049807e-02       1.525131924694e+03 
       2.778770328530e-02       1.519411568240e+03 
       2.792953919641e-02       1.513684926169e+03 
       2.807158283200e-02       1.507938552147e+03 
       2.821383891169e-02       1.502179271023e+03 
       2.835631227763e-02       1.496409129764e+03 
       2.849900789825e-02       1.490629202801e+03 
       2.864193087208e-02       1.484840838573e+03 
       2.878508643170e-02       1.479036737805e+03 
       2.892847994792e-02       1.473228098027e+03 
       2.907211693401e-02       1.467406600834e+03 
       2.921600305018e-02       1.461586497933e+03 
       2.936014410820e-02       1.455749028371e+03 
       2.950454607619e-02       1.449908836842e+03 
       2.964921508358e-02       1.444061248163e+03 
       2.979415742637e-02       1.438211799169e+03 
       2.993937957245e-02       1.432353898686e+03 
       3.008488816723e-02       1.426491683707e+03 
       3.023069003948e-02       1.420625689229e+03 
       3.037679220740e-02       1.414755983196e+03 
       3.052320188494e-02       1.408883196829e+03 
       3.066992648838e-02       1.403009709775e+03 
       3.081697364318e-02       1.397136239507e+03 
       3.096435119115e-02       1.391253877326e+03 
       3.111206719787e-02       1.385373750915e+03 
       3.126012996051e-02       1.379495341359e+03 
       3.140854801586e-02       1.373620339165e+03 
       3.155733014887e-02       1.367740284752e+03 
       3.170648540141e-02       1.361861682469e+03 
       3.185602308155e-02       1.355985154274e+03 
       3.200595277315e-02       1.350114670753e+03 
       3.215628434598e-02       1.344240305405e+03 
       3.230702796621e-02       1.338371571590e+03 
       3.245819410741e-02       1.332505331947e+03 
       3.260979356215e-02       1.326637611320e+03 
       3.276183745398e-02       1.320778435201e+03 
       3.291433725013e-02       1.314924008216e+03 
       3.306730477471e-02       1.309071181736e+03 
       3.322075222260e-02       1.303219216153e+03 
       3.337469217403e-02       1.297378170694e+03 
       3.352913760980e-02       1.291544756954e+03 
       3.368410192736e-02       1.285710670003e+03 
       3.383959895760e-02       1.279884436992e+03 
       3.399564298254e-02       1.274064376061e+03 
       3.415224875396e-02       1.268248824146e+03 
       3.430943151287e-02       1.262443772668e+03 
       3.446720701016e-02       1.256638682587e+03 
       3.462559152820e-02       1.250847409873e+03 
       3.478460190367e-02       1.245059161096e+03 
       3.494425555159e-02       1.239280443832e+03 
       3.510457049068e-02       1.233506322630e+03 
       3.526556537007e-02       1.227746524232e+03 
       3.542725949757e-02       1.221988788475e+03 
       3.558967286947e-02       1.216239781276e+03 
       3.575282620204e-02       1.210497146133e+03 
       3.591674096486e-02       1.204764973684e+03 
       3.608143941613e-02       1.199041633581e+03 
       3.624694463996e-02       1.193325956426e+03 
       3.641328058594e-02       1.187621371264e+03 
       3.658047211114e-02       1.181923133976e+03 
       3.674854502456e-02       1.176235430376e+03 
       3.691752613441e-02       1.170553032381e+03 
       3.708744329831e-02       1.164880412772e+03 
       3.725832547669e-02       1.159216216280e+03 
       3.743020278953e-02       1.153561797697e+03 
       3.760310657689e-02       1.147915044671e+03 
       3.777706946333e-02       1.142282636147e+03 
       3.795212542663e-02       1.136651429281e+03 
       3.812830987117e-02       1.131031813803e+03 
       3.830565970624e-02       1.125420697812e+03 
       3.848421342989e-02       1.119821555221e+03 
       3.866401121852e-02       1.114227838616e+03 
       3.884509502293e-02       1.108639772017e+03 
       3.902750867120e-02       1.103065850962e+03 
       3.921129797920e-02       1.097498259798e+03 
       3.939651086917e-02       1.091935048766e+03 
       3.958319749728e-02       1.086380615856e+03 
       3.977141039084e-02       1.080836637601e+03 
       3.996120459624e-02       1.075299493334e+03 
       4.015263783837e-02       1.069769259429e+03 
       4.034577069283e-02       1.064243438443e+03 
       4.054066677207e-02       1.058727430002e+03 
       4.073739292676e-02       1.053214393410e+03 
       4.093601946408e-02       1.047709878152e+03 
       4.113662038441e-02       1.042214130907e+03 
       4.133927363850e-02       1.036721747879e+03 
       4.154406140720e-02       1.031230495978e+03 
       4.175107040600e-02       1.025758166564e+03 
       4.196039221729e-02       1.020269088281e+03 
       4.217212365321e-02       1.014794422070e+03 
       4.238636715250e-02       1.009321682004e+03 
       4.260323121533e-02       1.003848799503e+03 
       4.282283088035e-02       9.983858845247e+02 
       4.304528824899e-02       9.929160446103e+02 
       4.327073306268e-02       9.874534055252e+02 
       4.349930333937e-02       9.819918962050e+02 
       4.373114607684e-02       9.765251705478e+02 
       4.396641803108e-02       9.710598108796e+02 
       4.420528657961e-02       9.655932648879e+02 
       4.444793068082e-02       9.601228094081e+02 
       4.469454194227e-02       9.546490702837e+02 
       4.494532581288e-02       9.491686740869e+02 
       4.520050291638e-02       9.436867130379e+02 
       4.546031054620e-02       9.381940044696e+02 
       4.572500434546e-02       9.326943426040e+02 
       4.599486019958e-02       9.271826955663e+02 
       4.627017637418e-02       9.216613270702e+02 
       4.655127593643e-02       9.161281648162e+02 
       4.683850950528e-02       9.105832649878e+02 
       4.713225838436e-02       9.050189810675e+02 
       4.743293814168e-02       8.994378243289e+02 
       4.774100271297e-02       8.938367283866e+02 
       4.805694912064e-02       8.882124849815e+02 
       4.838132291952e-02       8.825650268290e+02 
       4.871472450393e-02       8.768922993532e+02 
       4.905781643925e-02       8.711833441746e+02 
       4.941133201783e-02       8.654447686418e+02 
       4.977608528353e-02       8.596673551128e+02 
       5.015298282618e-02       8.538499010451e+02 
       5.054303771845e-02       8.479844976308e+02 
       5.094738605757e-02       8.420676742520e+02 
       5.136730668884e-02       8.360965090129e+02 
       5.180424483333e-02       8.300632183453e+02 
       5.225984052739e-02       8.239571664565e+02 
       5.273596301788e-02       8.177745307415e+02 
       5.323475255774e-02       8.115012608623e+02 
       5.375867142783e-02       8.051276406512e+02 
       5.431056648953e-02       7.986389218562e+02 
       5.489374616450e-02       7.920210477109e+02 
       5.551207544878e-02       7.852548598266e+02 
       5.617009337762e-02       7.783140434146e+02 
       5.687315818582e-02       7.711696614101e+02 
       5.762762604582e-02       7.637833952368e+02 
       5.844106924229e-02       7.561105384664e+02 
       5.932253797381e-02       7.480887317106e+02 
       6.028286471725e-02       7.396382675616e+02 
       6.133499760901e-02       7.306549098862e+02 
       6.249432323971e-02       7.209997427291e+02 
       6.377888977286e-02       7.104881994500e+02 
       6.520935658723e-02       6.988726684187e+02 
       6.680837282307e-02       6.858316408882e+02 
       6.859895815143e-02       6.709627320230e+02 
       7.060145446358e-02       6.537922251606e+02 
       7.282900509302e-02       6.338364701345e+02 
       7.528254764851e-02       6.107170725843e+02 
       7.794763165265e-02       5.843275203374e+02 
       8.079557122545e-02       5.549817082712e+02 
       8.378925639194e-02       5.234586527747e+02 
       8.689081350409e-02       4.908987657554e+02 
       9.006747864852e-02       4.586025125269e+02 
       9.329408122598e-02       4.278017136943e+02 
       9.655282505597e-02       3.995009168708e+02 
       9.983181243343e-02       3.743816573875e+02 
       1.031233738652e-01       3.527842180105e+02 
       1.064226786357e-01       3.347301031610e+02 
       1.097267276976e-01       3.199777896394e+02 
       1.130336756109e-01       3.080847665208e+02 
       1.163423928821e-01       2.984733676389e+02 
       1.196521903954e-01       2.904923121163e+02 
       1.229626484529e-01       2.834759737846e+02 
       1.262735116499e-01       2.768022754581e+02 
       1.295846245788e-01       2.699445006238e+02 
       1.328958926300e-01       2.625126983867e+02 
       1.362072581392e-01       2.542802981893e+02 
       1.395186858906e-01       2.451908589393e+02 
       1.428301543108e-01       2.353425924916e+02 
       1.461416501217e-01       2.249562453921e+02 
       1.494531650939e-01       2.143310970356e+02 
       1.527646940752e-01       2.037976285008e+02 
       1.560762337931e-01       1.936744740138e+02 
       1.593877821275e-01       1.842332249992e+02 
       1.626993376673e-01       1.756762951713e+02 
       1.660108994417e-01       1.681235850698e+02 
       1.693224667555e-01       1.616127264140e+02 
       1.726340390885e-01       1.561046707615e+02 
       1.759456160339e-01       1.514962321349e+02 
       1.792571972603e-01       1.476360761592e+02 
       1.825687824880e-01       1.443418020302e+02 
       1.858803714740e-01       1.414185866365e+02 
       1.891919640029e-01       1.386985534752e+02 
       1.925035598800e-01       1.360034279056e+02 
       1.958151589280e-01       1.331761258953e+02 
       1.991267609837e-01       1.301179166700e+02 
       2.024383658960e-01       1.267803627513e+02 
       2.057499735245e-01       1.231667969651e+02 
       2.090615837384e-01       1.193264252374e+02 
       2.123731964151e-01       1.153408295888e+02 
       2.156848114401e-01       1.113081411634e+02 
       2.189964287058e-01       1.073288851427e+02 
       2.223080481113e-01       1.034937453424e+02 
       2.256196695617e-01       9.987687252600e+01 
       2.289312929674e-01       9.653259874254e+01 
       2.322429182442e-01       9.349518166097e+01 
       2.355545453127e-01       9.077730920058e+01 
       2.388661740978e-01       8.837255580760e+01 
       2.421778045285e-01       8.625507682762e+01 
       2.454894365379e-01       8.438213864370e+01 
       2.488010700625e-01       8.269945323445e+01 
       2.521127050422e-01       8.114670436020e+01 
       2.554243414200e-01       7.966442891889e+01 
       2.587359791419e-01       7.819989405289e+01 
       2.620476181567e-01       7.671200739745e+01 
       2.653592584155e-01       7.517275024995e+01 
       2.686708998722e-01       7.356764964574e+01 
       2.719825424828e-01       7.189480181953e+01 
       2.752941862052e-01       7.016258830068e+01 
       2.786058309997e-01       6.838927325580e+01 
       2.819174768282e-01       6.659973596739e+01 
       2.852291236545e-01       6.482368469483e+01 
       2.885407714441e-01       6.309136775813e+01 
       2.918524201640e-01       6.143038394804e+01 
       2.951640697827e-01       5.986210403944e+01 
       2.984757202702e-01       5.839969366749e+01 
       3.017873715976e-01       5.704785589053e+01 
       3.050990237374e-01       5.580328554072e+01 
       3.084106766634e-01       5.465700224859e+01 
       3.117223303504e-01       5.359604412983e+01 
       3.150339847742e-01       5.260508925122e+01 
       3.183456399118e-01       5.166775511048e+01 
       3.216572957409e-01       5.076734025296e+01 
       3.249689522404e-01       4.988771352606e+01 
       3.282806093897e-01       4.901469432142e+01 
       3.315922671695e-01       4.813726356163e+01 
       3.349039255608e-01       4.724863967847e+01 
       3.382155845457e-01       4.634686430066e+01 
       3.415272441067e-01       4.543417640013e+01 
       3.448389042272e-01       4.451623485579e+01 
       3.481505648911e-01       4.360051194771e+01 
       3.514622260831e-01       4.269502825209e+01 
       3.547738877882e-01       4.180755502705e+01 
       3.580855499922e-01       4.094500972382e+01 
       3.613972126813e-01       4.011317911848e+01 
       3.647088758422e-01       3.931689237973e+01 
       3.680205394621e-01       3.855920302679e+01 
       3.713322035287e-01       3.784101025518e+01 
       3.746438680301e-01       3.716126166987e+01 
       3.779555329547e-01       3.651638085781e+01 
       3.812671982916e-01       3.590126935272e+01 
       3.845788640301e-01       3.531000344521e+01 
       3.878905301597e-01       3.473679248786e+01 
       3.912021966706e-01       3.417662070524e+01 
       3.945138635530e-01       3.362565720630e+01 
       3.978255307977e-01       3.308111217484e+01 
       4.011371983957e-01       3.254114365501e+01 
       4.044488663382e-01       3.200441013870e+01 
       4.077605346168e-01       3.147051626668e+01 
       4.110722032234e-01       3.093974800406e+01 
       4.143838721501e-01       3.041336196063e+01 
       4.176955413892e-01       2.989328494305e+01 
       4.210072109333e-01       2.938200958212e+01 
       4.243188807752e-01       2.888188925298e+01 
       4.276305509081e-01       2.839483547874e+01 
       4.309422213251e-01       2.792204170911e+01 
       4.342538920198e-01       2.746398789509e+01 
       4.375655629858e-01       2.702060455750e+01 
       4.408772342170e-01       2.659165957705e+01 
       4.441889057074e-01       2.617670279264e+01 
       4.475005774513e-01       2.577516664965e+01 
       4.508122494430e-01       2.538618544412e+01 
       4.541239216771e-01       2.500856293099e+01 
       4.574355941484e-01       2.464071881436e+01 
       4.607472668516e-01       2.428088158850e+01 
       4.640589397819e-01       2.392744872546e+01 
       4.673706129343e-01       2.357916318535e+01 
       4.706822863041e-01       2.323534914543e+01 
       4.739939598869e-01       2.289573976288e+01 
       4.773056336780e-01       2.256040316757e+01 
       4.806173076733e-01       2.222946955915e+01 
       4.839289818685e-01       2.190309957862e+01 
       4.872406562596e-01       2.158153869399e+01 
       4.905523308424e-01       2.126512613362e+01 
       4.938640056133e-01       2.095436877038e+01 
       4.971756805683e-01       2.064991671173e+01 
       5.004873557039e-01       2.035259260183e+01 
       5.037990310164e-01       2.006276093018e+01 
       5.071107065024e-01       1.978054620217e+01 
       5.104223821585e-01       1.950591720391e+01 
       5.137340579814e-01       1.923819188152e+01 
       5.170457339678e-01       1.897679172739e+01 
       5.203574101147e-01       1.872117277276e+01 
       5.236690864190e-01       1.847083868741e+01 
       5.269807628778e-01       1.822546171526e+01 
       5.302924394880e-01       1.798469943529e+01 
       5.336041162469e-01       1.774817407661e+01 
       5.369157931517e-01       1.751543358783e+01 
       5.402274701998e-01       1.728606433435e+01 
       5.435391473885e-01       1.705977199884e+01 
       5.468508247152e-01       1.683660811961e+01 
       5.501625021775e-01       1.661665394850e+01 
       5.534741797728e-01       1.640023463358e+01 
       5.567858574989e-01       1.618755335762e+01 
       5.600975353534e-01       1.597874828762e+01 
       5.634092133340e-01       1.577380934189e+01 
       5.667208914385e-01       1.557263526374e+01 
       5.700325696648e-01       1.537513034448e+01 
       5.733442480106e-01       1.518126748111e+01 
       5.766559264741e-01       1.499110778205e+01 
       5.799676050531e-01       1.480472108894e+01 
       5.832792837456e-01       1.462209675628e+01 
       5.865909625498e-01       1.444311145455e+01 
       5.899026414637e-01       1.426748370825e+01 
       5.932143204855e-01       1.409500175988e+01 
       5.965259996135e-01       1.392532694012e+01 
       5.998376788458e-01       1.375832855456e+01 
       6.031493581807e-01       1.359397439409e+01 
       6.064610376165e-01       1.343227006111e+01 
       6.097727171517e-01       1.327319095209e+01 
       6.130843967845e-01       1.311664449053e+01 
       6.163960765134e-01       1.296249879577e+01 
       6.197077563368e-01       1.281059306398e+01 
       6.230194362533e-01       1.266085456881e+01 
       6.263311162613e-01       1.251328872805e+01 
       6.296427963595e-01       1.236800339568e+01 
       6.329544765463e-01       1.222511303622e+01 
       6.362661568205e-01       1.208469180896e+01 
       6.395778371805e-01       1.194671304300e+01 
       6.428895176252e-01       1.181107755035e+01 
       6.462011981532e-01       1.167764406870e+01 
       6.495128787633e-01       1.154631455800e+01 
       6.528245594541e-01       1.141705148511e+01 
       6.561362402245e-01       1.128986850674e+01 
       6.594479210732e-01       1.116479259509e+01 
       6.627596019991e-01       1.104180365159e+01 
       6.660712830010e-01       1.092081155625e+01 
       6.693829640778e-01       1.080167981117e+01 
       6.726946452283e-01       1.068426567007e+01 
       6.760063264516e-01       1.056846978836e+01 
       6.793180077465e-01       1.045428029960e+01 
       6.826296891120e-01       1.034171878722e+01 
       6.859413705470e-01       1.023087810172e+01 
       6.892530520506e-01       1.012172956729e+01 
       6.925647336217e-01       1.001424044516e+01 
       6.958764152595e-01       9.908313463672e+00 
       6.991880969629e-01       9.803874465206e+00 
       7.024997787310e-01       9.700865862072e+00 
       7.058114605629e-01       9.599293828263e+00 
       7.091231424578e-01       9.499224906353e+00 
       7.124348244147e-01       9.400686704618e+00 
       7.157465064327e-01       9.303680294444e+00 
       7.190581885111e-01       9.208177941009e+00 
       7.223698706489e-01       9.114075783847e+00 
       7.256815528454e-01       9.021277207072e+00 
       7.289932350998e-01       8.929736579845e+00 
       7.323049174113e-01       8.839434563415e+00 
       7.356165997791e-01       8.750419700425e+00 
       7.389282822025e-01       8.662699837948e+00 
       7.422399646806e-01       8.576274589723e+00 
       7.455516472128e-01       8.491093364011e+00 
       7.488633297984e-01       8.407069001265e+00 
       7.521750124367e-01       8.324123694456e+00 
       7.554866951269e-01       8.242234483203e+00 
       8.198102721918e-01       6.852591569420e+00 
       9.096865378917e-01       5.405029154561e+00 
       1.048113480481e+00       3.897500109351e+00 
       1.272309008191e+00       2.474778330600e+00 
       1.594812285659e+00       1.444495870712e+00 
       2.007541292717e+00       8.271353561295e-01 
       2.527343447222e+00       4.695924192396e-01 
       3.181736888759e+00       2.646051795434e-01 
       4.005569422901e+00       1.480781131492e-01 
       5.042713135196e+00       8.235022914842e-02 
       6.348399710287e+00       4.553530062237e-02 
       7.992161719507e+00       2.504702544881e-02 
       1.006153548386e+01       1.371054321821e-02 
       1.266672270229e+01       7.471560181367e-03 
       1.594645909407e+01       4.054635847659e-03 
       2.007540258166e+01       2.191837367440e-03 
       2.527343446205e+01       1.180508877323e-03 
       3.181736888759e+01       6.335806869974e-04 
       4.005569422901e+01       3.388961401981e-04 
       5.042713135196e+01       1.806532951906e-04 
       6.348399710287e+01       9.595924565608e-05 
       7.992161719507e+01       5.077572670796e-05 
       1.006153548386e+02       2.674731989716e-05 
       1.266672270229e+02       1.401224446640e-05 
       1.594645909407e+02       7.288650959994e-06 
       2.007540258166e+02       3.755161079712e-06 
       2.527343446205e+02       1.909830376358e-06 
       3.181736888759e+02       9.548644743040e-07 
       4.005569422901e+02       4.673998558609e-07 
       5.042713135196e+02       2.236243642693e-07 
       6.348399710287e+02       1.049571394802e-07 
       7.992161719507e+02       4.877352868427e-08 
       1.006153548386e+03       2.263586597418e-08 
