# Matter power spectrum P(k) at redshift z=3.5
# for k=1.04575e-05 to 1006.15 h/Mpc,
# number of wavenumbers equal to 625
#    1:k (h/Mpc)              2:P (Mpc/h)^3        
       1.045749810485e-05       3.549543637103e+00 
       2.373043761528e-05       7.947157843906e+00 
       3.705205197341e-05       1.231102176718e+01 
       5.046040160262e-05       1.667064830975e+01 
       6.399420676399e-05       2.104615484187e+01 
       7.769321405898e-05       2.545453204736e+01 
       9.159857522556e-05       2.991152572776e+01 
       1.057532435558e-04       3.443247039307e+01 
       1.202023933008e-04       3.903276249163e+01 
       1.349938674647e-04       4.372818272054e+01 
       1.501786593808e-04       4.853514993922e+01 
       1.658114333596e-04       5.347094311100e+01 
       1.819510894196e-04       5.855391001472e+01 
       1.986613765579e-04       6.380367308185e+01 
       2.160115580438e-04       6.924133771546e+01 
       2.340771306401e-04       7.488970626780e+01 
       2.529405972213e-04       8.077349830210e+01 
       2.726922886571e-04       8.691957646691e+01 
       2.934312256600e-04       9.335717381469e+01 
       3.152660040981e-04       1.001181167873e+02 
       3.383156775180e-04       1.072370345345e+02 
       3.627105977775e-04       1.147515399414e+02 
       3.885931583209e-04       1.227023636805e+02 
       4.161183645581e-04       1.311334157023e+02 
       4.454541324261e-04       1.400917412742e+02 
       4.767811907995e-04       1.496273326563e+02 
       5.102924387431e-04       1.597927486850e+02 
       5.461915893473e-04       1.706424927959e+02 
       5.846909251320e-04       1.822320999131e+02 
       6.260080050474e-04       1.946168912541e+02 
       6.703612104985e-04       2.078503748334e+02 
       7.179641068864e-04       2.219823045001e+02 
       7.690187318622e-04       2.370564558679e+02 
       8.237080952403e-04       2.531082378902e+02 
       8.821883665213e-04       2.701623154323e+02 
       9.445813962622e-04       2.882304642684e+02 
       1.010968318642e-03       3.073099152151e+02 
       1.081384969221e-03       3.273824002886e+02 
       1.155819700313e-03       3.484140655120e+02 
       1.234213899658e-03       3.703563034619e+02 
       1.316465168833e-03       3.931474253798e+02 
       1.402432774394e-03       4.167149967157e+02 
       1.491944724558e-03       4.409785870095e+02 
       1.584805697329e-03       4.658526327820e+02 
       1.680805061300e-03       4.912491712602e+02 
       1.779724358910e-03       5.170802826063e+02 
       1.881343813733e-03       5.432600940520e+02 
       1.985447627100e-03       5.697063186347e+02 
       2.091828006459e-03       5.963413797869e+02 
       2.200287998256e-03       6.230931234628e+02 
       2.310643277916e-03       6.498943768890e+02 
       2.422723085604e-03       6.766855405088e+02 
       2.536370500476e-03       7.034123827959e+02 
       2.651442230081e-03       7.300263517310e+02 
       2.767808065318e-03       7.564843022180e+02 
       2.885350122018e-03       7.827483757225e+02 
       3.003961962113e-03       8.087852804995e+02 
       3.123547662764e-03       8.345661144878e+02 
       3.244020881646e-03       8.600657997644e+02 
       3.365303950641e-03       8.852626952835e+02 
       3.487327018288e-03       9.101382355767e+02 
       3.610027252458e-03       9.346765640340e+02 
       3.733348108622e-03       9.588644082239e+02 
       3.857238664757e-03       9.826904893713e+02 
       3.981653021215e-03       1.006145524881e+03 
       4.106549762154e-03       1.029222132562e+03 
       4.231891474164e-03       1.051914179232e+03 
       4.357644317282e-03       1.074217351245e+03 
       4.483777643502e-03       1.096128091375e+03 
       4.610263657980e-03       1.117644396163e+03 
       4.737077118433e-03       1.138764759662e+03 
       4.864195068510e-03       1.159488778629e+03 
       4.991596601329e-03       1.179816849321e+03 
       5.119262649698e-03       1.199749580784e+03 
       5.247175799933e-03       1.219288717067e+03 
       5.375320126495e-03       1.238435843990e+03 
       5.503681045008e-03       1.257193380595e+03 
       5.632245181484e-03       1.275564334372e+03 
       5.761000255846e-03       1.293551452257e+03 
       5.889934978076e-03       1.311158083457e+03 
       6.019038955502e-03       1.328387752466e+03 
       6.148302609931e-03       1.345244049256e+03 
       6.277717103485e-03       1.361731057517e+03 
       6.407274272154e-03       1.377853109552e+03 
       6.536966566162e-03       1.393613867210e+03 
       6.666786996400e-03       1.409017636778e+03 
       6.796729086234e-03       1.424068640263e+03 
       6.926786828089e-03       1.438771317765e+03 
       7.056954644300e-03       1.453130567400e+03 
       7.187227351743e-03       1.467150647712e+03 
       7.317600129859e-03       1.480835897184e+03 
       7.448068491705e-03       1.494190912066e+03 
       7.578628257697e-03       1.507220385707e+03 
       7.709275531791e-03       1.519928110482e+03 
       7.840006679834e-03       1.532319592385e+03 
       7.970818309857e-03       1.544398766677e+03 
       8.101707254141e-03       1.556169399141e+03 
       8.232670552846e-03       1.567636784808e+03 
       8.363705439076e-03       1.578805066256e+03 
       8.494809325229e-03       1.589677491623e+03 
       8.625979790500e-03       1.600259239746e+03 
       8.757214569446e-03       1.610554477960e+03 
       8.888511541496e-03       1.620567171376e+03 
       9.019868721331e-03       1.630301122714e+03 
       9.151284250039e-03       1.639760845602e+03 
       9.282756386994e-03       1.648951916932e+03 
       9.414283502372e-03       1.657875691399e+03 
       9.545864070270e-03       1.666535939330e+03 
       9.677496662351e-03       1.674937256677e+03 
       9.809179941995e-03       1.683083606432e+03 
       9.940912658886e-03       1.690978112813e+03 
       1.007269364402e-02       1.698624832389e+03 
       1.020452180510e-02       1.706027396934e+03 
       1.033639612222e-02       1.713189008387e+03 
       1.046831564399e-02       1.720113777273e+03 
       1.060027948378e-02       1.726803898175e+03 
       1.073228681639e-02       1.733263769266e+03 
       1.086433687490e-02       1.739496489528e+03 
       1.099642894770e-02       1.745505160114e+03 
       1.112856237583e-02       1.751293285845e+03 
       1.126073655044e-02       1.756863474772e+03 
       1.139295091047e-02       1.762219917565e+03 
       1.152520494046e-02       1.767364700223e+03 
       1.165749816853e-02       1.772300545496e+03 
       1.178983016452e-02       1.777032126390e+03 
       1.192220053825e-02       1.781560584780e+03 
       1.205460893787e-02       1.785889351755e+03 
       1.218705504840e-02       1.790021887069e+03 
       1.231953859028e-02       1.793961147865e+03 
       1.245205931810e-02       1.797707679622e+03 
       1.258461701939e-02       1.801267201865e+03 
       1.271721151347e-02       1.804640608325e+03 
       1.284984265044e-02       1.807831031775e+03 
       1.298251031021e-02       1.810840111790e+03 
       1.311521440158e-02       1.813672631936e+03 
       1.324795486143e-02       1.816329831987e+03 
       1.338073165393e-02       1.818813918727e+03 
       1.351354476986e-02       1.821128488459e+03 
       1.364639422595e-02       1.823275420655e+03 
       1.377928006424e-02       1.825256953266e+03 
       1.391220235156e-02       1.827075878669e+03 
       1.404516117903e-02       1.828734763058e+03 
       1.417815666155e-02       1.830236176238e+03 
       1.431118893742e-02       1.831580872585e+03 
       1.444425816794e-02       1.832773696061e+03 
       1.457736453706e-02       1.833814516494e+03 
       1.471050825103e-02       1.834707178722e+03 
       1.484368953822e-02       1.835452773641e+03 
       1.497690864875e-02       1.836054650992e+03 
       1.511016585436e-02       1.836513736544e+03 
       1.524346144820e-02       1.836833757582e+03 
       1.537679574464e-02       1.837015913502e+03 
       1.551016907917e-02       1.837062397332e+03 
       1.564358180828e-02       1.836975855620e+03 
       1.577703430938e-02       1.836757655190e+03 
       1.591052698073e-02       1.836410375624e+03 
       1.604406024142e-02       1.835936042842e+03 
       1.617763453133e-02       1.835336662087e+03 
       1.631125031118e-02       1.834613765454e+03 
       1.644490806251e-02       1.833769835398e+03 
       1.657860828775e-02       1.832806879643e+03 
       1.671235151029e-02       1.831726795698e+03 
       1.684613827459e-02       1.830531567394e+03 
       1.697996914622e-02       1.829221505977e+03 
       1.711384471207e-02       1.827800034197e+03 
       1.724776558040e-02       1.826270473188e+03 
       1.738173238109e-02       1.824633202237e+03 
       1.751574576578e-02       1.822888262707e+03 
       1.764980640804e-02       1.821039420289e+03 
       1.778391500363e-02       1.819088222818e+03 
       1.791807227070e-02       1.817036639965e+03 
       1.805227895006e-02       1.814885455197e+03 
       1.818653580541e-02       1.812637639771e+03 
       1.832084362365e-02       1.810293505113e+03 
       1.845520321520e-02       1.807855750290e+03 
       1.858961541424e-02       1.805324925815e+03 
       1.872408107911e-02       1.802704305347e+03 
       1.885860109264e-02       1.799994825389e+03 
       1.899317636251e-02       1.797196274594e+03 
       1.912780782161e-02       1.794313188712e+03 
       1.926249642850e-02       1.791343892181e+03 
       1.939724316775e-02       1.788295392181e+03 
       1.953204905044e-02       1.785160616151e+03 
       1.966691511458e-02       1.781951573468e+03 
       1.980184242558e-02       1.778660698906e+03 
       1.993683207674e-02       1.775294586439e+03 
       2.007188518977e-02       1.771853808505e+03 
       2.020700291530e-02       1.768336525444e+03 
       2.034218643342e-02       1.764747823084e+03 
       2.047743695426e-02       1.761089186692e+03 
       2.061275571856e-02       1.757360916120e+03 
       2.074814399829e-02       1.753564025822e+03 
       2.088360309724e-02       1.749700190380e+03 
       2.101913435170e-02       1.745770782829e+03 
       2.115473913110e-02       1.741777016398e+03 
       2.129041883873e-02       1.737724114550e+03 
       2.142617491241e-02       1.733606198500e+03 
       2.156200882525e-02       1.729430397233e+03 
       2.169792208640e-02       1.725195129229e+03 
       2.183391624183e-02       1.720902254689e+03 
       2.196999287514e-02       1.716554546564e+03 
       2.210615360838e-02       1.712149043454e+03 
       2.224240010293e-02       1.707694050294e+03 
       2.237873406036e-02       1.703182961648e+03 
       2.251515722336e-02       1.698621782876e+03 
       2.265167137665e-02       1.694014529059e+03 
       2.278827834800e-02       1.689355031960e+03 
       2.292498000920e-02       1.684647894532e+03 
       2.306177827707e-02       1.679896771818e+03 
       2.319867511457e-02       1.675098469784e+03 
       2.333567253186e-02       1.670258094668e+03 
       2.347277258747e-02       1.665372931637e+03 
       2.360997738941e-02       1.660448337775e+03 
       2.374728909641e-02       1.655481619678e+03 
       2.388470991917e-02       1.650478935786e+03 
       2.402224212160e-02       1.645436454153e+03 
       2.415988802217e-02       1.640356185354e+03 
       2.429764999526e-02       1.635237115274e+03 
       2.443553047256e-02       1.630086461015e+03 
       2.457353194453e-02       1.624903561282e+03 
       2.471165696187e-02       1.619685265299e+03 
       2.484990813710e-02       1.614435130735e+03 
       2.498828814611e-02       1.609155583597e+03 
       2.512679972984e-02       1.603843273492e+03 
       2.526544569592e-02       1.598504257481e+03 
       2.540422892050e-02       1.593138386214e+03 
       2.554315234997e-02       1.587743607116e+03 
       2.568221900292e-02       1.582321951118e+03 
       2.582143197196e-02       1.576874383344e+03 
       2.596079442580e-02       1.571404021465e+03 
       2.610030961129e-02       1.565911028969e+03 
       2.623998085549e-02       1.560398339439e+03 
       2.637981156794e-02       1.554858498403e+03 
       2.651980524290e-02       1.549300979164e+03 
       2.665996546168e-02       1.543721011875e+03 
       2.680029589511e-02       1.538124907396e+03 
       2.694080030602e-02       1.532506994363e+03 
       2.708148255186e-02       1.526874741072e+03 
       2.722234658737e-02       1.521225702949e+03 
       2.736339646738e-02       1.515558003816e+03 
       2.750463634970e-02       1.509873550557e+03 
       2.764607049807e-02       1.504180005593e+03 
       2.778770328530e-02       1.498466983576e+03 
       2.792953919641e-02       1.492748459163e+03 
       2.807158283200e-02       1.487011158344e+03 
       2.821383891169e-02       1.481261798605e+03 
       2.835631227763e-02       1.475502385114e+03 
       2.849900789825e-02       1.469733965809e+03 
       2.864193087208e-02       1.463957858071e+03 
       2.878508643170e-02       1.458166854060e+03 
       2.892847994792e-02       1.452371982878e+03 
       2.907211693401e-02       1.446565034836e+03 
       2.921600305018e-02       1.440760048001e+03 
       2.936014410820e-02       1.434938520239e+03 
       2.950454607619e-02       1.429114879874e+03 
       2.964921508358e-02       1.423284510252e+03 
       2.979415742637e-02       1.417452860979e+03 
       2.993937957245e-02       1.411613428903e+03 
       3.008488816723e-02       1.405770285660e+03 
       3.023069003948e-02       1.399923952693e+03 
       3.037679220740e-02       1.394074490917e+03 
       3.052320188494e-02       1.388222517835e+03 
       3.066992648838e-02       1.382370372772e+03 
       3.081697364318e-02       1.376518759060e+03 
       3.096435119115e-02       1.370658894438e+03 
       3.111206719787e-02       1.364801740691e+03 
       3.126012996051e-02       1.358946780461e+03 
       3.140854801586e-02       1.353095676351e+03 
       3.155733014887e-02       1.347240092259e+03 
       3.170648540141e-02       1.341386432829e+03 
       3.185602308155e-02       1.335535306639e+03 
       3.200595277315e-02       1.329690623829e+03 
       3.215628434598e-02       1.323842602315e+03 
       3.230702796621e-02       1.318000610681e+03 
       3.245819410741e-02       1.312161556392e+03 
       3.260979356215e-02       1.306321522655e+03 
       3.276183745398e-02       1.300490379583e+03 
       3.291433725013e-02       1.294664389176e+03 
       3.306730477471e-02       1.288840446025e+03 
       3.322075222260e-02       1.283017822925e+03 
       3.337469217403e-02       1.277206423334e+03 
       3.352913760980e-02       1.271403003237e+03 
       3.368410192736e-02       1.265599388449e+03 
       3.383959895760e-02       1.259803970471e+03 
       3.399564298254e-02       1.254015093452e+03 
       3.415224875396e-02       1.248231119099e+03 
       3.430943151287e-02       1.242457942367e+03 
       3.446720701016e-02       1.236685190691e+03 
       3.462559152820e-02       1.230926500514e+03 
       3.478460190367e-02       1.225171247837e+03 
       3.494425555159e-02       1.219425837375e+03 
       3.510457049068e-02       1.213685414504e+03 
       3.526556537007e-02       1.207959549608e+03 
       3.542725949757e-02       1.202236181636e+03 
       3.558967286947e-02       1.196521887940e+03 
       3.575282620204e-02       1.190814314155e+03 
       3.591674096486e-02       1.185117504576e+03 
       3.608143941613e-02       1.179429857882e+03 
       3.624694463996e-02       1.173750228055e+03 
       3.641328058594e-02       1.168081990019e+03 
       3.658047211114e-02       1.162420480514e+03 
       3.674854502456e-02       1.156769818471e+03 
       3.691752613441e-02       1.151124866629e+03 
       3.708744329831e-02       1.145490033313e+03 
       3.725832547669e-02       1.139863990218e+03 
       3.743020278953e-02       1.134248068479e+03 
       3.760310657689e-02       1.128640194679e+03 
       3.777706946333e-02       1.123046946443e+03 
       3.795212542663e-02       1.117455403266e+03 
       3.812830987117e-02       1.111875786680e+03 
       3.830565970624e-02       1.106305061124e+03 
       3.848421342989e-02       1.100746644121e+03 
       3.866401121852e-02       1.095194104051e+03 
       3.884509502293e-02       1.089647660696e+03 
       3.902750867120e-02       1.084115679591e+03 
       3.921129797920e-02       1.078590470668e+03 
       3.939651086917e-02       1.073070118067e+03 
       3.958319749728e-02       1.067558951274e+03 
       3.977141039084e-02       1.062058615674e+03 
       3.996120459624e-02       1.056565554547e+03 
       4.015263783837e-02       1.051079831659e+03 
       4.034577069283e-02       1.045598994784e+03 
       4.054066677207e-02       1.040128343356e+03 
       4.073739292676e-02       1.034661149834e+03 
       4.093601946408e-02       1.029202855050e+03 
       4.113662038441e-02       1.023753691937e+03 
       4.133927363850e-02       1.018308334378e+03 
       4.154406140720e-02       1.012864582648e+03 
       4.175107040600e-02       1.007439893534e+03 
       4.196039221729e-02       1.001999208130e+03 
       4.217212365321e-02       9.965731109274e+02 
       4.238636715250e-02       9.911493162819e+02 
       4.260323121533e-02       9.857257673588e+02 
       4.282283088035e-02       9.803123640645e+02 
       4.304528824899e-02       9.748924887696e+02 
       4.327073306268e-02       9.694799788248e+02 
       4.349930333937e-02       9.640688384425e+02 
       4.373114607684e-02       9.586528019996e+02 
       4.396641803108e-02       9.532382922296e+02 
       4.420528657961e-02       9.478227648169e+02 
       4.444793068082e-02       9.424035026761e+02 
       4.469454194227e-02       9.369810814310e+02 
       4.494532581288e-02       9.315521446855e+02 
       4.520050291638e-02       9.261216472130e+02 
       4.546031054620e-02       9.206805315916e+02 
       4.572500434546e-02       9.152324757398e+02 
       4.599486019958e-02       9.097725035007e+02 
       4.627017637418e-02       9.043027895740e+02 
       4.655127593643e-02       8.988212609929e+02 
       4.683850950528e-02       8.933279309179e+02 
       4.713225838436e-02       8.878152595339e+02 
       4.743293814168e-02       8.822856759825e+02 
       4.774100271297e-02       8.767361348297e+02 
       4.805694912064e-02       8.711634601189e+02 
       4.838132291952e-02       8.655675598145e+02 
       4.871472450393e-02       8.599463912579e+02 
       4.905781643925e-02       8.542891863191e+02 
       4.941133201783e-02       8.486023918247e+02 
       4.977608528353e-02       8.428769653880e+02 
       5.015298282618e-02       8.371117006675e+02 
       5.054303771845e-02       8.312988191510e+02 
       5.094738605757e-02       8.254348916410e+02 
       5.136730668884e-02       8.195170228617e+02 
       5.180424483333e-02       8.135375325432e+02 
       5.225984052739e-02       8.074859419604e+02 
       5.273596301788e-02       8.013584282787e+02 
       5.323475255774e-02       7.951411249674e+02 
       5.375867142783e-02       7.888243726798e+02 
       5.431056648953e-02       7.823935554470e+02 
       5.489374616450e-02       7.758346998716e+02 
       5.551207544878e-02       7.691287694175e+02 
       5.617009337762e-02       7.622496719865e+02 
       5.687315818582e-02       7.551687011829e+02 
       5.762762604582e-02       7.478478964908e+02 
       5.844106924229e-02       7.402430238215e+02 
       5.932253797381e-02       7.322925453307e+02 
       6.028286471725e-02       7.239180030806e+02 
       6.133499760901e-02       7.150170528813e+02 
       6.249432323971e-02       7.054536731357e+02 
       6.377888977286e-02       6.950475033861e+02 
       6.520935658723e-02       6.835568159703e+02 
       6.680837282307e-02       6.706676889365e+02 
       6.859895815143e-02       6.559869936780e+02 
       7.060145446358e-02       6.390524717709e+02 
       7.282900509302e-02       6.193947965478e+02 
       7.528254764851e-02       5.966506786173e+02 
       7.794763165265e-02       5.707216681175e+02 
       8.079557122545e-02       5.419177973356e+02 
       8.378925639194e-02       5.110055049832e+02 
       8.689081350409e-02       4.791019753708e+02 
       9.006747864852e-02       4.474754393521e+02 
       9.329408122598e-02       4.173280616330e+02 
       9.655282505597e-02       3.896377569236e+02 
       9.983181243343e-02       3.650655279417e+02 
       1.031233738652e-01       3.439412640144e+02 
       1.064226786357e-01       3.262823088272e+02 
       1.097267276976e-01       3.118506882325e+02 
       1.130336756109e-01       3.002133687913e+02 
       1.163423928821e-01       2.908050023460e+02 
       1.196521903954e-01       2.829902430645e+02 
       1.229626484529e-01       2.761195035740e+02 
       1.262735116499e-01       2.695860808543e+02 
       1.295846245788e-01       2.628770306237e+02 
       1.328958926300e-01       2.556120248856e+02 
       1.362072581392e-01       2.475706774844e+02 
       1.395186858906e-01       2.386980091343e+02 
       1.428301543108e-01       2.290894361312e+02 
       1.461416501217e-01       2.189601033763e+02 
       1.494531650939e-01       2.086009406266e+02 
       1.527646940752e-01       1.983335577531e+02 
       1.560762337931e-01       1.884678668097e+02 
       1.593877821275e-01       1.792677120882e+02 
       1.626993376673e-01       1.709299740955e+02 
       1.660108994417e-01       1.635708474650e+02 
       1.693224667555e-01       1.572267072188e+02 
       1.726340390885e-01       1.518593568916e+02 
       1.759456160339e-01       1.473680447420e+02 
       1.792571972603e-01       1.436055124157e+02 
       1.825687824880e-01       1.403940820847e+02 
       1.858803714740e-01       1.375441636081e+02 
       1.891919640029e-01       1.348924572424e+02 
       1.925035598800e-01       1.322654218001e+02 
       1.958151589280e-01       1.295103736957e+02 
       1.991267609837e-01       1.265312194517e+02 
       2.024383658960e-01       1.232808668964e+02 
       2.057499735245e-01       1.197626153021e+02 
       2.090615837384e-01       1.160242224153e+02 
       2.123731964151e-01       1.121450935132e+02 
       2.156848114401e-01       1.082205784325e+02 
       2.189964287058e-01       1.043483898704e+02 
       2.223080481113e-01       1.006167118351e+02 
       2.256196695617e-01       9.709752927969e+01 
       2.289312929674e-01       9.384368831187e+01 
       2.322429182442e-01       9.088841981875e+01 
       2.355545453127e-01       8.824401178010e+01 
       2.388661740978e-01       8.590422442205e+01 
       2.421778045285e-01       8.384384570308e+01 
       2.454894365379e-01       8.202135489407e+01 
       2.488010700625e-01       8.038393925127e+01 
       2.521127050422e-01       7.887294139788e+01 
       2.554243414200e-01       7.743058741054e+01 
       2.587359791419e-01       7.600556859179e+01 
       2.620476181567e-01       7.455797685352e+01 
       2.653592584155e-01       7.306056196246e+01 
       2.686708998722e-01       7.149924453005e+01 
       2.719825424828e-01       6.987220349977e+01 
       2.752941862052e-01       6.818754664925e+01 
       2.786058309997e-01       6.646305121143e+01 
       2.819174768282e-01       6.472288245740e+01 
       2.852291236545e-01       6.299589633236e+01 
       2.885407714441e-01       6.131150970159e+01 
       2.918524201640e-01       5.969650733973e+01 
       2.951640697827e-01       5.817167172229e+01 
       2.984757202702e-01       5.674978331243e+01 
       3.017873715976e-01       5.543539452793e+01 
       3.050990237374e-01       5.422530936561e+01 
       3.084106766634e-01       5.311077064330e+01 
       3.117223303504e-01       5.207919495689e+01 
       3.150339847742e-01       5.111568555829e+01 
       3.183456399118e-01       5.020430947619e+01 
       3.216572957409e-01       4.932885449094e+01 
       3.249689522404e-01       4.847362390580e+01 
       3.282806093897e-01       4.762485052592e+01 
       3.315922671695e-01       4.677182445957e+01 
       3.349039255608e-01       4.590794564227e+01 
       3.382155845457e-01       4.503132773650e+01 
       3.415272441067e-01       4.414412777330e+01 
       3.448389042272e-01       4.325185397235e+01 
       3.481505648911e-01       4.236176530999e+01 
       3.514622260831e-01       4.148164316335e+01 
       3.547738877882e-01       4.061905241259e+01 
       3.580855499922e-01       3.978069802549e+01 
       3.613972126813e-01       3.897220833102e+01 
       3.647088758422e-01       3.819827483711e+01 
       3.680205394621e-01       3.746185364464e+01 
       3.713322035287e-01       3.676382987954e+01 
       3.746438680301e-01       3.610316791205e+01 
       3.779555329547e-01       3.547639790218e+01 
       3.812671982916e-01       3.487856663277e+01 
       3.845788640301e-01       3.430390988324e+01 
       3.878905301597e-01       3.374681285758e+01 
       3.912021966706e-01       3.320239188715e+01 
       3.945138635530e-01       3.266692929812e+01 
       3.978255307977e-01       3.213771599077e+01 
       4.011371983957e-01       3.161295488255e+01 
       4.044488663382e-01       3.109135243634e+01 
       4.077605346168e-01       3.057251506720e+01 
       4.110722032234e-01       3.005672440777e+01 
       4.143838721501e-01       2.954520287012e+01 
       4.176955413892e-01       2.903981522167e+01 
       4.210072109333e-01       2.854299083740e+01 
       4.243188807752e-01       2.805700849592e+01 
       4.276305509081e-01       2.758372764363e+01 
       4.309422213251e-01       2.712430939663e+01 
       4.342538920198e-01       2.667921359571e+01 
       4.375655629858e-01       2.624837933032e+01 
       4.408772342170e-01       2.583157526837e+01 
       4.441889057074e-01       2.542836568643e+01 
       4.475005774513e-01       2.503820121454e+01 
       4.508122494430e-01       2.466023491666e+01 
       4.541239216771e-01       2.429331084975e+01 
       4.574355941484e-01       2.393588899161e+01 
       4.607472668516e-01       2.358624961283e+01 
       4.640589397819e-01       2.324283821601e+01 
       4.673706129343e-01       2.290442817208e+01 
       4.706822863041e-01       2.257036887942e+01 
       4.739939598869e-01       2.224039663438e+01 
       4.773056336780e-01       2.191457843948e+01 
       4.806173076733e-01       2.159304315211e+01 
       4.839289818685e-01       2.127594180502e+01 
       4.872406562596e-01       2.096351793099e+01 
       4.905523308424e-01       2.065609720274e+01 
       4.938640056133e-01       2.035417255059e+01 
       4.971756805683e-01       2.005837773271e+01 
       5.004873557039e-01       1.976950726628e+01 
       5.037990310164e-01       1.948791972797e+01 
       5.071107065024e-01       1.921373268527e+01 
       5.104223821585e-01       1.894691617749e+01 
       5.137340579814e-01       1.868680998106e+01 
       5.170457339678e-01       1.843284780258e+01 
       5.203574101147e-01       1.818450544424e+01 
       5.236690864190e-01       1.794129795361e+01 
       5.269807628778e-01       1.770290696382e+01 
       5.302924394880e-01       1.746900244454e+01 
       5.336041162469e-01       1.723921313462e+01 
       5.369157931517e-01       1.701310394078e+01 
       5.402274701998e-01       1.679027048615e+01 
       5.435391473885e-01       1.657042692565e+01 
       5.468508247152e-01       1.635362560800e+01 
       5.501625021775e-01       1.613994152189e+01 
       5.534741797728e-01       1.592969418916e+01 
       5.567858574989e-01       1.572307873090e+01 
       5.600975353534e-01       1.552022910914e+01 
       5.634092133340e-01       1.532113787033e+01 
       5.667208914385e-01       1.512570299566e+01 
       5.700325696648e-01       1.493383466965e+01 
       5.733442480106e-01       1.474550499876e+01 
       5.766559264741e-01       1.456077272605e+01 
       5.799676050531e-01       1.437970786503e+01 
       5.832792837456e-01       1.420229690472e+01 
       5.865909625498e-01       1.402842281934e+01 
       5.899026414637e-01       1.385781076669e+01 
       5.932143204855e-01       1.369025467115e+01 
       5.965259996135e-01       1.352542740328e+01 
       5.998376788458e-01       1.336319932009e+01 
       6.031493581807e-01       1.320354148626e+01 
       6.064610376165e-01       1.304645826610e+01 
       6.097727171517e-01       1.289192492505e+01 
       6.130843967845e-01       1.273985378167e+01 
       6.163960765134e-01       1.259011391537e+01 
       6.197077563368e-01       1.244255134614e+01 
       6.230194362533e-01       1.229709455989e+01 
       6.263311162613e-01       1.215374812758e+01 
       6.296427963595e-01       1.201261850298e+01 
       6.329544765463e-01       1.187381470018e+01 
       6.362661568205e-01       1.173741039685e+01 
       6.395778371805e-01       1.160337919497e+01 
       6.428895176252e-01       1.147162384601e+01 
       6.462011981532e-01       1.134200892084e+01 
       6.495128787633e-01       1.121443713282e+01 
       6.528245594541e-01       1.108887358698e+01 
       6.561362402245e-01       1.096533102366e+01 
       6.594479210732e-01       1.084383473350e+01 
       6.627596019991e-01       1.072436719858e+01 
       6.660712830010e-01       1.060683856467e+01 
       6.693829640778e-01       1.049111785987e+01 
       6.726946452283e-01       1.037706604017e+01 
       6.760063264516e-01       1.026458567052e+01 
       6.793180077465e-01       1.015366702083e+01 
       6.826296891120e-01       1.004432916290e+01 
       6.859413705470e-01       9.936663463573e+00 
       6.892530520506e-01       9.830641887460e+00 
       6.925647336217e-01       9.726231796756e+00 
       6.958764152595e-01       9.623340126511e+00 
       6.991880969629e-01       9.521893375403e+00 
       7.024997787310e-01       9.421836529516e+00 
       7.058114605629e-01       9.323175683445e+00 
       7.091231424578e-01       9.225974257786e+00 
       7.124348244147e-01       9.130260733032e+00 
       7.157465064327e-01       9.036034693140e+00 
       7.190581885111e-01       8.943269928526e+00 
       7.223698706489e-01       8.851865828191e+00 
       7.256815528454e-01       8.761727367676e+00 
       7.289932350998e-01       8.672811684695e+00 
       7.323049174113e-01       8.585098820273e+00 
       7.356165997791e-01       8.498636412605e+00 
       7.389282822025e-01       8.413432497830e+00 
       7.422399646806e-01       8.329485436577e+00 
       7.455516472128e-01       8.246747650215e+00 
       7.488633297984e-01       8.165133215128e+00 
       7.521750124367e-01       8.084567054877e+00 
       7.554866951269e-01       8.005027339976e+00 
       8.198102721918e-01       6.655270383667e+00 
       9.096865378917e-01       5.249300841493e+00 
       1.048113480481e+00       3.785137149770e+00 
       1.272309008191e+00       2.403388398291e+00 
       1.594812285659e+00       1.402807014466e+00 
       2.007541292717e+00       8.032565855566e-01 
       2.527343447222e+00       4.560330543720e-01 
       3.181736888759e+00       2.569638438514e-01 
       4.005569422901e+00       1.438015492959e-01 
       5.042713135196e+00       7.997180240952e-02 
       6.348399710287e+00       4.422011717326e-02 
       7.992161719507e+00       2.432358523528e-02 
       1.006153548386e+01       1.331453298689e-02 
       1.266672270229e+01       7.255752770754e-03 
       1.594645909407e+01       3.937521796559e-03 
       2.007540258166e+01       2.128528173380e-03 
       2.527343446205e+01       1.146410905186e-03 
       3.181736888759e+01       6.152802377864e-04 
       4.005569422901e+01       3.291074005870e-04 
       5.042713135196e+01       1.754352691142e-04 
       6.348399710287e+01       9.318753867462e-05 
       7.992161719507e+01       4.930910968851e-05 
       1.006153548386e+02       2.597474445535e-05 
       1.266672270229e+02       1.360751170095e-05 
       1.594645909407e+02       7.078123944900e-06 
       2.007540258166e+02       3.646696168466e-06 
       2.527343446205e+02       1.854666408222e-06 
       3.181736888759e+02       9.272839547618e-07 
       4.005569422901e+02       4.538993735333e-07 
       5.042713135196e+02       2.171651479160e-07 
       6.348399710287e+02       1.019255338851e-07 
       7.992161719507e+02       4.736474312221e-08 
       1.006153548386e+03       2.198204653421e-08 
