# Matter power spectrum P(k) at redshift z=5
# for k=1.0515e-05 to 1011.22 h/Mpc,
# number of wavenumbers equal to 625
#    1:k (h/Mpc)              2:P (Mpc/h)^3        
       1.051502443274e-05       1.959310418245e+00 
       2.383305555791e-05       4.381665803088e+00 
       3.720032138667e-05       6.785524685720e+00 
       5.065527352169e-05       9.187181896831e+00 
       6.423703527263e-05       1.159776750291e+01 
       7.798577448385e-05       1.402669368825e+01 
       9.194308895719e-05       1.648269118241e+01 
       1.061524099246e-04       1.897426924714e+01 
       1.206594290639e-04       2.150997745655e+01 
       1.355125545857e-04       2.409858445093e+01 
       1.507634019111e-04       2.674921941843e+01 
       1.664673243456e-04       2.947149565603e+01 
       1.826839888649e-04       3.227562774378e+01 
       1.994780015443e-04       3.517254681630e+01 
       2.169195861454e-04       3.817401736047e+01 
       2.350853177219e-04       4.129275792987e+01 
       2.540589105615e-04       4.454256501681e+01 
       2.739320560184e-04       4.793844030105e+01 
       2.948053003896e-04       5.149671899513e+01 
       3.167889454767e-04       5.523519566277e+01 
       3.400039442916e-04       5.917324245662e+01 
       3.645827509788e-04       6.333191084733e+01 
       3.906700669834e-04       6.773400760571e+01 
       4.184234046588e-04       7.240412845468e+01 
       4.480133652997e-04       7.736863243660e+01 
       4.796235024583e-04       8.265553315965e+01 
       5.134496163059e-04       8.829428137367e+01 
       5.496983057796e-04       9.431540943393e+01 
       5.885845997888e-04       1.007500094074e+02 
       6.303285066324e-04       1.076290234402e+02 
       6.751503728949e-04       1.149823322981e+02 
       7.232650387744e-04       1.228376513720e+02 
       7.748749193552e-04       1.312192680538e+02 
       8.301623226435e-04       1.401466909006e+02 
       8.892815110274e-04       1.496333089630e+02 
       9.523511824922e-04       1.596851915351e+02 
       1.019448140944e-03       1.703001720727e+02 
       1.090602896095e-03       1.814673375524e+02 
       1.165797761633e-03       1.931670136642e+02 
       1.244967724173e-03       2.053712767359e+02 
       1.328003993343e-03       2.180449392281e+02 
       1.414759797565e-03       2.311469078834e+02 
       1.505057738473e-03       2.446317780355e+02 
       1.598697906169e-03       2.584514678860e+02 
       1.695465991093e-03       2.725567913841e+02 
       1.795140772383e-03       2.868988317679e+02 
       1.897500564077e-03       3.014300519397e+02 
       2.002328407702e-03       3.161051317062e+02 
       2.109415975364e-03       3.308815476902e+02 
       2.218566273400e-03       3.457199014186e+02 
       2.329595311101e-03       3.605835451901e+02 
       2.442332930034e-03       3.754402526345e+02 
       2.556622989608e-03       3.902604843551e+02 
       2.672323085694e-03       4.050178425095e+02 
       2.789303951238e-03       4.196888390085e+02 
       2.907448657645e-03       4.342527684122e+02 
       3.026651707360e-03       4.486914516994e+02 
       3.146818083614e-03       4.629890360438e+02 
       3.267862303363e-03       4.771318207980e+02 
       3.389707503916e-03       4.911079693278e+02 
       3.512284582106e-03       5.049073855246e+02 
       3.635531396391e-03       5.185214468961e+02 
       3.759392036357e-03       5.319430327619e+02 
       3.883816160041e-03       5.451660250140e+02 
       4.008758396935e-03       5.581854142370e+02 
       4.134177812925e-03       5.709971657859e+02 
       4.260037432564e-03       5.835979706630e+02 
       4.386303813726e-03       5.959855738390e+02 
       4.512946669633e-03       6.081577944021e+02 
       4.639938533394e-03       6.201136154243e+02 
       4.767254460513e-03       6.318521124680e+02 
       4.894871765148e-03       6.433731226680e+02 
       5.022769786274e-03       6.546767796731e+02 
       5.150929680317e-03       6.657634341361e+02 
       5.279334237146e-03       6.766340213179e+02 
       5.407967716687e-03       6.872893919437e+02 
       5.536815703712e-03       6.977308249955e+02 
       5.665864978661e-03       7.079601390429e+02 
       5.795103402611e-03       7.179784989367e+02 
       5.924519814702e-03       7.277880467224e+02 
       6.054103940588e-03       7.373903778947e+02 
       6.183846310604e-03       7.467875856990e+02 
       6.313738186537e-03       7.559819104596e+02 
       6.443771496011e-03       7.649753625513e+02 
       6.573938773606e-03       7.737702189829e+02 
       6.704233107961e-03       7.823688182516e+02 
       6.834648094188e-03       7.907733388464e+02 
       6.965177791007e-03       7.989862550171e+02 
       7.095816682074e-03       8.070101611727e+02 
       7.226559641066e-03       8.148472255210e+02 
       7.357401900096e-03       8.224997633709e+02 
       7.488339021120e-03       8.299707233938e+02 
       7.619366870015e-03       8.372618203496e+02 
       7.750481593044e-03       8.443756199343e+02 
       7.881679595471e-03       8.513149125095e+02 
       8.012957522106e-03       8.580818307033e+02 
       8.144312239576e-03       8.646785398046e+02 
       8.275740820160e-03       8.711079333960e+02 
       8.407240527031e-03       8.773719965309e+02 
       8.538808800770e-03       8.834730079999e+02 
       8.670443247018e-03       8.894133709027e+02 
       8.802141625180e-03       8.951957724987e+02 
       8.933901838055e-03       9.008221991862e+02 
       9.065721922330e-03       9.062946507238e+02 
       9.197600039841e-03       9.116156037484e+02 
       9.329534469545e-03       9.167867750708e+02 
       9.461523600127e-03       9.218113484855e+02 
       9.593565923190e-03       9.266903975939e+02 
       9.725660026985e-03       9.314263114800e+02 
       9.857804590619e-03       9.360214229102e+02 
       9.989998378713e-03       9.404773394102e+02 
       1.012224023646e-02       9.447963270533e+02 
       1.025452908507e-02       9.489803957237e+02 
       1.038686391753e-02       9.530312358745e+02 
       1.051924379471e-02       9.569508716371e+02 
       1.065166784174e-02       9.607410339903e+02 
       1.078413524466e-02       9.644035596804e+02 
       1.091664524726e-02       9.679424505780e+02 
       1.104919714827e-02       9.713558103659e+02 
       1.118179029862e-02       9.746470835665e+02 
       1.131442409899e-02       9.778179849457e+02 
       1.144709799747e-02       9.808699868114e+02 
       1.157981148742e-02       9.838049394964e+02 
       1.171256410550e-02       9.866246758034e+02 
       1.184535542979e-02       9.893305879308e+02 
       1.197818507807e-02       9.919243931450e+02 
       1.211105270621e-02       9.944074509540e+02 
       1.224395800673e-02       9.967819264218e+02 
       1.237690070735e-02       9.990488651582e+02 
       1.250988056973e-02       1.001209528620e+03 
       1.264289738831e-02       1.003266024882e+03 
       1.277595098915e-02       1.005219585474e+03 
       1.290904122892e-02       1.007071336231e+03 
       1.304216799395e-02       1.008823219355e+03 
       1.317533119933e-02       1.010476790533e+03 
       1.330853078813e-02       1.012032669616e+03 
       1.344176673058e-02       1.013493049019e+03 
       1.357503902343e-02       1.014858871157e+03 
       1.370834768926e-02       1.016131696648e+03 
       1.384169277590e-02       1.017312689952e+03 
       1.397507435591e-02       1.018403288319e+03 
       1.410849252602e-02       1.019405022792e+03 
       1.424194740674e-02       1.020319122914e+03 
       1.437543914188e-02       1.021146788350e+03 
       1.450896789824e-02       1.021889062725e+03 
       1.464253386518e-02       1.022547710130e+03 
       1.477613725440e-02       1.023123255375e+03 
       1.490977829962e-02       1.023617506588e+03 
       1.504345725635e-02       1.024031307620e+03 
       1.517717440167e-02       1.024366520098e+03 
       1.531093003405e-02       1.024623435329e+03 
       1.544472447320e-02       1.024804024634e+03 
       1.557855805995e-02       1.024909154164e+03 
       1.571243115613e-02       1.024939818645e+03 
       1.584634414449e-02       1.024897183123e+03 
       1.598029742865e-02       1.024783182483e+03 
       1.611429143309e-02       1.024597815313e+03 
       1.624832660310e-02       1.024343266045e+03 
       1.638240340483e-02       1.024019476293e+03 
       1.651652232528e-02       1.023628444256e+03 
       1.665068387240e-02       1.023170627289e+03 
       1.678488857513e-02       1.022647727430e+03 
       1.691913698349e-02       1.022060241828e+03 
       1.705342966873e-02       1.021409379772e+03 
       1.718776722340e-02       1.020696984193e+03 
       1.732215026153e-02       1.019922426237e+03 
       1.745657941882e-02       1.019088198570e+03 
       1.759105535276e-02       1.018194332858e+03 
       1.772557874289e-02       1.017242366276e+03 
       1.786015029098e-02       1.016232790051e+03 
       1.799477072128e-02       1.015167231527e+03 
       1.812944078076e-02       1.014046159865e+03 
       1.826416123941e-02       1.012870826916e+03 
       1.839893289046e-02       1.011640892606e+03 
       1.853375655078e-02       1.010360488032e+03 
       1.866863306108e-02       1.009026803884e+03 
       1.880356328635e-02       1.007642561676e+03 
       1.893854811616e-02       1.006208471960e+03 
       1.907358846503e-02       1.004725799914e+03 
       1.920868527284e-02       1.003194359142e+03 
       1.934383950519e-02       1.001615634316e+03 
       1.947905215389e-02       9.999904009804e+02 
       1.961432423733e-02       9.983198994692e+02 
       1.974965680097e-02       9.966049601161e+02 
       1.988505091781e-02       9.948456345583e+02 
       2.002050768889e-02       9.930431870193e+02 
       2.015602824378e-02       9.911982835605e+02 
       2.029161374112e-02       9.893126762754e+02 
       2.042726536918e-02       9.873860884312e+02 
       2.056298434642e-02       9.854192275359e+02 
       2.069877192205e-02       9.834130822431e+02 
       2.083462937669e-02       9.813679980391e+02 
       2.097055802296e-02       9.792878582131e+02 
       2.110655920616e-02       9.771694571414e+02 
       2.124263430489e-02       9.750142140448e+02 
       2.137878473182e-02       9.728249414428e+02 
       2.151501193431e-02       9.705993524363e+02 
       2.165131739525e-02       9.683415264840e+02 
       2.178770263376e-02       9.660495702215e+02 
       2.192416920596e-02       9.637274505972e+02 
       2.206071870586e-02       9.613702533759e+02 
       2.219735276612e-02       9.589833831408e+02 
       2.233407305896e-02       9.565681990567e+02 
       2.247088129702e-02       9.541212391005e+02 
       2.260777923431e-02       9.516463766942e+02 
       2.274476866714e-02       9.491422467578e+02 
       2.288185143508e-02       9.466115289068e+02 
       2.301902942201e-02       9.440535919262e+02 
       2.315630455713e-02       9.414698603418e+02 
       2.329367881602e-02       9.388601283188e+02 
       2.343115422179e-02       9.362260223382e+02 
       2.356873284616e-02       9.335673907293e+02 
       2.370641681068e-02       9.308841413668e+02 
       2.384420828792e-02       9.281793609023e+02 
       2.398210950273e-02       9.254518724253e+02 
       2.412012273352e-02       9.227021109145e+02 
       2.425825031358e-02       9.199311048844e+02 
       2.439649463248e-02       9.171408151236e+02 
       2.453485813745e-02       9.143295982595e+02 
       2.467334333486e-02       9.114991021199e+02 
       2.481195279172e-02       9.086494346418e+02 
       2.495068913721e-02       9.057823716514e+02 
       2.508955506433e-02       9.028967867928e+02 
       2.522855333152e-02       8.999936833014e+02 
       2.536768676437e-02       8.970742771634e+02 
       2.550695825738e-02       8.941389076299e+02 
       2.564637077582e-02       8.911889847861e+02 
       2.578592735753e-02       8.882226612580e+02 
       2.592563111496e-02       8.852433567580e+02 
       2.606548523709e-02       8.822469924048e+02 
       2.620549299156e-02       8.792393950581e+02 
       2.634565772678e-02       8.762183149141e+02 
       2.648598287415e-02       8.731844080950e+02 
       2.662647195038e-02       8.701386090829e+02 
       2.676712855980e-02       8.670806769657e+02 
       2.690795639684e-02       8.640118317567e+02 
       2.704895924859e-02       8.609317633297e+02 
       2.719014099736e-02       8.578429948607e+02 
       2.733150562342e-02       8.547441475012e+02 
       2.747305720782e-02       8.516332907957e+02 
       2.761479993526e-02       8.485152995500e+02 
       2.775673809712e-02       8.453891581385e+02 
       2.789887609459e-02       8.422541604738e+02 
       2.804121844184e-02       8.391101559048e+02 
       2.818376976944e-02       8.359564596501e+02 
       2.832653482774e-02       8.328014980853e+02 
       2.846951849055e-02       8.296369705144e+02 
       2.861272575880e-02       8.264684665704e+02 
       2.875616176442e-02       8.232912899865e+02 
       2.889983177437e-02       8.201101901146e+02 
       2.904374119478e-02       8.169216841303e+02 
       2.918789557527e-02       8.137296328006e+02 
       2.933230061344e-02       8.105304882859e+02 
       2.947696215952e-02       8.073320585283e+02 
       2.962188622121e-02       8.041274236309e+02 
       2.976707896872e-02       8.009177543295e+02 
       2.991254673998e-02       7.977066490695e+02 
       3.005829604607e-02       7.944923046976e+02 
       3.020433357690e-02       7.912729694786e+02 
       3.035066620708e-02       7.880532083282e+02 
       3.049730100201e-02       7.848311993944e+02 
       3.064424522432e-02       7.816063397320e+02 
       3.079150634043e-02       7.783814978514e+02 
       3.093909202753e-02       7.751551355067e+02 
       3.108701018077e-02       7.719274710182e+02 
       3.123526892072e-02       7.686985514280e+02 
       3.138387660131e-02       7.654688961829e+02 
       3.153284181789e-02       7.622406183086e+02 
       3.168217341587e-02       7.590115069745e+02 
       3.183188049955e-02       7.557821315970e+02 
       3.198197244143e-02       7.525539540505e+02 
       3.213245889198e-02       7.493246631661e+02 
       3.228334978974e-02       7.460996160112e+02 
       3.243465537201e-02       7.428727915234e+02 
       3.258638618587e-02       7.396483899801e+02 
       3.273855309991e-02       7.364260628393e+02 
       3.289116731631e-02       7.332028660234e+02 
       3.304424038368e-02       7.299816341467e+02 
       3.319778421033e-02       7.267648529801e+02 
       3.335181107837e-02       7.235488439163e+02 
       3.350633365831e-02       7.203374696097e+02 
       3.366136502453e-02       7.171255459869e+02 
       3.381691867143e-02       7.139176611221e+02 
       3.397300853041e-02       7.107137238511e+02 
       3.412964898777e-02       7.075131445837e+02 
       3.428685490339e-02       7.043114390753e+02 
       3.444464163055e-02       7.011167864886e+02 
       3.460302503664e-02       6.979261807862e+02 
       3.476202152506e-02       6.947365379750e+02 
       3.492164805820e-02       6.915514527712e+02 
       3.508192218178e-02       6.883705771252e+02 
       3.524286205037e-02       6.851928736328e+02 
       3.540448645449e-02       6.820180977899e+02 
       3.556681484902e-02       6.788481178185e+02 
       3.572986738339e-02       6.756864341731e+02 
       3.589366493340e-02       6.725236928218e+02 
       3.605822913485e-02       6.693644888846e+02 
       3.622358241922e-02       6.662143743751e+02 
       3.638974805139e-02       6.630659168890e+02 
       3.655675016957e-02       6.599208203547e+02 
       3.672461382778e-02       6.567803215402e+02 
       3.689336504073e-02       6.536460151899e+02 
       3.706303083167e-02       6.505167714955e+02 
       3.723363928308e-02       6.473908316279e+02 
       3.740521959063e-02       6.442691278932e+02 
       3.757780212063e-02       6.411512025758e+02 
       3.775141847115e-02       6.380404661645e+02 
       3.792610153719e-02       6.349320831827e+02 
       3.810188558017e-02       6.318281664960e+02 
       3.827880630213e-02       6.287297902519e+02 
       3.845690092497e-02       6.256355435293e+02 
       3.863620827524e-02       6.225452090850e+02 
       3.881676887478e-02       6.194606339564e+02 
       3.899862503789e-02       6.163791135712e+02 
       3.918182097550e-02       6.133020615023e+02 
       3.936640290690e-02       6.102288343331e+02 
       3.955241917984e-02       6.071603003127e+02 
       3.973992039963e-02       6.040972541717e+02 
       3.992895956804e-02       6.010358253378e+02 
       4.011959223310e-02       5.979799482223e+02 
       4.031187665054e-02       5.949274120298e+02 
       4.050587395816e-02       5.918751406553e+02 
       4.070164836445e-02       5.888297902928e+02 
       4.089926735252e-02       5.857883051463e+02 
       4.109880190129e-02       5.827471139177e+02 
       4.130032672540e-02       5.797097957385e+02 
       4.150392053578e-02       5.766738008940e+02 
       4.170966632324e-02       5.736450420617e+02 
       4.191765166724e-02       5.706144936421e+02 
       4.212796907282e-02       5.675869491633e+02 
       4.234071633855e-02       5.645618458352e+02 
       4.255599695916e-02       5.615388151573e+02 
       4.277392056667e-02       5.585122842640e+02 
       4.299460341451e-02       5.554913100253e+02 
       4.321816890966e-02       5.524692151088e+02 
       4.344474819864e-02       5.494468873331e+02 
       4.367448081386e-02       5.464250653734e+02 
       4.390751538791e-02       5.433999279361e+02 
       4.414401044431e-02       5.403764808618e+02 
       4.438413527473e-02       5.373496056148e+02 
       4.462807091402e-02       5.343214993984e+02 
       4.487601122628e-02       5.312914279076e+02 
       4.512816411722e-02       5.282571120533e+02 
       4.538475289044e-02       5.252162890660e+02 
       4.564601776852e-02       5.221741231729e+02 
       4.591221760276e-02       5.191264915162e+02 
       4.618363180011e-02       5.160719117044e+02 
       4.646056250037e-02       5.130087108799e+02 
       4.674333704292e-02       5.099394720815e+02 
       4.703231076955e-02       5.068605115152e+02 
       4.732787021830e-02       5.037720335480e+02 
       4.763043677427e-02       5.006720030856e+02 
       4.794047085603e-02       4.975593205749e+02 
       4.825847673212e-02       4.944340059074e+02 
       4.858500808172e-02       4.912931043660e+02 
       4.892067443761e-02       4.881363640710e+02 
       4.926614867919e-02       4.849597930368e+02 
       4.962217578095e-02       4.817635105794e+02 
       4.998958306763e-02       4.785442316161e+02 
       5.036929228636e-02       4.753011064102e+02 
       5.076233387896e-02       4.720299722855e+02 
       5.116986393123e-02       4.687295516238e+02 
       5.159318439358e-02       4.653935930641e+02 
       5.203376731819e-02       4.620222278834e+02 
       5.249328404876e-02       4.586095226476e+02 
       5.297364054341e-02       4.551492532752e+02 
       5.347702032185e-02       4.516365577584e+02 
       5.400593692094e-02       4.480652047851e+02 
       5.456329823656e-02       4.444271869022e+02 
       5.515248573757e-02       4.407143803466e+02 
       5.577745226463e-02       4.369109840321e+02 
       5.644284294715e-02       4.330091321337e+02 
       5.715414459413e-02       4.289865070868e+02 
       5.791786950706e-02       4.248238382778e+02 
       5.874177950641e-02       4.204925395644e+02 
       5.963515398492e-02       4.159585571379e+02 
       6.060909989126e-02       4.111752363718e+02 
       6.167688778558e-02       4.060837944768e+02 
       6.285426972403e-02       4.006042589500e+02 
       6.415968143061e-02       3.946277681567e+02 
       6.561414133275e-02       3.880202852619e+02 
       6.724053110389e-02       3.805973400155e+02 
       6.906181837105e-02       3.721350385717e+02 
       7.109780833077e-02       3.623731379381e+02 
       7.336046927228e-02       3.510529040104e+02 
       7.584898420955e-02       3.379859232298e+02 
       7.854696837203e-02       3.231443516631e+02 
       8.142423813883e-02       3.067328005064e+02 
       8.444306380430e-02       2.892075024269e+02 
       8.756581231874e-02       2.712095283353e+02 
       9.076046104408e-02       2.534470737399e+02 
       9.400269548695e-02       2.365812690720e+02 
       9.727546202100e-02       2.211398892913e+02 
       1.005674195237e-01       2.074716552201e+02 
       1.038712820355e-01       1.957395877187e+02 
       1.071824701757e-01       1.859399199991e+02 
       1.104981446748e-01       1.779230128965e+02 
       1.138165598146e-01       1.714388140094e+02 
       1.171366476508e-01       1.661646658459e+02 
       1.204577568017e-01       1.617428172987e+02 
       1.237794906095e-01       1.578120513565e+02 
       1.271016077045e-01       1.540374484413e+02 
       1.304239612168e-01       1.501408759953e+02 
       1.337464617270e-01       1.459187599078e+02 
       1.370690547257e-01       1.412592630635e+02 
       1.403917069148e-01       1.361419926948e+02 
       1.437143978878e-01       1.306288704231e+02 
       1.470371150770e-01       1.248460941278e+02 
       1.503598506864e-01       1.189593020825e+02 
       1.536825998290e-01       1.131482451108e+02 
       1.570053593953e-01       1.075838564035e+02 
       1.603281273654e-01       1.024098857761e+02 
       1.636509023910e-01       9.773127331513e+01 
       1.669736835409e-01       9.360797169184e+01 
       1.702964701449e-01       9.005507814663e+01 
       1.736192616996e-01       8.704672028656e+01 
       1.769420578092e-01       8.452284247736e+01 
       1.802648581504e-01       8.239824526239e+01 
       1.835876624489e-01       8.057207975265e+01 
       1.869104704662e-01       7.893754048247e+01 
       1.902332819901e-01       7.740613869815e+01 
       1.935560968290e-01       7.587810633540e+01 
       1.968789148079e-01       7.427219852012e+01 
       2.002017357655e-01       7.253775236595e+01 
       2.035245595528e-01       7.065156476521e+01 
       2.068473860309e-01       6.861880990409e+01 
       2.101702150705e-01       6.646844527740e+01 
       2.134930465504e-01       6.424656271347e+01 
       2.168158803575e-01       6.200723924159e+01 
       2.201387163853e-01       5.980478871491e+01 
       2.234615545340e-01       5.768820632883e+01 
       2.267843947095e-01       5.569584523503e+01 
       2.301072368234e-01       5.385656164539e+01 
       2.334300807923e-01       5.218719877762e+01 
       2.367529265376e-01       5.069354724549e+01 
       2.400757739849e-01       4.937060228742e+01 
       2.433986230642e-01       4.820285747385e+01 
       2.467214737089e-01       4.716630735140e+01 
       2.500443258564e-01       4.623059734727e+01 
       2.533671794470e-01       4.536258140344e+01 
       2.566900344243e-01       4.452995417824e+01 
       2.600128907350e-01       4.370490853756e+01 
       2.633357483281e-01       4.286549164369e+01 
       2.666586071554e-01       4.199741893393e+01 
       2.699814671712e-01       4.109369511321e+01 
       2.733043283317e-01       4.015380437582e+01 
       2.766271905955e-01       3.918339610388e+01 
       2.799500539230e-01       3.819256948528e+01 
       2.832729182767e-01       3.719550122160e+01 
       2.865957836206e-01       3.620827996963e+01 
       2.899186499205e-01       3.524752487796e+01 
       2.932415171436e-01       3.432787558984e+01 
       2.965643852588e-01       3.346035129124e+01 
       2.998872542363e-01       3.265190002399e+01 
       3.032101240476e-01       3.190428523681e+01 
       3.065329946654e-01       3.121528848078e+01 
       3.098558660635e-01       3.057970797109e+01 
       3.131787382172e-01       2.999015304710e+01 
       3.165016111023e-01       2.943819050189e+01 
       3.198244846961e-01       2.891468622407e+01 
       3.231473589765e-01       2.841059258580e+01 
       3.264702339225e-01       2.791720699780e+01 
       3.297931095138e-01       2.742694436497e+01 
       3.331159857310e-01       2.693403835609e+01 
       3.364388625556e-01       2.643511388353e+01 
       3.397617399695e-01       2.592926432268e+01 
       3.430846179557e-01       2.541806304620e+01 
       3.464074964975e-01       2.490475123790e+01 
       3.497303755790e-01       2.439348614099e+01 
       3.530532551849e-01       2.388867087467e+01 
       3.563761353006e-01       2.339443751084e+01 
       3.596990159117e-01       2.291454277031e+01 
       3.630218970046e-01       2.245214015231e+01 
       3.663447785662e-01       2.200957709738e+01 
       3.696676605838e-01       2.158844295766e+01 
       3.729905430451e-01       2.118920691453e+01 
       3.763134259382e-01       2.081093607784e+01 
       3.796363092520e-01       2.045165957997e+01 
       3.829591929752e-01       2.010851769808e+01 
       3.862820770974e-01       1.977822062529e+01 
       3.896049616082e-01       1.945760809451e+01 
       3.929278464978e-01       1.914402355626e+01 
       3.962507317566e-01       1.883540641289e+01 
       3.995736173753e-01       1.853027859861e+01 
       4.028965033450e-01       1.822769727495e+01 
       4.062193896571e-01       1.792700901716e+01 
       4.095422763032e-01       1.762802912631e+01 
       4.128651632752e-01       1.733099975337e+01 
       4.161880505652e-01       1.703662680953e+01 
       4.195109381657e-01       1.674602895659e+01 
       4.228338260693e-01       1.646053872798e+01 
       4.261567142689e-01       1.618143161424e+01 
       4.294796027577e-01       1.590972607625e+01 
       4.328024915288e-01       1.564601988800e+01 
       4.361253805759e-01       1.539052128385e+01 
       4.394482698926e-01       1.514320935511e+01 
       4.427711594729e-01       1.490385165785e+01 
       4.460940493109e-01       1.467222868281e+01 
       4.494169394007e-01       1.444798666306e+01 
       4.527398297369e-01       1.423064124624e+01 
       4.560627203141e-01       1.401950149641e+01 
       4.593856111270e-01       1.381368966831e+01 
       4.627085021704e-01       1.361227519014e+01 
       4.660313934395e-01       1.341436176422e+01 
       4.693542849295e-01       1.321929922501e+01 
       4.726771766356e-01       1.302673993847e+01 
       4.760000685533e-01       1.283655765251e+01 
       4.793229606783e-01       1.264880253521e+01 
       4.826458530061e-01       1.246355677373e+01 
       4.859687455327e-01       1.228095944901e+01 
       4.892916382540e-01       1.210108538666e+01 
       4.926145311660e-01       1.192413676049e+01 
       4.959374242649e-01       1.175041014402e+01 
       4.992603175469e-01       1.158026888786e+01 
       5.025832110083e-01       1.141405360991e+01 
       5.059061046458e-01       1.125211205013e+01 
       5.092289984557e-01       1.109440805240e+01 
       5.125518924347e-01       1.094084289367e+01 
       5.158747865796e-01       1.079112127334e+01 
       5.191976808871e-01       1.064488935628e+01 
       5.225205753541e-01       1.050184339118e+01 
       5.258434699777e-01       1.036173709284e+01 
       5.291663647548e-01       1.022436590018e+01 
       5.324892596825e-01       1.008955076557e+01 
       5.358121547581e-01       9.957083521306e+00 
       5.391350499788e-01       9.826723264928e+00 
       5.424579453419e-01       9.698247303392e+00 
       5.457808408448e-01       9.571494445163e+00 
       5.491037364851e-01       9.446523576517e+00 
       5.524266322601e-01       9.323363056051e+00 
       5.557495281674e-01       9.202202798619e+00 
       5.590724242048e-01       9.083144136176e+00 
       5.623953203698e-01       8.966267653953e+00 
       5.657182166603e-01       8.851553501403e+00 
       5.690411130740e-01       8.738948937270e+00 
       5.723640096088e-01       8.628398779286e+00 
       5.756869062626e-01       8.519891348183e+00 
       5.790098030332e-01       8.413450166363e+00 
       5.823326999188e-01       8.309113716376e+00 
       5.856555969173e-01       8.206870676990e+00 
       5.889784940269e-01       8.106650326597e+00 
       5.923013912456e-01       8.008301376314e+00 
       5.956242885717e-01       7.911673049321e+00 
       5.989471860032e-01       7.816620957374e+00 
       6.022700835386e-01       7.723066408624e+00 
       6.055929811760e-01       7.630986845343e+00 
       6.089158789138e-01       7.540386747161e+00 
       6.122387767504e-01       7.451252463420e+00 
       6.155616746841e-01       7.363540985150e+00 
       6.188845727134e-01       7.277167665631e+00 
       6.222074708368e-01       7.192055916934e+00 
       6.255303690527e-01       7.108157787799e+00 
       6.288532673597e-01       7.025483645149e+00 
       6.321761657563e-01       6.944093998949e+00 
       6.354990642411e-01       6.864047361940e+00 
       6.388219628128e-01       6.785382439519e+00 
       6.421448614699e-01       6.708084043352e+00 
       6.454677602113e-01       6.632091486314e+00 
       6.487906590355e-01       6.557331201160e+00 
       6.521135579413e-01       6.483743023390e+00 
       6.554364569274e-01       6.411312224821e+00 
       6.587593559927e-01       6.340043329521e+00 
       6.620822551360e-01       6.269951804319e+00 
       6.654051543560e-01       6.201025388786e+00 
       6.687280536516e-01       6.133209720148e+00 
       6.720509530218e-01       6.066430531315e+00 
       6.753738524653e-01       6.000614637802e+00 
       6.786967519812e-01       5.935700084331e+00 
       6.820196515683e-01       5.871691464415e+00 
       6.853425512256e-01       5.808599770614e+00 
       6.886654509522e-01       5.746458571085e+00 
       6.919883507469e-01       5.685274325956e+00 
       6.953112506089e-01       5.625011093524e+00 
       6.986341505371e-01       5.565629885696e+00 
       7.019570505306e-01       5.507078792564e+00 
       7.052799505885e-01       5.449330233976e+00 
       7.086028507100e-01       5.392394051588e+00 
       7.119257508940e-01       5.336289043797e+00 
       7.152486511397e-01       5.281047266767e+00 
       7.185715514462e-01       5.226662146759e+00 
       7.218944518128e-01       5.173118020713e+00 
       7.252173522386e-01       5.120351466639e+00 
       7.285402527228e-01       5.068320289253e+00 
       7.318631532645e-01       5.016985560414e+00 
       7.351860538631e-01       4.966351429730e+00 
       7.385089545177e-01       4.916431154755e+00 
       7.418318552275e-01       4.867243724952e+00 
       7.451547559919e-01       4.818773972350e+00 
       7.484776568101e-01       4.770998905302e+00 
       7.518005576814e-01       4.723873002638e+00 
       7.551234586050e-01       4.677354798403e+00 
       7.584463595804e-01       4.631425895019e+00 
       8.231223745032e-01       3.850440266539e+00 
       9.135496877543e-01       3.036514542140e+00 
       1.052919654888e+00       2.188701836121e+00 
       1.278600502394e+00       1.389216881188e+00 
       1.602843625987e+00       8.110773628915e-01 
       2.017657727475e+00       4.646320322075e-01 
       2.540079333917e+00       2.638915864807e-01 
       3.197770420228e+00       1.487500059351e-01 
       4.025754443109e+00       8.327088528694e-02 
       5.068124570073e+00       4.632260607132e-02 
       6.380390811404e+00       2.562092406806e-02 
       8.032436129654e+00       1.409656621791e-02 
       1.011223796224e+01       7.717923550356e-03 
       1.273055334077e+01       4.206900607174e-03 
       1.602681710689e+01       2.283489999745e-03 
       2.017656732605e+01       1.234628821706e-03 
       2.540079332953e+01       6.651140511583e-04 
       3.197770420228e+01       3.570508474491e-04 
       4.025754443109e+01       1.910329583509e-04 
       5.068124570073e+01       1.018651392198e-04 
       6.380390811404e+01       5.413224458711e-05 
       8.032436129654e+01       2.866071830234e-05 
       1.011223796224e+02       1.511070625064e-05 
       1.273055334077e+02       7.926397161872e-06 
       1.602681710689e+02       4.131090958613e-06 
       2.017656732605e+02       2.134650114497e-06 
       2.540079332953e+02       1.090480190651e-06 
       3.197770420228e+02       5.487780575748e-07 
       4.025754443109e+02       2.711517708357e-07 
       5.068124570073e+02       1.314166804870e-07 
       6.380390811404e+02       6.274642282451e-08 
       8.032436129654e+02       2.980554659455e-08 
       1.011223796224e+03       1.419830155490e-08 
