# Matter power spectrum P(k) at redshift z=4
# for k=1.04575e-05 to 1006.15 h/Mpc,
# number of wavenumbers equal to 625
#    1:k (h/Mpc)              2:P (Mpc/h)^3        
       1.045749810485e-05       2.882427641491e+00 
       2.373043761528e-05       6.452644057301e+00 
       3.705205197341e-05       9.995164646450e+00 
       5.046040160262e-05       1.353407983812e+01 
       6.399420676399e-05       1.708577488675e+01 
       7.769321405898e-05       2.066407217167e+01 
       9.159857522556e-05       2.428177244276e+01 
       1.057532435558e-04       2.795133692079e+01 
       1.202023933008e-04       3.168527386574e+01 
       1.349938674647e-04       3.549640172508e+01 
       1.501786593808e-04       3.939805593625e+01 
       1.658114333596e-04       4.340426988836e+01 
       1.819510894196e-04       4.752994460778e+01 
       1.986613765579e-04       5.179101638531e+01 
       2.160115580438e-04       5.620462634253e+01 
       2.340771306401e-04       6.078929450866e+01 
       2.529405972213e-04       6.556509912240e+01 
       2.726922886571e-04       7.055386066635e+01 
       2.934312256600e-04       7.577932701895e+01 
       3.152660040981e-04       8.126735540955e+01 
       3.383156775180e-04       8.704608332017e+01 
       3.627105977775e-04       9.314607676281e+01 
       3.885931583209e-04       9.960044046949e+01 
       4.161183645581e-04       1.064448696976e+02 
       4.454541324261e-04       1.137176164611e+02 
       4.767811907995e-04       1.214593391154e+02 
       5.102924387431e-04       1.297127958993e+02 
       5.461915893473e-04       1.385223427111e+02 
       5.846909251320e-04       1.479331941436e+02 
       6.260080050474e-04       1.579904148492e+02 
       6.703612104985e-04       1.687376219389e+02 
       7.179641068864e-04       1.802154091448e+02 
       7.690187318622e-04       1.924595386295e+02 
       8.237080952403e-04       2.054989973710e+02 
       8.821883665213e-04       2.193540588894e+02 
       9.445813962622e-04       2.340345318463e+02 
       1.010968318642e-03       2.495384034090e+02 
       1.081384969221e-03       2.658510529438e+02 
       1.155819700313e-03       2.829451715826e+02 
       1.234213899658e-03       3.007814334994e+02 
       1.316465168833e-03       3.193098560237e+02 
       1.402432774394e-03       3.384717060529e+02 
       1.491944724558e-03       3.582017500249e+02 
       1.584805697329e-03       3.784305993951e+02 
       1.680805061300e-03       3.990869498789e+02 
       1.779724358910e-03       4.200995790110e+02 
       1.881343813733e-03       4.413989772993e+02 
       1.985447627100e-03       4.629185900379e+02 
       2.091828006459e-03       4.845957114108e+02 
       2.200287998256e-03       5.063720363023e+02 
       2.310643277916e-03       5.281932728003e+02 
       2.422723085604e-03       5.500112266001e+02 
       2.536370500476e-03       5.717819941424e+02 
       2.651442230081e-03       5.934662025207e+02 
       2.767808065318e-03       6.150288104608e+02 
       2.885350122018e-03       6.364390200718e+02 
       3.003961962113e-03       6.576697050120e+02 
       3.123547662764e-03       6.786972911984e+02 
       3.244020881646e-03       6.995013076221e+02 
       3.365303950641e-03       7.200640761642e+02 
       3.487327018288e-03       7.403704158313e+02 
       3.610027252458e-03       7.604073381277e+02 
       3.733348108622e-03       7.801639370351e+02 
       3.857238664757e-03       7.996309028617e+02 
       3.981653021215e-03       8.188005210112e+02 
       4.106549762154e-03       8.376665990098e+02 
       4.231891474164e-03       8.562239420578e+02 
       4.357644317282e-03       8.744688279457e+02 
       4.483777643502e-03       8.923981505232e+02 
       4.610263657980e-03       9.100100760087e+02 
       4.737077118433e-03       9.273031867289e+02 
       4.864195068510e-03       9.442769733496e+02 
       4.991596601329e-03       9.609315850131e+02 
       5.119262649698e-03       9.772673486755e+02 
       5.247175799933e-03       9.932855162932e+02 
       5.375320126495e-03       1.008987210994e+03 
       5.503681045008e-03       1.024374235857e+03 
       5.632245181484e-03       1.039448877410e+03 
       5.761000255846e-03       1.054213217414e+03 
       5.889934978076e-03       1.068669839727e+03 
       6.019038955502e-03       1.082821483231e+03 
       6.148302609931e-03       1.096670946509e+03 
       6.277717103485e-03       1.110221440443e+03 
       6.407274272154e-03       1.123476345944e+03 
       6.536966566162e-03       1.136438443582e+03 
       6.666786996400e-03       1.149111369220e+03 
       6.796729086234e-03       1.161498379648e+03 
       6.926786828089e-03       1.173602918893e+03 
       7.056954644300e-03       1.185428842825e+03 
       7.187227351743e-03       1.196979483544e+03 
       7.317600129859e-03       1.208258250060e+03 
       7.448068491705e-03       1.219268766888e+03 
       7.578628257697e-03       1.230014755935e+03 
       7.709275531791e-03       1.240499205232e+03 
       7.840006679834e-03       1.250726508147e+03 
       7.970818309857e-03       1.260699780685e+03 
       8.101707254141e-03       1.270422005721e+03 
       8.232670552846e-03       1.279897414050e+03 
       8.363705439076e-03       1.289129306073e+03 
       8.494809325229e-03       1.298120249680e+03 
       8.625979790500e-03       1.306874395779e+03 
       8.757214569446e-03       1.315395077941e+03 
       8.888511541496e-03       1.323685466971e+03 
       9.019868721331e-03       1.331748609979e+03 
       9.151284250039e-03       1.339588210731e+03 
       9.282756386994e-03       1.347207013624e+03 
       9.414283502372e-03       1.354608498356e+03 
       9.545864070270e-03       1.361795433231e+03 
       9.677496662351e-03       1.368771051817e+03 
       9.809179941995e-03       1.375540251211e+03 
       9.940912658886e-03       1.382103089577e+03 
       1.007269364402e-02       1.388463068700e+03 
       1.020452180510e-02       1.394623615937e+03 
       1.033639612222e-02       1.400587336552e+03 
       1.046831564399e-02       1.406357558717e+03 
       1.060027948378e-02       1.411936050420e+03 
       1.073228681639e-02       1.417326386566e+03 
       1.086433687490e-02       1.422531076032e+03 
       1.099642894770e-02       1.427552634717e+03 
       1.112856237583e-02       1.432393908978e+03 
       1.126073655044e-02       1.437057013663e+03 
       1.139295091047e-02       1.441545362105e+03 
       1.152520494046e-02       1.445860646588e+03 
       1.165749816853e-02       1.450005080491e+03 
       1.178983016452e-02       1.453982475658e+03 
       1.192220053825e-02       1.457793754898e+03 
       1.205460893787e-02       1.461441715067e+03 
       1.218705504840e-02       1.464929176961e+03 
       1.231953859028e-02       1.468258550129e+03 
       1.245205931810e-02       1.471430269897e+03 
       1.258461701939e-02       1.474449005023e+03 
       1.271721151347e-02       1.477315474252e+03 
       1.284984265044e-02       1.480032227630e+03 
       1.298251031021e-02       1.482600591071e+03 
       1.311521440158e-02       1.485024463001e+03 
       1.324795486143e-02       1.487304840479e+03 
       1.338073165393e-02       1.489443508541e+03 
       1.351354476986e-02       1.491443390742e+03 
       1.364639422595e-02       1.493306002998e+03 
       1.377928006424e-02       1.495033149591e+03 
       1.391220235156e-02       1.496627076614e+03 
       1.404516117903e-02       1.498089903859e+03 
       1.417815666155e-02       1.499423717815e+03 
       1.431118893742e-02       1.500629108366e+03 
       1.444425816794e-02       1.501709997441e+03 
       1.457736453706e-02       1.502666255332e+03 
       1.471050825103e-02       1.503501005051e+03 
       1.484368953822e-02       1.504215115154e+03 
       1.497690864875e-02       1.504811303704e+03 
       1.511016585436e-02       1.505290301874e+03 
       1.524346144820e-02       1.505655138546e+03 
       1.537679574464e-02       1.505906770532e+03 
       1.551016907917e-02       1.506046968038e+03 
       1.564358180828e-02       1.506077877097e+03 
       1.577703430938e-02       1.506000592927e+03 
       1.591052698073e-02       1.505817206578e+03 
       1.604406024142e-02       1.505529357371e+03 
       1.617763453133e-02       1.505138667154e+03 
       1.631125031118e-02       1.504646371655e+03 
       1.644490806251e-02       1.504054487571e+03 
       1.657860828775e-02       1.503364642439e+03 
       1.671235151029e-02       1.502578376071e+03 
       1.684613827459e-02       1.501697298688e+03 
       1.697996914622e-02       1.500721650372e+03 
       1.711384471207e-02       1.499654224941e+03 
       1.724776558040e-02       1.498497733313e+03 
       1.738173238109e-02       1.497252474883e+03 
       1.751574576578e-02       1.495918472150e+03 
       1.764980640804e-02       1.494498802977e+03 
       1.778391500363e-02       1.492994727664e+03 
       1.791807227070e-02       1.491407854195e+03 
       1.805227895006e-02       1.489738813190e+03 
       1.818653580541e-02       1.487990036743e+03 
       1.832084362365e-02       1.486161769046e+03 
       1.845520321520e-02       1.484256218574e+03 
       1.858961541424e-02       1.482273828574e+03 
       1.872408107911e-02       1.480217274280e+03 
       1.885860109264e-02       1.478087318478e+03 
       1.899317636251e-02       1.475883775362e+03 
       1.912780782161e-02       1.473610359792e+03 
       1.926249642850e-02       1.471265685242e+03 
       1.939724316775e-02       1.468855494024e+03 
       1.953204905044e-02       1.466373967478e+03 
       1.966691511458e-02       1.463830952177e+03 
       1.980184242558e-02       1.461220225029e+03 
       1.993683207674e-02       1.458547187898e+03 
       2.007188518977e-02       1.455812294949e+03 
       2.020700291530e-02       1.453014017665e+03 
       2.034218643342e-02       1.450156520448e+03 
       2.047743695426e-02       1.447241006704e+03 
       2.061275571856e-02       1.444267705163e+03 
       2.074814399829e-02       1.441237432563e+03 
       2.088360309724e-02       1.438151543264e+03 
       2.101913435170e-02       1.435011146979e+03 
       2.115473913110e-02       1.431817226433e+03 
       2.129041883873e-02       1.428574050489e+03 
       2.142617491241e-02       1.425276769051e+03 
       2.156200882525e-02       1.421931220502e+03 
       2.169792208640e-02       1.418536091181e+03 
       2.183391624183e-02       1.415092882547e+03 
       2.196999287514e-02       1.411603862256e+03 
       2.210615360838e-02       1.408066575772e+03 
       2.224240010293e-02       1.404487829588e+03 
       2.237873406036e-02       1.400862173738e+03 
       2.251515722336e-02       1.397194537211e+03 
       2.265167137665e-02       1.393488198779e+03 
       2.278827834800e-02       1.389738069272e+03 
       2.292498000920e-02       1.385947927863e+03 
       2.306177827707e-02       1.382120757578e+03 
       2.319867511457e-02       1.378253926485e+03 
       2.333567253186e-02       1.374351623661e+03 
       2.347277258747e-02       1.370411600415e+03 
       2.360997738941e-02       1.366438255337e+03 
       2.374728909641e-02       1.362429373439e+03 
       2.388470991917e-02       1.358390007203e+03 
       2.402224212160e-02       1.354317002150e+03 
       2.415988802217e-02       1.350212008633e+03 
       2.429764999526e-02       1.346074188655e+03 
       2.443553047256e-02       1.341909479204e+03 
       2.457353194453e-02       1.337717344969e+03 
       2.471165696187e-02       1.333495190507e+03 
       2.484990813710e-02       1.329245938236e+03 
       2.498828814611e-02       1.324971600945e+03 
       2.512679972984e-02       1.320669426008e+03 
       2.526544569592e-02       1.316344394439e+03 
       2.540422892050e-02       1.311996403935e+03 
       2.554315234997e-02       1.307623763541e+03 
       2.568221900292e-02       1.303228153518e+03 
       2.582143197196e-02       1.298810386441e+03 
       2.596079442580e-02       1.294373038275e+03 
       2.610030961129e-02       1.289916251460e+03 
       2.623998085549e-02       1.285442457438e+03 
       2.637981156794e-02       1.280945527576e+03 
       2.651980524290e-02       1.276433276378e+03 
       2.665996546168e-02       1.271901789280e+03 
       2.680029589511e-02       1.267356276957e+03 
       2.694080030602e-02       1.262792081139e+03 
       2.708148255186e-02       1.258215373468e+03 
       2.722234658737e-02       1.253624140421e+03 
       2.736339646738e-02       1.249016860576e+03 
       2.750463634970e-02       1.244395114584e+03 
       2.764607049807e-02       1.239765235888e+03 
       2.778770328530e-02       1.235118668245e+03 
       2.792953919641e-02       1.230466947242e+03 
       2.807158283200e-02       1.225799145847e+03 
       2.821383891169e-02       1.221120803646e+03 
       2.835631227763e-02       1.216433602231e+03 
       2.849900789825e-02       1.211738402789e+03 
       2.864193087208e-02       1.207036305797e+03 
       2.878508643170e-02       1.202321378570e+03 
       2.892847994792e-02       1.197602719245e+03 
       2.907211693401e-02       1.192873582513e+03 
       2.921600305018e-02       1.188145537342e+03 
       2.936014410820e-02       1.183403343836e+03 
       2.950454607619e-02       1.178658903252e+03 
       2.964921508358e-02       1.173908423445e+03 
       2.979415742637e-02       1.169156393930e+03 
       2.993937957245e-02       1.164397456764e+03 
       3.008488816723e-02       1.159634987980e+03 
       3.023069003948e-02       1.154869418717e+03 
       3.037679220740e-02       1.150100802010e+03 
       3.052320188494e-02       1.145329658225e+03 
       3.066992648838e-02       1.140557905179e+03 
       3.081697364318e-02       1.135786149981e+03 
       3.096435119115e-02       1.131007128096e+03 
       3.111206719787e-02       1.126229902586e+03 
       3.126012996051e-02       1.121454047124e+03 
       3.140854801586e-02       1.116680935942e+03 
       3.155733014887e-02       1.111903693077e+03 
       3.170648540141e-02       1.107127606367e+03 
       3.185602308155e-02       1.102353185419e+03 
       3.200595277315e-02       1.097583649255e+03 
       3.215628434598e-02       1.092810934550e+03 
       3.230702796621e-02       1.088042774523e+03 
       3.245819410741e-02       1.083276618044e+03 
       3.260979356215e-02       1.078509233173e+03 
       3.276183745398e-02       1.073748773189e+03 
       3.291433725013e-02       1.068992158778e+03 
       3.306730477471e-02       1.064236816496e+03 
       3.322075222260e-02       1.059482153620e+03 
       3.337469217403e-02       1.054736350936e+03 
       3.352913760980e-02       1.049996728677e+03 
       3.368410192736e-02       1.045256539046e+03 
       3.383959895760e-02       1.040522713801e+03 
       3.399564298254e-02       1.035793882476e+03 
       3.415224875396e-02       1.031068703797e+03 
       3.430943151287e-02       1.026352039712e+03 
       3.446720701016e-02       1.021635319626e+03 
       3.462559152820e-02       1.016929822897e+03 
       3.478460190367e-02       1.012226760289e+03 
       3.494425555159e-02       1.007531427425e+03 
       3.510457049068e-02       1.002839813238e+03 
       3.526556537007e-02       9.981598251768e+02 
       3.542725949757e-02       9.934814956813e+02 
       3.558967286947e-02       9.888102456812e+02 
       3.575282620204e-02       9.841441563840e+02 
       3.591674096486e-02       9.794865537651e+02 
       3.608143941613e-02       9.748361139786e+02 
       3.624694463996e-02       9.701918857307e+02 
       3.641328058594e-02       9.655566569387e+02 
       3.658047211114e-02       9.609265688445e+02 
       3.674854502456e-02       9.563050290346e+02 
       3.691752613441e-02       9.516877812022e+02 
       3.708744329831e-02       9.470784680176e+02 
       3.725832547669e-02       9.424759819317e+02 
       3.743020278953e-02       9.378814260243e+02 
       3.760310657689e-02       9.332930815364e+02 
       3.777706946333e-02       9.287163808102e+02 
       3.795212542663e-02       9.241406320206e+02 
       3.812830987117e-02       9.195742928554e+02 
       3.830565970624e-02       9.150148415530e+02 
       3.848421342989e-02       9.104651044214e+02 
       3.866401121852e-02       9.059197541901e+02 
       3.884509502293e-02       9.013789741487e+02 
       3.902750867120e-02       8.968496747954e+02 
       3.921129797920e-02       8.923254974767e+02 
       3.939651086917e-02       8.878048546390e+02 
       3.958319749728e-02       8.832913279479e+02 
       3.977141039084e-02       8.787862752679e+02 
       3.996120459624e-02       8.742867542569e+02 
       4.015263783837e-02       8.697928244287e+02 
       4.034577069283e-02       8.653024559740e+02 
       4.054066677207e-02       8.608200378754e+02 
       4.073739292676e-02       8.563400148085e+02 
       4.093601946408e-02       8.518668922182e+02 
       4.113662038441e-02       8.474008689664e+02 
       4.133927363850e-02       8.429375542025e+02 
       4.154406140720e-02       8.384751332142e+02 
       4.175107040600e-02       8.340280675139e+02 
       4.196039221729e-02       8.295673603616e+02 
       4.217212365321e-02       8.251183445002e+02 
       4.238636715250e-02       8.206708666536e+02 
       4.260323121533e-02       8.162232498694e+02 
       4.282283088035e-02       8.117837127482e+02 
       4.304528824899e-02       8.073385224375e+02 
       4.327073306268e-02       8.028991626699e+02 
       4.349930333937e-02       7.984606996235e+02 
       4.373114607684e-02       7.940179749873e+02 
       4.396641803108e-02       7.895763470555e+02 
       4.420528657961e-02       7.851337361668e+02 
       4.444793068082e-02       7.806879308623e+02 
       4.469454194227e-02       7.762394418755e+02 
       4.494532581288e-02       7.717855307017e+02 
       4.520050291638e-02       7.673303396757e+02 
       4.546031054620e-02       7.628664033055e+02 
       4.572500434546e-02       7.583968101092e+02 
       4.599486019958e-02       7.539174710989e+02 
       4.627017637418e-02       7.494302287684e+02 
       4.655127593643e-02       7.449334033162e+02 
       4.683850950528e-02       7.404270417934e+02 
       4.713225838436e-02       7.359049260582e+02 
       4.743293814168e-02       7.313691058073e+02 
       4.774100271297e-02       7.268170879772e+02 
       4.805694912064e-02       7.222462652173e+02 
       4.838132291952e-02       7.176565911938e+02 
       4.871472450393e-02       7.130463954855e+02 
       4.905781643925e-02       7.084067657269e+02 
       4.941133201783e-02       7.037430734871e+02 
       4.977608528353e-02       6.990478345995e+02 
       5.015298282618e-02       6.943200679268e+02 
       5.054303771845e-02       6.895533458332e+02 
       5.094738605757e-02       6.847448477259e+02 
       5.136730668884e-02       6.798921891266e+02 
       5.180424483333e-02       6.749890570275e+02 
       5.225984052739e-02       6.700267928477e+02 
       5.273596301788e-02       6.650022919941e+02 
       5.323475255774e-02       6.599041324065e+02 
       5.375867142783e-02       6.547244191869e+02 
       5.431056648953e-02       6.494511554730e+02 
       5.489374616450e-02       6.440729224102e+02 
       5.551207544878e-02       6.385741450759e+02 
       5.617009337762e-02       6.329334368436e+02 
       5.687315818582e-02       6.271272738164e+02 
       5.762762604582e-02       6.211245182076e+02 
       5.844106924229e-02       6.148888356675e+02 
       5.932253797381e-02       6.083695295980e+02 
       6.028286471725e-02       6.015018086854e+02 
       6.133499760901e-02       5.942009290030e+02 
       6.249432323971e-02       5.863539366805e+02 
       6.377888977286e-02       5.778107193427e+02 
       6.520935658723e-02       5.683698824120e+02 
       6.680837282307e-02       5.577698912713e+02 
       6.859895815143e-02       5.456834509874e+02 
       7.060145446358e-02       5.317252460273e+02 
       7.282900509302e-02       5.155018489384e+02 
       7.528254764851e-02       4.967052615559e+02 
       7.794763165265e-02       4.752485332032e+02 
       8.079557122545e-02       4.513868003656e+02 
       8.378925639194e-02       4.257535157949e+02 
       8.689081350409e-02       3.992760226379e+02 
       9.006747864852e-02       3.730120846368e+02 
       9.329408122598e-02       3.479636784060e+02 
       9.655282505597e-02       3.249479288332e+02 
       9.983181243343e-02       3.045193455787e+02 
       1.031233738652e-01       2.869548251881e+02 
       1.064226786357e-01       2.722719705914e+02 
       1.097267276976e-01       2.602744679796e+02 
       1.130336756109e-01       2.506024356383e+02 
       1.163423928821e-01       2.427860771928e+02 
       1.196521903954e-01       2.362956819621e+02 
       1.229626484529e-01       2.305898378125e+02 
       1.262735116499e-01       2.251625626830e+02 
       1.295846245788e-01       2.195854079529e+02 
       1.328958926300e-01       2.135411796408e+02 
       1.362072581392e-01       2.068455790010e+02 
       1.395186858906e-01       1.994526889756e+02 
       1.428301543108e-01       1.914424059419e+02 
       1.461416501217e-01       1.829942953062e+02 
       1.494531650939e-01       1.743518141969e+02 
       1.527646940752e-01       1.657838100859e+02 
       1.560762337931e-01       1.575494886410e+02 
       1.593877821275e-01       1.498697954282e+02 
       1.626993376673e-01       1.429094018190e+02 
       1.660108994417e-01       1.367658549913e+02 
       1.693224667555e-01       1.314697835394e+02 
       1.726340390885e-01       1.269894290056e+02 
       1.759456160339e-01       1.232408636537e+02 
       1.792571972603e-01       1.201009866691e+02 
       1.825687824880e-01       1.174214207804e+02 
       1.858803714740e-01       1.150436857908e+02 
       1.891919640029e-01       1.128312156470e+02 
       1.925035598800e-01       1.106389868856e+02 
       1.958151589280e-01       1.083392136665e+02 
       1.991267609837e-01       1.058515765730e+02 
       2.024383658960e-01       1.031366730916e+02 
       2.057499735245e-01       1.001972126926e+02 
       2.090615837384e-01       9.707322510151e+01 
       2.123731964151e-01       9.383107788513e+01 
       2.156848114401e-01       9.055060267831e+01 
       2.189964287058e-01       8.731357789469e+01 
       2.223080481113e-01       8.419377910379e+01 
       2.256196695617e-01       8.125152873355e+01 
       2.289312929674e-01       7.853102909518e+01 
       2.322429182442e-01       7.606015037569e+01 
       2.355545453127e-01       7.384921779165e+01 
       2.388661740978e-01       7.189300408909e+01 
       2.421778045285e-01       7.017048604344e+01 
       2.454894365379e-01       6.864690054301e+01 
       2.488010700625e-01       6.727808303832e+01 
       2.521127050422e-01       6.601496729251e+01 
       2.554243414200e-01       6.480917724438e+01 
       2.587359791419e-01       6.361781539432e+01 
       2.620476181567e-01       6.240745127684e+01 
       2.653592584155e-01       6.115529056558e+01 
       2.686708998722e-01       5.984956052732e+01 
       2.719825424828e-01       5.848870992913e+01 
       2.752941862052e-01       5.707956161686e+01 
       2.786058309997e-01       5.563696870069e+01 
       2.819174768282e-01       5.418117482955e+01 
       2.852291236545e-01       5.273634848657e+01 
       2.885407714441e-01       5.132709772748e+01 
       2.918524201640e-01       4.997587495153e+01 
       2.951640697827e-01       4.870006685752e+01 
       2.984757202702e-01       4.751038430907e+01 
       3.017873715976e-01       4.641065363445e+01 
       3.050990237374e-01       4.539818648992e+01 
       3.084106766634e-01       4.446567708140e+01 
       3.117223303504e-01       4.360258137244e+01 
       3.150339847742e-01       4.279643363512e+01 
       3.183456399118e-01       4.203390685482e+01 
       3.216572957409e-01       4.130141366323e+01 
       3.249689522404e-01       4.058583057701e+01 
       3.282806093897e-01       3.987562138063e+01 
       3.315922671695e-01       3.916182166754e+01 
       3.349039255608e-01       3.843891474981e+01 
       3.382155845457e-01       3.770530640016e+01 
       3.415272441067e-01       3.696281850089e+01 
       3.448389042272e-01       3.621605565099e+01 
       3.481505648911e-01       3.547109603340e+01 
       3.514622260831e-01       3.473446495804e+01 
       3.547738877882e-01       3.401248514140e+01 
       3.580855499922e-01       3.331078378241e+01 
       3.613972126813e-01       3.263406970993e+01 
       3.647088758422e-01       3.198627038621e+01 
       3.680205394621e-01       3.136987154590e+01 
       3.713322035287e-01       3.078560419260e+01 
       3.746438680301e-01       3.023261157061e+01 
       3.779555329547e-01       2.970798542322e+01 
       3.812671982916e-01       2.920757664106e+01 
       3.845788640301e-01       2.872656721308e+01 
       3.878905301597e-01       2.826024558044e+01 
       3.912021966706e-01       2.780453122163e+01 
       3.945138635530e-01       2.735630792266e+01 
       3.978255307977e-01       2.691330497287e+01 
       4.011371983957e-01       2.647402519227e+01 
       4.044488663382e-01       2.603737630397e+01 
       4.077605346168e-01       2.560303746301e+01 
       4.110722032234e-01       2.517124062050e+01 
       4.143838721501e-01       2.474300810163e+01 
       4.176955413892e-01       2.431990807957e+01 
       4.210072109333e-01       2.390396826781e+01 
       4.243188807752e-01       2.349710250373e+01 
       4.276305509081e-01       2.310086704033e+01 
       4.309422213251e-01       2.271623272647e+01 
       4.342538920198e-01       2.234358926820e+01 
       4.375655629858e-01       2.198288093922e+01 
       4.408772342170e-01       2.163391814753e+01 
       4.441889057074e-01       2.129633586170e+01 
       4.475005774513e-01       2.096967122143e+01 
       4.508122494430e-01       2.065322043539e+01 
       4.541239216771e-01       2.034601027425e+01 
       4.574355941484e-01       2.004675524842e+01 
       4.607472668516e-01       1.975401399759e+01 
       4.640589397819e-01       1.946648253991e+01 
       4.673706129343e-01       1.918313850383e+01 
       4.706822863041e-01       1.890343231709e+01 
       4.739939598869e-01       1.862714614848e+01 
       4.773056336780e-01       1.835433599020e+01 
       4.806173076733e-01       1.808510772448e+01 
       4.839289818685e-01       1.781959179780e+01 
       4.872406562596e-01       1.755798851956e+01 
       4.905523308424e-01       1.730057259961e+01 
       4.938640056133e-01       1.704775814805e+01 
       4.971756805683e-01       1.680007320943e+01 
       5.004873557039e-01       1.655818652008e+01 
       5.037990310164e-01       1.632239556364e+01 
       5.071107065024e-01       1.609280122739e+01 
       5.104223821585e-01       1.586937797377e+01 
       5.137340579814e-01       1.565157148982e+01 
       5.170457339678e-01       1.543891004933e+01 
       5.203574101147e-01       1.523095256189e+01 
       5.236690864190e-01       1.502729408337e+01 
       5.269807628778e-01       1.482766842568e+01 
       5.302924394880e-01       1.463179722321e+01 
       5.336041162469e-01       1.443937230284e+01 
       5.369157931517e-01       1.425002728901e+01 
       5.402274701998e-01       1.406342413388e+01 
       5.435391473885e-01       1.387932403702e+01 
       5.468508247152e-01       1.369776934691e+01 
       5.501625021775e-01       1.351882562985e+01 
       5.534741797728e-01       1.334275788153e+01 
       5.567858574989e-01       1.316973115253e+01 
       5.600975353534e-01       1.299985750349e+01 
       5.634092133340e-01       1.283312921643e+01 
       5.667208914385e-01       1.266946401781e+01 
       5.700325696648e-01       1.250878345900e+01 
       5.733442480106e-01       1.235106608220e+01 
       5.766559264741e-01       1.219636135174e+01 
       5.799676050531e-01       1.204472589894e+01 
       5.832792837456e-01       1.189615160555e+01 
       5.865909625498e-01       1.175053747101e+01 
       5.899026414637e-01       1.160765516458e+01 
       5.932143204855e-01       1.146733189720e+01 
       5.965259996135e-01       1.132929240316e+01 
       5.998376788458e-01       1.119343037835e+01 
       6.031493581807e-01       1.105971913628e+01 
       6.064610376165e-01       1.092816416408e+01 
       6.097727171517e-01       1.079874420910e+01 
       6.130843967845e-01       1.067138522198e+01 
       6.163960765134e-01       1.054597932066e+01 
       6.197077563368e-01       1.042239540573e+01 
       6.230194362533e-01       1.030057479149e+01 
       6.263311162613e-01       1.018052164215e+01 
       6.296427963595e-01       1.006232376109e+01 
       6.329544765463e-01       9.946074614947e+00 
       6.362661568205e-01       9.831833747209e+00 
       6.395778371805e-01       9.719580198386e+00 
       6.428895176252e-01       9.609232953587e+00 
       6.462011981532e-01       9.500677071158e+00 
       6.495128787633e-01       9.393832829590e+00 
       6.528245594541e-01       9.288669922332e+00 
       6.561362402245e-01       9.185199120190e+00 
       6.594479210732e-01       9.083442783115e+00 
       6.627596019991e-01       8.983384162296e+00 
       6.660712830010e-01       8.884949528404e+00 
       6.693829640778e-01       8.788028868094e+00 
       6.726946452283e-01       8.692505449055e+00 
       6.760063264516e-01       8.598298697398e+00 
       6.793180077465e-01       8.505398528393e+00 
       6.826296891120e-01       8.413822964997e+00 
       6.859413705470e-01       8.323647417365e+00 
       6.892530520506e-01       8.234848408374e+00 
       6.925647336217e-01       8.147399480478e+00 
       6.958764152595e-01       8.061221421724e+00 
       6.991880969629e-01       7.976253854242e+00 
       7.024997787310e-01       7.892450106467e+00 
       7.058114605629e-01       7.809815028507e+00 
       7.091231424578e-01       7.728402566147e+00 
       7.124348244147e-01       7.648235614143e+00 
       7.157465064327e-01       7.569314988953e+00 
       7.190581885111e-01       7.491617941020e+00 
       7.223698706489e-01       7.415059872761e+00 
       7.256815528454e-01       7.339562114352e+00 
       7.289932350998e-01       7.265088021806e+00 
       7.323049174113e-01       7.191621599873e+00 
       7.356165997791e-01       7.119202720928e+00 
       7.389282822025e-01       7.047836667169e+00 
       7.422399646806e-01       6.977524217368e+00 
       7.455516472128e-01       6.908223668528e+00 
       7.488633297984e-01       6.839864372864e+00 
       7.521750124367e-01       6.772383189535e+00 
       7.554866951269e-01       6.705760978871e+00 
       8.198102721918e-01       5.575193240158e+00 
       9.096865378917e-01       4.397498142736e+00 
       1.048113480481e+00       3.171007557158e+00 
       1.272309008191e+00       2.013503628108e+00 
       1.594812285659e+00       1.175272319175e+00 
       2.007541292717e+00       6.729849850244e-01 
       2.527343447222e+00       3.820822710626e-01 
       3.181736888759e+00       2.152988143525e-01 
       4.005569422901e+00       1.204875483154e-01 
       5.042713135196e+00       6.700769321436e-02 
       6.348399710287e+00       3.705247802909e-02 
       7.992161719507e+00       2.038145401230e-02 
       1.006153548386e+01       1.115692531350e-02 
       1.266672270229e+01       6.080134596684e-03 
       1.594645909407e+01       3.299646654478e-03 
       2.007540258166e+01       1.783774217674e-03 
       2.527343446205e+01       9.607716187241e-04 
       3.181736888759e+01       5.156764145987e-04 
       4.005569422901e+01       2.758507410629e-04 
       5.042713135196e+01       1.470610345745e-04 
       6.348399710287e+01       7.812704869264e-05 
       7.992161719507e+01       4.134878080323e-05 
       1.006153548386e+02       2.178833904357e-05 
       1.266672270229e+02       1.141981597842e-05 
       1.594645909407e+02       5.944481532398e-06 
       2.007540258166e+02       3.066012221466e-06 
       2.527343446205e+02       1.561920453581e-06 
       3.181736888759e+02       7.828268746989e-07 
       4.005569422901e+02       3.845313331922e-07 
       5.042713135196e+02       1.848685296569e-07 
       6.348399710287e+02       8.732800155468e-08 
       7.992161719507e+02       4.091496851910e-08 
       1.006153548386e+03       1.916480265430e-08 
