# Matter power spectrum P(k) at redshift z=3.5
# for k=1.04575e-05 to 1006.15 h/Mpc,
# number of wavenumbers equal to 625
#    1:k (h/Mpc)              2:P (Mpc/h)^3        
       1.045749810485e-05       3.552332337700e+00 
       2.373043761528e-05       7.952299888715e+00 
       3.705205197341e-05       1.231812895387e+01 
       5.046040160262e-05       1.667950546835e+01 
       6.399420676399e-05       2.105661932935e+01 
       7.769321405898e-05       2.546650145439e+01 
       9.159857522556e-05       2.992492338836e+01 
       1.057532435558e-04       3.444723766513e+01 
       1.202023933008e-04       3.904885418180e+01 
       1.349938674647e-04       4.374556416887e+01 
       1.501786593808e-04       4.855379506340e+01 
       1.658114333596e-04       5.349083304435e+01 
       1.819510894196e-04       5.857503213148e+01 
       1.986613765579e-04       6.382602028583e+01 
       2.160115580438e-04       6.926490791344e+01 
       2.340771306401e-04       7.491450197544e+01 
       2.529405972213e-04       8.079952634575e+01 
       2.726922886571e-04       8.694684775445e+01 
       2.934312256600e-04       9.338570315406e+01 
       3.152660040981e-04       1.001479227347e+02 
       3.383156775180e-04       1.072681392561e+02 
       3.627105977775e-04       1.147839690723e+02 
       3.885931583209e-04       1.227361461643e+02 
       4.161183645581e-04       1.311685835939e+02 
       4.454541324261e-04       1.401283294860e+02 
       4.767811907995e-04       1.496653786282e+02 
       5.102924387431e-04       1.598322919559e+02 
       5.461915893473e-04       1.706835744556e+02 
       5.846909251320e-04       1.822747619155e+02 
       6.260080050474e-04       1.946611755789e+02 
       6.703612104985e-04       2.078963224899e+02 
       7.179641068864e-04       2.220299543816e+02 
       7.690187318622e-04       2.371058434812e+02 
       8.237080952403e-04       2.531593940050e+02 
       8.821883665213e-04       2.702152647151e+02 
       9.445813962622e-04       2.882852239815e+02 
       1.010968318642e-03       3.073664940725e+02 
       1.081384969221e-03       3.274407975559e+02 
       1.155819700313e-03       3.484742704248e+02 
       1.234213899658e-03       3.704182950089e+02 
       1.316465168833e-03       3.932111724617e+02 
       1.402432774394e-03       4.167804586554e+02 
       1.491944724558e-03       4.410457143597e+02 
       1.584805697329e-03       4.659213683519e+02 
       1.680805061300e-03       4.913194512770e+02 
       1.779724358910e-03       5.171520379339e+02 
       1.881343813733e-03       5.433332513971e+02 
       1.985447627100e-03       5.697808016868e+02 
       2.091828006459e-03       5.964171102632e+02 
       2.200287998256e-03       6.231700220347e+02 
       2.310643277916e-03       6.499723638848e+02 
       2.422723085604e-03       6.767645367940e+02 
       2.536370500476e-03       7.034923102669e+02 
       2.651442230081e-03       7.301071337685e+02 
       2.767808065318e-03       7.565658640483e+02 
       2.885350122018e-03       7.828306447214e+02 
       3.003961962113e-03       8.088681863870e+02 
       3.123547662764e-03       8.346495894863e+02 
       3.244020881646e-03       8.601497786883e+02 
       3.365303950641e-03       8.853471155866e+02 
       3.487327018288e-03       9.102230373663e+02 
       3.610027252458e-03       9.347616900546e+02 
       3.733348108622e-03       9.589498038369e+02 
       3.857238664757e-03       9.827761024888e+02 
       3.981653021215e-03       1.006231305911e+03 
       4.106549762154e-03       1.029308034354e+03 
       4.231891474164e-03       1.052000156977e+03 
       4.357644317282e-03       1.074303362434e+03 
       4.483777643502e-03       1.096214095682e+03 
       4.610263657980e-03       1.117730355396e+03 
       4.737077118433e-03       1.138850637645e+03 
       4.864195068510e-03       1.159574541142e+03 
       4.991596601329e-03       1.179902464017e+03 
       5.119262649698e-03       1.199835017081e+03 
       5.247175799933e-03       1.219373946106e+03 
       5.375320126495e-03       1.238520838514e+03 
       5.503681045008e-03       1.257278114903e+03 
       5.632245181484e-03       1.275648784261e+03 
       5.761000255846e-03       1.293635594912e+03 
       5.889934978076e-03       1.311241897409e+03 
       6.019038955502e-03       1.328471217519e+03 
       6.148302609931e-03       1.345327146423e+03 
       6.277717103485e-03       1.361813768976e+03 
       6.407274272154e-03       1.377935418599e+03 
       6.536966566162e-03       1.393695758158e+03 
       6.666786996400e-03       1.409099094936e+03 
       6.796729086234e-03       1.424149651881e+03 
       6.926786828089e-03       1.438851869996e+03 
       7.056954644300e-03       1.453210648276e+03 
       7.187227351743e-03       1.467230246070e+03 
       7.317600129859e-03       1.480915002622e+03 
       7.448068491705e-03       1.494269514923e+03 
       7.578628257697e-03       1.507298477032e+03 
       7.709275531791e-03       1.520005681951e+03 
       7.840006679834e-03       1.532396636357e+03 
       7.970818309857e-03       1.544475276085e+03 
       8.101707254141e-03       1.556245367457e+03 
       8.232670552846e-03       1.567712206089e+03 
       8.363705439076e-03       1.578879935065e+03 
       8.494809325229e-03       1.589751802960e+03 
       8.625979790500e-03       1.600332989123e+03 
       8.757214569446e-03       1.610627661326e+03 
       8.888511541496e-03       1.620639785093e+03 
       9.019868721331e-03       1.630373163529e+03 
       9.151284250039e-03       1.639832310661e+03 
       9.282756386994e-03       1.649022803809e+03 
       9.414283502372e-03       1.657945997898e+03 
       9.545864070270e-03       1.666605663576e+03 
       9.677496662351e-03       1.675006397137e+03 
       9.809179941995e-03       1.683152161874e+03 
       9.940912658886e-03       1.691046082261e+03 
       1.007269364402e-02       1.698692215146e+03 
       1.020452180510e-02       1.706094192557e+03 
       1.033639612222e-02       1.713255216658e+03 
       1.046831564399e-02       1.720179398225e+03 
       1.060027948378e-02       1.726868932008e+03 
       1.073228681639e-02       1.733328216425e+03 
       1.086433687490e-02       1.739560350641e+03 
       1.099642894770e-02       1.745568435989e+03 
       1.112856237583e-02       1.751355977472e+03 
       1.126073655044e-02       1.756925583289e+03 
       1.139295091047e-02       1.762281444304e+03 
       1.152520494046e-02       1.767425646630e+03 
       1.165749816853e-02       1.772360913148e+03 
       1.178983016452e-02       1.777091917056e+03 
       1.192220053825e-02       1.781619800294e+03 
       1.205460893787e-02       1.785947994092e+03 
       1.218705504840e-02       1.790079958335e+03 
       1.231953859028e-02       1.794018650281e+03 
       1.245205931810e-02       1.797764615438e+03 
       1.258461701939e-02       1.801323573522e+03 
       1.271721151347e-02       1.804696418302e+03 
       1.284984265044e-02       1.807886282648e+03 
       1.298251031021e-02       1.810894806189e+03 
       1.311521440158e-02       1.813726772635e+03 
       1.324795486143e-02       1.816383421792e+03 
       1.338073165393e-02       1.818866960504e+03 
       1.351354476986e-02       1.821180985171e+03 
       1.364639422595e-02       1.823327375309e+03 
       1.377928006424e-02       1.825308368919e+03 
       1.391220235156e-02       1.827126758446e+03 
       1.404516117903e-02       1.828785110137e+03 
       1.417815666155e-02       1.830285993852e+03 
       1.431118893742e-02       1.831630163967e+03 
       1.444425816794e-02       1.832822464557e+03 
       1.457736453706e-02       1.833862765421e+03 
       1.471050825103e-02       1.834754911478e+03 
       1.484368953822e-02       1.835499993628e+03 
       1.497690864875e-02       1.836101361671e+03 
       1.511016585436e-02       1.836559941374e+03 
       1.524346144820e-02       1.836879460090e+03 
       1.537679574464e-02       1.837061117214e+03 
       1.551016907917e-02       1.837107105800e+03 
       1.564358180828e-02       1.837020072428e+03 
       1.577703430938e-02       1.836801383926e+03 
       1.591052698073e-02       1.836453619903e+03 
       1.604406024142e-02       1.835978806297e+03 
       1.617763453133e-02       1.835378948361e+03 
       1.631125031118e-02       1.834655578194e+03 
       1.644490806251e-02       1.833811178272e+03 
       1.657860828775e-02       1.832847756328e+03 
       1.671235151029e-02       1.831767209879e+03 
       1.684613827459e-02       1.830571522763e+03 
       1.697996914622e-02       1.829261006198e+03 
       1.711384471207e-02       1.827839082968e+03 
       1.724776558040e-02       1.826309074244e+03 
       1.738173238109e-02       1.824671359278e+03 
       1.751574576578e-02       1.822925979401e+03 
       1.764980640804e-02       1.821076700342e+03 
       1.778391500363e-02       1.819125069928e+03 
       1.791807227070e-02       1.817073057831e+03 
       1.805227895006e-02       1.814921447497e+03 
       1.818653580541e-02       1.812673210201e+03 
       1.832084362365e-02       1.810328657335e+03 
       1.845520321520e-02       1.807890487980e+03 
       1.858961541424e-02       1.805359252620e+03 
       1.872408107911e-02       1.802738224937e+03 
       1.885860109264e-02       1.800028341410e+03 
       1.899317636251e-02       1.797229390649e+03 
       1.912780782161e-02       1.794345908449e+03 
       1.926249642850e-02       1.791376219176e+03 
       1.939724316775e-02       1.788327330097e+03 
       1.953204905044e-02       1.785192168484e+03 
       1.966691511458e-02       1.781982743888e+03 
       1.980184242558e-02       1.778691490908e+03 
       1.993683207674e-02       1.775325003594e+03 
       2.007188518977e-02       1.771883854352e+03 
       2.020700291530e-02       1.768366203453e+03 
       2.034218643342e-02       1.764777136770e+03 
       2.047743695426e-02       1.761118139555e+03 
       2.061275571856e-02       1.757389511625e+03 
       2.074814399829e-02       1.753592267410e+03 
       2.088360309724e-02       1.749728081482e+03 
       2.101913435170e-02       1.745798326856e+03 
       2.115473913110e-02       1.741804216742e+03 
       2.129041883873e-02       1.737750974645e+03 
       2.142617491241e-02       1.733632721649e+03 
       2.156200882525e-02       1.729456586811e+03 
       2.169792208640e-02       1.725220988547e+03 
       2.183391624183e-02       1.720927787047e+03 
       2.196999287514e-02       1.716579755267e+03 
       2.210615360838e-02       1.712173931722e+03 
       2.224240010293e-02       1.707718621431e+03 
       2.237873406036e-02       1.703207218825e+03 
       2.251515722336e-02       1.698645729312e+03 
       2.265167137665e-02       1.694038167991e+03 
       2.278827834800e-02       1.689378366502e+03 
       2.292498000920e-02       1.684670927822e+03 
       2.306177827707e-02       1.679919507011e+03 
       2.319867511457e-02       1.675120909952e+03 
       2.333567253186e-02       1.670280242915e+03 
       2.347277258747e-02       1.665394790994e+03 
       2.360997738941e-02       1.660469911308e+03 
       2.374728909641e-02       1.655502910381e+03 
       2.388470991917e-02       1.650499946696e+03 
       2.402224212160e-02       1.645457188223e+03 
       2.415988802217e-02       1.640376645525e+03 
       2.429764999526e-02       1.635257304441e+03 
       2.443553047256e-02       1.630106382128e+03 
       2.457353194453e-02       1.624923217244e+03 
       2.471165696187e-02       1.619704658943e+03 
       2.484990813710e-02       1.614454264900e+03 
       2.498828814611e-02       1.609174461120e+03 
       2.512679972984e-02       1.603861897133e+03 
       2.526544569592e-02       1.598522630038e+03 
       2.540422892050e-02       1.593156510449e+03 
       2.554315234997e-02       1.587761485735e+03 
       2.568221900292e-02       1.582339586817e+03 
       2.582143197196e-02       1.576891778797e+03 
       2.596079442580e-02       1.571421179347e+03 
       2.610030961129e-02       1.565927951924e+03 
       2.623998085549e-02       1.560415030112e+03 
       2.637981156794e-02       1.554874959324e+03 
       2.651980524290e-02       1.549317212936e+03 
       2.665996546168e-02       1.543737021017e+03 
       2.680029589511e-02       1.538140694461e+03 
       2.694080030602e-02       1.532522561816e+03 
       2.708148255186e-02       1.526890091423e+03 
       2.722234658737e-02       1.521240838652e+03 
       2.736339646738e-02       1.515572927277e+03 
       2.750463634970e-02       1.509888264170e+03 
       2.764607049807e-02       1.504194511799e+03 
       2.778770328530e-02       1.498481284684e+03 
       2.792953919641e-02       1.492762557588e+03 
       2.807158283200e-02       1.487025056344e+03 
       2.821383891169e-02       1.481275498475e+03 
       2.835631227763e-02       1.475515889138e+03 
       2.849900789825e-02       1.469747276252e+03 
       2.864193087208e-02       1.463970977183e+03 
       2.878508643170e-02       1.458179783997e+03 
       2.892847994792e-02       1.452384725867e+03 
       2.907211693401e-02       1.446577593006e+03 
       2.921600305018e-02       1.440772423574e+03 
       2.936014410820e-02       1.434950715252e+03 
       2.950454607619e-02       1.429126896460e+03 
       2.964921508358e-02       1.423296350479e+03 
       2.979415742637e-02       1.417464526936e+03 
       2.993937957245e-02       1.411624922596e+03 
       3.008488816723e-02       1.405781609105e+03 
       3.023069003948e-02       1.399935107885e+03 
       3.037679220740e-02       1.394085479827e+03 
       3.052320188494e-02       1.388233342412e+03 
       3.066992648838e-02       1.382381034960e+03 
       3.081697364318e-02       1.376529260784e+03 
       3.096435119115e-02       1.370669237532e+03 
       3.111206719787e-02       1.364811927047e+03 
       3.126012996051e-02       1.358956811944e+03 
       3.140854801586e-02       1.353105554816e+03 
       3.155733014887e-02       1.347249819474e+03 
       3.170648540141e-02       1.341396010587e+03 
       3.185602308155e-02       1.335544736714e+03 
       3.200595277315e-02       1.329699908001e+03 
       3.215628434598e-02       1.323851742272e+03 
       3.230702796621e-02       1.318009608156e+03 
       3.245819410741e-02       1.312170413072e+03 
       3.260979356215e-02       1.306330240181e+03 
       3.276183745398e-02       1.300498959639e+03 
       3.291433725013e-02       1.294672833402e+03 
       3.306730477471e-02       1.288848756018e+03 
       3.322075222260e-02       1.283026000257e+03 
       3.337469217403e-02       1.277214469619e+03 
       3.352913760980e-02       1.271410920049e+03 
       3.368410192736e-02       1.265607177290e+03 
       3.383959895760e-02       1.259811632875e+03 
       3.399564298254e-02       1.254022630924e+03 
       3.415224875396e-02       1.248238533112e+03 
       3.430943151287e-02       1.242465234413e+03 
       3.446720701016e-02       1.236692362181e+03 
       3.462559152820e-02       1.230933552917e+03 
       3.478460190367e-02       1.225178182543e+03 
       3.494425555159e-02       1.219432655794e+03 
       3.510457049068e-02       1.213692117998e+03 
       3.526556537007e-02       1.207966139573e+03 
       3.542725949757e-02       1.202242659387e+03 
       3.558967286947e-02       1.196528254806e+03 
       3.575282620204e-02       1.190820571439e+03 
       3.591674096486e-02       1.185123653581e+03 
       3.608143941613e-02       1.179435899887e+03 
       3.624694463996e-02       1.173756164316e+03 
       3.641328058594e-02       1.168087821791e+03 
       3.658047211114e-02       1.162426209012e+03 
       3.674854502456e-02       1.156775444914e+03 
       3.691752613441e-02       1.151130392196e+03 
       3.708744329831e-02       1.145495459184e+03 
       3.725832547669e-02       1.139869317555e+03 
       3.743020278953e-02       1.134253298432e+03 
       3.760310657689e-02       1.128645328372e+03 
       3.777706946333e-02       1.123051985014e+03 
       3.795212542663e-02       1.117460347781e+03 
       3.812830987117e-02       1.111880638233e+03 
       3.830565970624e-02       1.106309820783e+03 
       3.848421342989e-02       1.100751312951e+03 
       3.866401121852e-02       1.095198683076e+03 
       3.884509502293e-02       1.089652150924e+03 
       3.902750867120e-02       1.084120082053e+03 
       3.921129797920e-02       1.078594786347e+03 
       3.939651086917e-02       1.073074347923e+03 
       3.958319749728e-02       1.067563096273e+03 
       3.977141039084e-02       1.062062676771e+03 
       3.996120459624e-02       1.056569532670e+03 
       4.015263783837e-02       1.051083727722e+03 
       4.034577069283e-02       1.045602809680e+03 
       4.054066677207e-02       1.040132077980e+03 
       4.073739292676e-02       1.034664805046e+03 
       4.093601946408e-02       1.029206431714e+03 
       4.113662038441e-02       1.023757190905e+03 
       4.133927363850e-02       1.018311756470e+03 
       4.154406140720e-02       1.012867928662e+03 
       4.175107040600e-02       1.007443164315e+03 
       4.196039221729e-02       1.002002404392e+03 
       4.217212365321e-02       9.965762334730e+02 
       4.238636715250e-02       9.911523658599e+02 
       4.260323121533e-02       9.857287446991e+02 
       4.282283088035e-02       9.803152699137e+02 
       4.304528824899e-02       9.748953238117e+02 
       4.327073306268e-02       9.694827437717e+02 
       4.349930333937e-02       9.640715339752e+02 
       4.373114607684e-02       9.586554287689e+02 
       4.396641803108e-02       9.532408508912e+02 
       4.420528657961e-02       9.478252560068e+02 
       4.444793068082e-02       9.424059270098e+02 
       4.469454194227e-02       9.369834395129e+02 
       4.494532581288e-02       9.315544370986e+02 
       4.520050291638e-02       9.261238745394e+02 
       4.546031054620e-02       9.206826943786e+02 
       4.572500434546e-02       9.152345745303e+02 
       4.599486019958e-02       9.097745388134e+02 
       4.627017637418e-02       9.043047619192e+02 
       4.655127593643e-02       8.988231708634e+02 
       4.683850950528e-02       8.933297787928e+02 
       4.713225838436e-02       8.878170458635e+02 
       4.743293814168e-02       8.822874012088e+02 
       4.774100271297e-02       8.767377993754e+02 
       4.805694912064e-02       8.711650643872e+02 
       4.838132291952e-02       8.655691041950e+02 
       4.871472450393e-02       8.599478761229e+02 
       4.905781643925e-02       8.542906120092e+02 
       4.941133201783e-02       8.486037586784e+02 
       4.977608528353e-02       8.428782737159e+02 
       5.015298282618e-02       8.371129507659e+02 
       5.054303771845e-02       8.313000112924e+02 
       5.094738605757e-02       8.254360260820e+02 
       5.136730668884e-02       8.195180998448e+02 
       5.180424483333e-02       8.135385522914e+02 
       5.225984052739e-02       8.074869046772e+02 
       5.273596301788e-02       8.013593341590e+02 
       5.323475255774e-02       7.951419741902e+02 
       5.375867142783e-02       7.888251654187e+02 
       5.431056648953e-02       7.823942918732e+02 
       5.489374616450e-02       7.758353801643e+02 
       5.551207544878e-02       7.691293937734e+02 
       5.617009337762e-02       7.622502406328e+02 
       5.687315818582e-02       7.551692144015e+02 
       5.762762604582e-02       7.478483546473e+02 
       5.844106924229e-02       7.402434274100e+02 
       5.932253797381e-02       7.322928950302e+02 
       6.028286471725e-02       7.239182998398e+02 
       6.133499760901e-02       7.150172980346e+02 
       6.249432323971e-02       7.054538685639e+02 
       6.377888977286e-02       6.950476517335e+02 
       6.520935658723e-02       6.835569209272e+02 
       6.680837282307e-02       6.706677555853e+02 
       6.859895815143e-02       6.559870288648e+02 
       7.060145446358e-02       6.390524844062e+02 
       7.282900509302e-02       6.193947976604e+02 
       7.528254764851e-02       5.966506809403e+02 
       7.794763165265e-02       5.707216850823e+02 
       8.079557122545e-02       5.419178416277e+02 
       8.378925639194e-02       5.110055871290e+02 
       8.689081350409e-02       4.791021028759e+02 
       9.006747864852e-02       4.474756166331e+02 
       9.329408122598e-02       4.173282906148e+02 
       9.655282505597e-02       3.896380379771e+02 
       9.983181243343e-02       3.650658608313e+02 
       1.031233738652e-01       3.439416486437e+02 
       1.064226786357e-01       3.262827456690e+02 
       1.097267276976e-01       3.118511784426e+02 
       1.130336756109e-01       3.002139140405e+02 
       1.163423928821e-01       2.908056044417e+02 
       1.196521903954e-01       2.829909034494e+02 
       1.229626484529e-01       2.761202227881e+02 
       1.262735116499e-01       2.695868580668e+02 
       1.295846245788e-01       2.628778633245e+02 
       1.328958926300e-01       2.556129087998e+02 
       1.362072581392e-01       2.475716067524e+02 
       1.395186858906e-01       2.386989767325e+02 
       1.428301543108e-01       2.290904344699e+02 
       1.461416501217e-01       2.189611249830e+02 
       1.494531650939e-01       2.086019788012e+02 
       1.527646940752e-01       1.983346071094e+02 
       1.560762337931e-01       1.884689236344e+02 
       1.593877821275e-01       1.792687744831e+02 
       1.626993376673e-01       1.709310419198e+02 
       1.660108994417e-01       1.635719220806e+02 
       1.693224667555e-01       1.572277911108e+02 
       1.726340390885e-01       1.518604531957e+02 
       1.759456160339e-01       1.473691567380e+02 
       1.792571972603e-01       1.436066430417e+02 
       1.825687824880e-01       1.403952335043e+02 
       1.858803714740e-01       1.375453368825e+02 
       1.891919640029e-01       1.348936523190e+02 
       1.925035598800e-01       1.322666372068e+02 
       1.958151589280e-01       1.295116065138e+02 
       1.991267609837e-01       1.265324656739e+02 
       2.024383658960e-01       1.232821218007e+02 
       2.057499735245e-01       1.197638739216e+02 
       2.090615837384e-01       1.160254800264e+02 
       2.123731964151e-01       1.121463460542e+02 
       2.156848114401e-01       1.082218227936e+02 
       2.189964287058e-01       1.043496240492e+02 
       2.223080481113e-01       1.006179349507e+02 
       2.256196695617e-01       9.709874148784e+01 
       2.289312929674e-01       9.384489065453e+01 
       2.322429182442e-01       9.088961403615e+01 
       2.355545453127e-01       8.824520007214e+01 
       2.388661740978e-01       8.590540920847e+01 
       2.421778045285e-01       8.384502934700e+01 
       2.454894365379e-01       8.202253943305e+01 
       2.488010700625e-01       8.038512617609e+01 
       2.521127050422e-01       7.887413149544e+01 
       2.554243414200e-01       7.743178070139e+01 
       2.587359791419e-01       7.600676435725e+01 
       2.620476181567e-01       7.455917375282e+01 
       2.653592584155e-01       7.306175818913e+01 
       2.686708998722e-01       7.150043799733e+01 
       2.719825424828e-01       6.987339203175e+01 
       2.752941862052e-01       6.818872815107e+01 
       2.786058309997e-01       6.646422385075e+01 
       2.819174768282e-01       6.472404480199e+01 
       2.852291236545e-01       6.299704746663e+01 
       2.885407714441e-01       6.131264927339e+01 
       2.918524201640e-01       5.969763554743e+01 
       2.951640697827e-01       5.817278923274e+01 
       2.984757202702e-01       5.675089113025e+01 
       3.017873715976e-01       5.543649384773e+01 
       3.050990237374e-01       5.422640142104e+01 
       3.084106766634e-01       5.311185658883e+01 
       3.117223303504e-01       5.208027577712e+01 
       3.150339847742e-01       5.111676200333e+01 
       3.183456399118e-01       5.020538202090e+01 
       3.216572957409e-01       4.932992330917e+01 
       3.249689522404e-01       4.847468886182e+01 
       3.282806093897e-01       4.762591119827e+01 
       3.315922671695e-01       4.677288019341e+01 
       3.349039255608e-01       4.590899563052e+01 
       3.382155845457e-01       4.503237112125e+01 
       3.415272441067e-01       4.414516373850e+01 
       3.448389042272e-01       4.325288182611e+01 
       3.481505648911e-01       4.236278453328e+01 
       3.514622260831e-01       4.148265343135e+01 
       3.547738877882e-01       4.062005359843e+01 
       3.580855499922e-01       3.978169018764e+01 
       3.613972126813e-01       3.897319169383e+01 
       3.647088758422e-01       3.819924977332e+01 
       3.680205394621e-01       3.746282063581e+01 
       3.713322035287e-01       3.676478946521e+01 
       3.746438680301e-01       3.610412063986e+01 
       3.779555329547e-01       3.547734426152e+01 
       3.812671982916e-01       3.487950701058e+01 
       3.845788640301e-01       3.430484453610e+01 
       3.878905301597e-01       3.374774190908e+01 
       3.912021966706e-01       3.320331534174e+01 
       3.945138635530e-01       3.266784706827e+01 
       3.978255307977e-01       3.213862792131e+01 
       4.011371983957e-01       3.161386077372e+01 
       4.044488663382e-01       3.109225205634e+01 
       4.077605346168e-01       3.057340817698e+01 
       4.110722032234e-01       3.005761078050e+01 
       4.143838721501e-01       2.954608231944e+01 
       4.176955413892e-01       2.904068762236e+01 
       4.210072109333e-01       2.854385614449e+01 
       4.243188807752e-01       2.805786674270e+01 
       4.276305509081e-01       2.758457893113e+01 
       4.309422213251e-01       2.712515387386e+01 
       4.342538920198e-01       2.668005143878e+01 
       4.375655629858e-01       2.624921072637e+01 
       4.408772342170e-01       2.583240040999e+01 
       4.441889057074e-01       2.542918476474e+01 
       4.475005774513e-01       2.503901441494e+01 
       4.508122494430e-01       2.466104240844e+01 
       4.541239216771e-01       2.429411277488e+01 
       4.574355941484e-01       2.393668545071e+01 
       4.607472668516e-01       2.358704065743e+01 
       4.640589397819e-01       2.324362385225e+01 
       4.673706129343e-01       2.290520837026e+01 
       4.706822863041e-01       2.257114359239e+01 
       4.739939598869e-01       2.224116581025e+01 
       4.773056336780e-01       2.191534203284e+01 
       4.806173076733e-01       2.159380112621e+01 
       4.839289818685e-01       2.127669413269e+01 
       4.872406562596e-01       2.096426459807e+01 
       4.905523308424e-01       2.065683821121e+01 
       4.938640056133e-01       2.035490792495e+01 
       4.971756805683e-01       2.005910752556e+01 
       5.004873557039e-01       1.977023156483e+01 
       5.037990310164e-01       1.948863863871e+01 
       5.071107065024e-01       1.921444632536e+01 
       5.104223821585e-01       1.894762466931e+01 
       5.137340579814e-01       1.868751342841e+01 
       5.170457339678e-01       1.843354629354e+01 
       5.203574101147e-01       1.818519905219e+01 
       5.236690864190e-01       1.794198673818e+01 
       5.269807628778e-01       1.770359097680e+01 
       5.302924394880e-01       1.746968172909e+01 
       5.336041162469e-01       1.723988772330e+01 
       5.369157931517e-01       1.701377385267e+01 
       5.402274701998e-01       1.679093572759e+01 
       5.435391473885e-01       1.657108749457e+01 
       5.468508247152e-01       1.635428150716e+01 
       5.501625021775e-01       1.614059275989e+01 
       5.534741797728e-01       1.593034079034e+01 
       5.567858574989e-01       1.572372073059e+01 
       5.600975353534e-01       1.552086655133e+01 
       5.634092133340e-01       1.532177080192e+01 
       5.667208914385e-01       1.512633146248e+01 
       5.700325696648e-01       1.493445871690e+01 
       5.733442480106e-01       1.474612467347e+01 
       5.766559264741e-01       1.456138808073e+01 
       5.799676050531e-01       1.438031895815e+01 
       5.832792837456e-01       1.420290379720e+01 
       5.865909625498e-01       1.402902557009e+01 
       5.899026414637e-01       1.385840942564e+01 
       5.932143204855e-01       1.369084928198e+01 
       5.965259996135e-01       1.352601799791e+01 
       5.998376788458e-01       1.336378592705e+01 
       6.031493581807e-01       1.320412413499e+01 
       6.064610376165e-01       1.304703698837e+01 
       6.097727171517e-01       1.289249975369e+01 
       6.130843967845e-01       1.274042474768e+01 
       6.163960765134e-01       1.259068104590e+01 
       6.197077563368e-01       1.244311466331e+01 
       6.230194362533e-01       1.229765408438e+01 
       6.263311162613e-01       1.215430388204e+01 
       6.296427963595e-01       1.201317051671e+01 
       6.329544765463e-01       1.187436300933e+01 
       6.362661568205e-01       1.173795504287e+01 
       6.395778371805e-01       1.160392022000e+01 
       6.428895176252e-01       1.147216128950e+01 
       6.462011981532e-01       1.134254281771e+01 
       6.495128787633e-01       1.121496751507e+01 
       6.528245594541e-01       1.108940048660e+01 
       6.561362402245e-01       1.096585447486e+01 
       6.594479210732e-01       1.084435477330e+01 
       6.627596019991e-01       1.072488386475e+01 
       6.660712830010e-01       1.060735189224e+01 
       6.693829640778e-01       1.049162787901e+01 
       6.726946452283e-01       1.037757277570e+01 
       6.760063264516e-01       1.026508914380e+01 
       6.793180077465e-01       1.015416725400e+01 
       6.826296891120e-01       1.004482618029e+01 
       6.859413705470e-01       9.937157295292e+00 
       6.892530520506e-01       9.831132563525e+00 
       6.925647336217e-01       9.726719346818e+00 
       6.958764152595e-01       9.623824576786e+00 
       6.991880969629e-01       9.522374749570e+00 
       7.024997787310e-01       9.422314849586e+00 
       7.058114605629e-01       9.323650972825e+00 
       7.091231424578e-01       9.226446544212e+00 
       7.124348244147e-01       9.130730046821e+00 
       7.157465064327e-01       9.036501065714e+00 
       7.190581885111e-01       8.943733391073e+00 
       7.223698706489e-01       8.852326407759e+00 
       7.256815528454e-01       8.762185087383e+00 
       7.289932350998e-01       8.673266566374e+00 
       7.323049174113e-01       8.585550885638e+00 
       7.356165997791e-01       8.499085686803e+00 
       7.389282822025e-01       8.413879007376e+00 
       7.422399646806e-01       8.329929208837e+00 
       7.455516472128e-01       8.247188710944e+00 
       7.488633297984e-01       8.165571586366e+00 
       7.521750124367e-01       8.085002755461e+00 
       7.554866951269e-01       8.005460388350e+00 
       8.198102721918e-01       6.655656156198e+00 
       9.096865378917e-01       5.249631980609e+00 
       1.048113480481e+00       3.785403618938e+00 
       1.272309008191e+00       2.403583220541e+00 
       1.594812285659e+00       1.402939491969e+00 
       2.007541292717e+00       8.033442320394e-01 
       2.527343447222e+00       4.560899935151e-01 
       3.181736888759e+00       2.570002458285e-01 
       4.005569422901e+00       1.438244895352e-01 
       5.042713135196e+00       7.998607363015e-02 
       6.348399710287e+00       4.422889222195e-02 
       7.992161719507e+00       2.432892397631e-02 
       1.006153548386e+01       1.331774974307e-02 
       1.266672270229e+01       7.257673859351e-03 
       1.594645909407e+01       3.938659736998e-03 
       2.007540258166e+01       2.129197152638e-03 
       2.527343446205e+01       1.146801425615e-03 
       3.181736888759e+01       6.155066989151e-04 
       4.005569422901e+01       3.292379044915e-04 
       5.042713135196e+01       1.755100181856e-04 
       6.348399710287e+01       9.323009540666e-05 
       7.992161719507e+01       4.933318933655e-05 
       1.006153548386e+02       2.598827898802e-05 
       1.266672270229e+02       1.361506184879e-05 
       1.594645909407e+02       7.082297914492e-06 
       2.007540258166e+02       3.648977580831e-06 
       2.527343446205e+02       1.855895280335e-06 
       3.181736888759e+02       9.279336280192e-07 
       4.005569422901e+02       4.542351309712e-07 
       5.042713135196e+02       2.173345104019e-07 
       6.348399710287e+02       1.020092252056e-07 
       7.992161719507e+02       4.740563734060e-08 
       1.006153548386e+03       2.200197852154e-08 
