# Matter power spectrum P(k) at redshift z=3.5
# for k=1.04575e-05 to 1006.15 h/Mpc,
# number of wavenumbers equal to 625
#    1:k (h/Mpc)              2:P (Mpc/h)^3        
       1.045749810485e-05       3.552253434635e+00 
       2.373043761528e-05       7.952123817501e+00 
       3.705205197341e-05       1.231785777293e+01 
       5.046040160262e-05       1.667914132140e+01 
       6.399420676399e-05       2.105616470211e+01 
       7.769321405898e-05       2.546595931439e+01 
       9.159857522556e-05       2.992429730830e+01 
       1.057532435558e-04       3.444653195806e+01 
       1.202023933008e-04       3.904807405881e+01 
       1.349938674647e-04       4.374471592992e+01 
       1.501786593808e-04       4.855288633188e+01 
       1.658114333596e-04       5.348987305370e+01 
       1.819510894196e-04       5.857403208064e+01 
       1.986613765579e-04       6.382499377722e+01 
       2.160115580438e-04       6.926387149606e+01 
       2.340771306401e-04       7.491347581862e+01 
       2.529405972213e-04       8.079853507416e+01 
       2.726922886571e-04       8.694592149177e+01 
       2.934312256600e-04       9.338487882062e+01 
       3.152660040981e-04       1.001472456692e+02 
       3.383156775180e-04       1.072676652407e+02 
       3.627105977775e-04       1.147837668666e+02 
       3.885931583209e-04       1.227363006666e+02 
       4.161183645581e-04       1.311691997915e+02 
       4.454541324261e-04       1.401295373713e+02 
       4.767811907995e-04       1.496673393083e+02 
       5.102924387431e-04       1.598352051951e+02 
       5.461915893473e-04       1.706876879420e+02 
       5.846909251320e-04       1.822803825409e+02 
       6.260080050474e-04       1.946686830390e+02 
       6.703612104985e-04       2.079061854541e+02 
       7.179641068864e-04       2.220427494267e+02 
       7.690187318622e-04       2.371222768314e+02 
       8.237080952403e-04       2.531803259398e+02 
       8.821883665213e-04       2.702417362402e+02 
       9.445813962622e-04       2.883184850640e+02 
       1.010968318642e-03       3.074080324547e+02 
       1.081384969221e-03       3.274923668781e+02 
       1.155819700313e-03       3.485379162335e+02 
       1.234213899658e-03       3.704963771820e+02 
       1.316465168833e-03       3.933063826909e+02 
       1.402432774394e-03       4.168958318884e+02 
       1.491944724558e-03       4.411846334665e+02 
       1.584805697329e-03       4.660875616943e+02 
       1.680805061300e-03       4.915169832291e+02 
       1.779724358910e-03       5.173852928433e+02 
       1.881343813733e-03       5.436069116754e+02 
       1.985447627100e-03       5.700998209047e+02 
       2.091828006459e-03       5.967866822747e+02 
       2.200287998256e-03       6.235955470908e+02 
       2.310643277916e-03       6.504594108245e+02 
       2.422723085604e-03       6.773188093761e+02 
       2.536370500476e-03       7.041196085596e+02 
       2.651442230081e-03       7.308133167513e+02 
       2.767808065318e-03       7.573568134039e+02 
       2.885350122018e-03       7.837122301169e+02 
       3.003961962113e-03       8.098462322188e+02 
       3.123547662764e-03       8.357298441504e+02 
       3.244020881646e-03       8.613378859947e+02 
       3.365303950641e-03       8.866485888899e+02 
       3.487327018288e-03       9.116432365742e+02 
       3.610027252458e-03       9.363058015644e+02 
       3.733348108622e-03       9.606228239842e+02 
       3.857238664757e-03       9.845828232473e+02 
       3.981653021215e-03       1.008176304233e+03 
       4.106549762154e-03       1.031395664710e+03 
       4.231891474164e-03       1.054234545454e+03 
       4.357644317282e-03       1.076688405435e+03 
       4.483777643502e-03       1.098753458444e+03 
       4.610263657980e-03       1.120427475192e+03 
       4.737077118433e-03       1.141708726286e+03 
       4.864195068510e-03       1.162596590960e+03 
       4.991596601329e-03       1.183091254715e+03 
       5.119262649698e-03       1.203193122029e+03 
       5.247175799933e-03       1.222903742544e+03 
       5.375320126495e-03       1.242224514599e+03 
       5.503681045008e-03       1.261157680374e+03 
       5.632245181484e-03       1.279706080833e+03 
       5.761000255846e-03       1.297872304075e+03 
       5.889934978076e-03       1.315659551153e+03 
       6.019038955502e-03       1.333071207437e+03 
       6.148302609931e-03       1.350110732235e+03 
       6.277717103485e-03       1.366782088365e+03 
       6.407274272154e-03       1.383089400786e+03 
       6.536966566162e-03       1.399036088186e+03 
       6.666786996400e-03       1.414626639911e+03 
       6.796729086234e-03       1.429865093386e+03 
       6.926786828089e-03       1.444755723514e+03 
       7.056954644300e-03       1.459303276943e+03 
       7.187227351743e-03       1.473511869191e+03 
       7.317600129859e-03       1.487385706041e+03 
       7.448068491705e-03       1.500929261542e+03 
       7.578628257697e-03       1.514147115758e+03 
       7.709275531791e-03       1.527042951630e+03 
       7.840006679834e-03       1.539622181064e+03 
       7.970818309857e-03       1.551888644627e+03 
       8.101707254141e-03       1.563846018911e+03 
       8.232670552846e-03       1.575499523175e+03 
       8.363705439076e-03       1.586853224315e+03 
       8.494809325229e-03       1.597910295504e+03 
       8.625979790500e-03       1.608675855596e+03 
       8.757214569446e-03       1.619154011737e+03 
       8.888511541496e-03       1.629348672502e+03 
       9.019868721331e-03       1.639263587815e+03 
       9.151284250039e-03       1.648903227084e+03 
       9.282756386994e-03       1.658273125143e+03 
       9.414283502372e-03       1.667374594912e+03 
       9.545864070270e-03       1.676211369085e+03 
       9.677496662351e-03       1.684788014097e+03 
       9.809179941995e-03       1.693108466227e+03 
       9.940912658886e-03       1.701175822048e+03 
       1.007269364402e-02       1.708994119685e+03 
       1.020452180510e-02       1.716566973768e+03 
       1.033639612222e-02       1.723897569820e+03 
       1.046831564399e-02       1.730990011170e+03 
       1.060027948378e-02       1.737846476215e+03 
       1.073228681639e-02       1.744471363981e+03 
       1.086433687490e-02       1.750867768803e+03 
       1.099642894770e-02       1.757038789736e+03 
       1.112856237583e-02       1.762987934412e+03 
       1.126073655044e-02       1.768717809675e+03 
       1.139295091047e-02       1.774232617507e+03 
       1.152520494046e-02       1.779534442323e+03 
       1.165749816853e-02       1.784626010691e+03 
       1.178983016452e-02       1.789512013957e+03 
       1.192220053825e-02       1.794193588347e+03 
       1.205460893787e-02       1.798674175690e+03 
       1.218705504840e-02       1.802957246883e+03 
       1.231953859028e-02       1.807045766691e+03 
       1.245205931810e-02       1.810940270176e+03 
       1.258461701939e-02       1.814646503723e+03 
       1.271721151347e-02       1.818165351909e+03 
       1.284984265044e-02       1.821499954031e+03 
       1.298251031021e-02       1.824651943737e+03 
       1.311521440158e-02       1.827626121736e+03 
       1.324795486143e-02       1.830423716731e+03 
       1.338073165393e-02       1.833046930498e+03 
       1.351354476986e-02       1.835499364033e+03 
       1.364639422595e-02       1.837782886889e+03 
       1.377928006424e-02       1.839899728798e+03 
       1.391220235156e-02       1.841852677701e+03 
       1.404516117903e-02       1.843644291746e+03 
       1.417815666155e-02       1.845277132876e+03 
       1.431118893742e-02       1.846751932556e+03 
       1.444425816794e-02       1.848073544623e+03 
       1.457736453706e-02       1.849241806716e+03 
       1.471050825103e-02       1.850260564342e+03 
       1.484368953822e-02       1.851130885748e+03 
       1.497690864875e-02       1.851856117940e+03 
       1.511016585436e-02       1.852437162920e+03 
       1.524346144820e-02       1.852877749124e+03 
       1.537679574464e-02       1.853179055779e+03 
       1.551016907917e-02       1.853343264951e+03 
       1.564358180828e-02       1.853373017450e+03 
       1.577703430938e-02       1.853269663871e+03 
       1.591052698073e-02       1.853035779396e+03 
       1.604406024142e-02       1.852673381959e+03 
       1.617763453133e-02       1.852184469867e+03 
       1.631125031118e-02       1.851570565220e+03 
       1.644490806251e-02       1.850834150606e+03 
       1.657860828775e-02       1.849977230694e+03 
       1.671235151029e-02       1.849001700792e+03 
       1.684613827459e-02       1.847909544145e+03 
       1.697996914622e-02       1.846701057021e+03 
       1.711384471207e-02       1.845379677857e+03 
       1.724776558040e-02       1.843948744395e+03 
       1.738173238109e-02       1.842408624616e+03 
       1.751574576578e-02       1.840759346593e+03 
       1.764980640804e-02       1.839004699734e+03 
       1.778391500363e-02       1.837146234497e+03 
       1.791807227070e-02       1.835185928376e+03 
       1.805227895006e-02       1.833124561132e+03 
       1.818653580541e-02       1.830965122552e+03 
       1.832084362365e-02       1.828707916220e+03 
       1.845520321520e-02       1.826355657356e+03 
       1.858961541424e-02       1.823908891440e+03 
       1.872408107911e-02       1.821370913841e+03 
       1.885860109264e-02       1.818742659604e+03 
       1.899317636251e-02       1.816023902557e+03 
       1.912780782161e-02       1.813219213558e+03 
       1.926249642850e-02       1.810326885939e+03 
       1.939724316775e-02       1.807353987489e+03 
       1.953204905044e-02       1.804293355714e+03 
       1.966691511458e-02       1.801157112704e+03 
       1.980184242558e-02       1.797937596725e+03 
       1.993683207674e-02       1.794641455092e+03 
       2.007188518977e-02       1.791269249426e+03 
       2.020700291530e-02       1.787819101101e+03 
       2.034218643342e-02       1.784296132253e+03 
       2.047743695426e-02       1.780701825080e+03 
       2.061275571856e-02       1.777036461720e+03 
       2.074814399829e-02       1.773301046928e+03 
       2.088360309724e-02       1.769497252333e+03 
       2.101913435170e-02       1.765626444003e+03 
       2.115473913110e-02       1.761689826471e+03 
       2.129041883873e-02       1.757692660294e+03 
       2.142617491241e-02       1.753628976301e+03 
       2.156200882525e-02       1.749505962445e+03 
       2.169792208640e-02       1.745321996485e+03 
       2.183391624183e-02       1.741078937473e+03 
       2.196999287514e-02       1.736779568450e+03 
       2.210615360838e-02       1.732420871657e+03 
       2.224240010293e-02       1.728011228855e+03 
       2.237873406036e-02       1.723543935683e+03 
       2.251515722336e-02       1.719025049488e+03 
       2.265167137665e-02       1.714458614971e+03 
       2.278827834800e-02       1.709838371761e+03 
       2.292498000920e-02       1.705168962138e+03 
       2.306177827707e-02       1.700454069970e+03 
       2.319867511457e-02       1.695690448003e+03 
       2.333567253186e-02       1.690883252748e+03 
       2.347277258747e-02       1.686029724331e+03 
       2.360997738941e-02       1.681135276065e+03 
       2.374728909641e-02       1.676197173064e+03 
       2.388470991917e-02       1.671221643774e+03 
       2.402224212160e-02       1.666204802691e+03 
       2.415988802217e-02       1.661148682046e+03 
       2.429764999526e-02       1.656052252285e+03 
       2.443553047256e-02       1.650922821269e+03 
       2.457353194453e-02       1.645759720126e+03 
       2.471165696187e-02       1.640559760423e+03 
       2.484990813710e-02       1.635326548438e+03 
       2.498828814611e-02       1.630062546612e+03 
       2.512679972984e-02       1.624764367042e+03 
       2.526544569592e-02       1.619438152827e+03 
       2.540422892050e-02       1.614083761959e+03 
       2.554315234997e-02       1.608699124041e+03 
       2.568221900292e-02       1.603286306988e+03 
       2.582143197196e-02       1.597846300387e+03 
       2.596079442580e-02       1.592382274941e+03 
       2.610030961129e-02       1.586894410305e+03 
       2.623998085549e-02       1.581385692581e+03 
       2.637981156794e-02       1.575848580826e+03 
       2.651980524290e-02       1.570292691027e+03 
       2.665996546168e-02       1.564713202965e+03 
       2.680029589511e-02       1.559116528752e+03 
       2.694080030602e-02       1.553496934873e+03 
       2.708148255186e-02       1.547862006758e+03 
       2.722234658737e-02       1.542209281822e+03 
       2.736339646738e-02       1.536536873504e+03 
       2.750463634970e-02       1.530846729307e+03 
       2.764607049807e-02       1.525146632959e+03 
       2.778770328530e-02       1.519426069239e+03 
       2.792953919641e-02       1.513699222330e+03 
       2.807158283200e-02       1.507952645740e+03 
       2.821383891169e-02       1.502193164355e+03 
       2.835631227763e-02       1.496422825130e+03 
       2.849900789825e-02       1.490642702479e+03 
       2.864193087208e-02       1.484854144825e+03 
       2.878508643170e-02       1.479049852800e+03 
       2.892847994792e-02       1.473241024006e+03 
       2.907211693401e-02       1.467419339937e+03 
       2.921600305018e-02       1.461599052397e+03 
       2.936014410820e-02       1.455761400244e+03 
       2.950454607619e-02       1.449921028272e+03 
       2.964921508358e-02       1.444073261231e+03 
       2.979415742637e-02       1.438223635977e+03 
       2.993937957245e-02       1.432365561253e+03 
       3.008488816723e-02       1.426503174062e+03 
       3.023069003948e-02       1.420637009382e+03 
       3.037679220740e-02       1.414767135129e+03 
       3.052320188494e-02       1.408894182507e+03 
       3.066992648838e-02       1.403020531154e+03 
       3.081697364318e-02       1.397146898526e+03 
       3.096435119115e-02       1.391264375831e+03 
       3.111206719787e-02       1.385384090813e+03 
       3.126012996051e-02       1.379505524528e+03 
       3.140854801586e-02       1.373630367472e+03 
       3.155733014887e-02       1.367750159980e+03 
       3.170648540141e-02       1.361871406424e+03 
       3.185602308155e-02       1.355994728744e+03 
       3.200595277315e-02       1.350124097530e+03 
       3.215628434598e-02       1.344249586190e+03 
       3.230702796621e-02       1.338380708129e+03 
       3.245819410741e-02       1.332514325941e+03 
       3.260979356215e-02       1.326646464421e+03 
       3.276183745398e-02       1.320787149109e+03 
       3.291433725013e-02       1.314932584581e+03 
       3.306730477471e-02       1.309079622169e+03 
       3.322075222260e-02       1.303227522238e+03 
       3.337469217403e-02       1.297386344060e+03 
       3.352913760980e-02       1.291552799185e+03 
       3.368410192736e-02       1.285718582614e+03 
       3.383959895760e-02       1.279892221530e+03 
       3.399564298254e-02       1.274072034042e+03 
       3.415224875396e-02       1.268256357057e+03 
       3.430943151287e-02       1.262451182012e+03 
       3.446720701016e-02       1.256645969786e+03 
       3.462559152820e-02       1.250854576409e+03 
       3.478460190367e-02       1.245066208372e+03 
       3.494425555159e-02       1.239287373268e+03 
       3.510457049068e-02       1.233513135599e+03 
       3.526556537007e-02       1.227753222145e+03 
       3.542725949757e-02       1.221995372655e+03 
       3.558967286947e-02       1.216246253065e+03 
       3.575282620204e-02       1.210503506843e+03 
       3.591674096486e-02       1.204771224630e+03 
       3.608143941613e-02       1.199047776054e+03 
       3.624694463996e-02       1.193331991692e+03 
       3.641328058594e-02       1.187627300588e+03 
       3.658047211114e-02       1.181928958585e+03 
       3.674854502456e-02       1.176241151498e+03 
       3.691752613441e-02       1.170558651205e+03 
       3.708744329831e-02       1.164885930490e+03 
       3.725832547669e-02       1.159221634062e+03 
       3.743020278953e-02       1.153567116703e+03 
       3.760310657689e-02       1.147920266036e+03 
       3.777706946333e-02       1.142287761020e+03 
       3.795212542663e-02       1.136656458734e+03 
       3.812830987117e-02       1.131036748942e+03 
       3.830565970624e-02       1.125425539713e+03 
       3.848421342989e-02       1.119826304958e+03 
       3.866401121852e-02       1.114232497221e+03 
       3.884509502293e-02       1.108644340508e+03 
       3.902750867120e-02       1.103070330379e+03 
       3.921129797920e-02       1.097502651131e+03 
       3.939651086917e-02       1.091939352985e+03 
       3.958319749728e-02       1.086384833933e+03 
       3.977141039084e-02       1.080840770501e+03 
       3.996120459624e-02       1.075303541993e+03 
       4.015263783837e-02       1.069773224769e+03 
       4.034577069283e-02       1.064247321363e+03 
       4.054066677207e-02       1.058731231407e+03 
       4.073739292676e-02       1.053218114167e+03 
       4.093601946408e-02       1.047713519132e+03 
       4.113662038441e-02       1.042217692969e+03 
       4.133927363850e-02       1.036725231850e+03 
       4.154406140720e-02       1.031233902665e+03 
       4.175107040600e-02       1.025761496817e+03 
       4.196039221729e-02       1.020272342822e+03 
       4.217212365321e-02       1.014797601708e+03 
       4.238636715250e-02       1.009324787495e+03 
       4.260323121533e-02       1.003851831583e+03 
       4.282283088035e-02       9.983888439476e+02 
       4.304528824899e-02       9.929189320660e+02 
       4.327073306268e-02       9.874562217322e+02 
       4.349930333937e-02       9.819946418504e+02 
       4.373114607684e-02       9.765278462885e+02 
       4.396641803108e-02       9.710624173774e+02 
       4.420528657961e-02       9.655958027845e+02 
       4.444793068082e-02       9.601252793248e+02 
       4.469454194227e-02       9.546514728303e+02 
       4.494532581288e-02       9.491710098518e+02 
       4.520050291638e-02       9.436889826085e+02 
       4.546031054620e-02       9.381962083978e+02 
       4.572500434546e-02       9.326964814377e+02 
       4.599486019958e-02       9.271847698284e+02 
       4.627017637418e-02       9.216633372756e+02 
       4.655127593643e-02       9.161301114615e+02 
       4.683850950528e-02       9.105851485559e+02 
       4.713225838436e-02       9.050208020119e+02 
       4.743293814168e-02       8.994395830946e+02 
       4.774100271297e-02       8.938384253989e+02 
       4.805694912064e-02       8.882141206459e+02 
       4.838132291952e-02       8.825666015370e+02 
       4.871472450393e-02       8.768938134787e+02 
       4.905781643925e-02       8.711847980587e+02 
       4.941133201783e-02       8.654461626237e+02 
       4.977608528353e-02       8.596686895030e+02 
       5.015298282618e-02       8.538511761394e+02 
       5.054303771845e-02       8.479857137006e+02 
       5.094738605757e-02       8.420688315524e+02 
       5.136730668884e-02       8.360976077842e+02 
       5.180424483333e-02       8.300642588081e+02 
       5.225984052739e-02       8.239581488109e+02 
       5.273596301788e-02       8.177754551791e+02 
       5.323475255774e-02       8.115021275579e+02 
       5.375867142783e-02       8.051284497743e+02 
       5.431056648953e-02       7.986396735733e+02 
       5.489374616450e-02       7.920217421966e+02 
       5.551207544878e-02       7.852554972731e+02 
       5.617009337762e-02       7.783146240450e+02 
       5.687315818582e-02       7.711701855030e+02 
       5.762762604582e-02       7.637838631560e+02 
       5.844106924229e-02       7.561109507060e+02 
       5.932253797381e-02       7.480890889535e+02 
       6.028286471725e-02       7.396385707651e+02 
       6.133499760901e-02       7.306551604011e+02 
       6.249432323971e-02       7.209999424640e+02 
       6.377888977286e-02       7.104883510929e+02 
       6.520935658723e-02       6.988727757272e+02 
       6.680837282307e-02       6.858317090439e+02 
       6.859895815143e-02       6.709627680131e+02 
       7.060145446358e-02       6.537922380873e+02 
       7.282900509302e-02       6.338364712730e+02 
       7.528254764851e-02       6.107170749621e+02 
       7.794763165265e-02       5.843275377067e+02 
       8.079557122545e-02       5.549817536311e+02 
       8.378925639194e-02       5.234587369223e+02 
       8.689081350409e-02       4.908988964000e+02 
       9.006747864852e-02       4.586026942163e+02 
       9.329408122598e-02       4.278019484229e+02 
       9.655282505597e-02       3.995012050387e+02 
       9.983181243343e-02       3.743819987721e+02 
       1.031233738652e-01       3.527846125288e+02 
       1.064226786357e-01       3.347305513131e+02 
       1.097267276976e-01       3.199782926248e+02 
       1.130336756109e-01       3.080853260661e+02 
       1.163423928821e-01       2.984739856115e+02 
       1.196521903954e-01       2.904929900079e+02 
       1.229626484529e-01       2.834767121603e+02 
       1.262735116499e-01       2.768030734748e+02 
       1.295846245788e-01       2.699453557118e+02 
       1.328958926300e-01       2.625136061637e+02 
       1.362072581392e-01       2.542812526421e+02 
       1.395186858906e-01       2.451918528573e+02 
       1.428301543108e-01       2.353436180807e+02 
       1.461416501217e-01       2.249572949751e+02 
       1.494531650939e-01       2.143321637283e+02 
       1.527646940752e-01       2.037987067668e+02 
       1.560762337931e-01       1.936755600343e+02 
       1.593877821275e-01       1.842343168213e+02 
       1.626993376673e-01       1.756773926466e+02 
       1.660108994417e-01       1.681246895956e+02 
       1.693224667555e-01       1.616138405424e+02 
       1.726340390885e-01       1.561057977134e+02 
       1.759456160339e-01       1.514973752810e+02 
       1.792571972603e-01       1.476372385183e+02 
       1.825687824880e-01       1.443429858264e+02 
       1.858803714740e-01       1.414197929604e+02 
       1.891919640029e-01       1.386997822718e+02 
       1.925035598800e-01       1.360046776614e+02 
       1.958151589280e-01       1.331773936079e+02 
       1.991267609837e-01       1.301191982179e+02 
       2.024383658960e-01       1.267816532777e+02 
       2.057499735245e-01       1.231680913601e+02 
       2.090615837384e-01       1.193277186417e+02 
       2.123731964151e-01       1.153421178227e+02 
       2.156848114401e-01       1.113094210265e+02 
       2.189964287058e-01       1.073301545732e+02 
       2.223080481113e-01       1.034950034318e+02 
       2.256196695617e-01       9.987811943268e+01 
       2.289312929674e-01       9.653383553601e+01 
       2.322429182442e-01       9.349641012960e+01 
       2.355545453127e-01       9.077853160595e+01 
       2.388661740978e-01       8.837377463712e+01 
       2.421778045285e-01       8.625629451147e+01 
       2.454894365379e-01       8.438335727672e+01 
       2.488010700625e-01       8.270067434944e+01 
       2.521127050422e-01       8.114792876610e+01 
       2.554243414200e-01       7.966565663570e+01 
       2.587359791419e-01       7.820112434079e+01 
       2.620476181567e-01       7.671323887598e+01 
       2.653592584155e-01       7.517398105964e+01 
       2.686708998722e-01       7.356887763890e+01 
       2.719825424828e-01       7.189602475607e+01 
       2.752941862052e-01       7.016380402451e+01 
       2.786058309997e-01       6.839047988036e+01 
       2.819174768282e-01       6.660093201800e+01 
       2.852291236545e-01       6.482486922857e+01 
       2.885407714441e-01       6.309254041142e+01 
       2.918524201640e-01       6.143154492437e+01 
       2.951640697827e-01       5.986325402405e+01 
       2.984757202702e-01       5.840083369336e+01 
       3.017873715976e-01       5.704898718648e+01 
       3.050990237374e-01       5.580440937536e+01 
       3.084106766634e-01       5.465811980962e+01 
       3.117223303504e-01       5.359715642984e+01 
       3.150339847742e-01       5.260619706161e+01 
       3.183456399118e-01       5.166885891965e+01 
       3.216572957409e-01       5.076844023915e+01 
       3.249689522404e-01       4.988880954935e+01 
       3.282806093897e-01       4.901578594754e+01 
       3.315922671695e-01       4.813835011617e+01 
       3.349039255608e-01       4.724972033054e+01 
       3.382155845457e-01       4.634793816665e+01 
       3.415272441067e-01       4.543524263992e+01 
       3.448389042272e-01       4.451729275679e+01 
       3.481505648911e-01       4.360156097522e+01 
       3.514622260831e-01       4.269606807157e+01 
       3.547738877882e-01       4.180858550732e+01 
       3.580855499922e-01       4.094603092483e+01 
       3.613972126813e-01       4.011419127075e+01 
       3.647088758422e-01       3.931789586647e+01 
       3.680205394621e-01       3.856019834350e+01 
       3.713322035287e-01       3.784199795671e+01 
       3.746438680301e-01       3.716224231976e+01 
       3.779555329547e-01       3.651735495947e+01 
       3.812671982916e-01       3.590223730412e+01 
       3.845788640301e-01       3.531096551034e+01 
       3.878905301597e-01       3.473774879355e+01 
       3.912021966706e-01       3.417757125595e+01 
       3.945138635530e-01       3.362660191169e+01 
       3.978255307977e-01       3.308205087491e+01 
       4.011371983957e-01       3.254207614408e+01 
       4.044488663382e-01       3.200533617779e+01 
       4.077605346168e-01       3.147143560962e+01 
       4.110722032234e-01       3.094066041715e+01 
       4.143838721501e-01       3.041426725177e+01 
       4.176955413892e-01       2.989418298328e+01 
       4.210072109333e-01       2.938290032483e+01 
       4.243188807752e-01       2.888277273236e+01 
       4.276305509081e-01       2.839571179861e+01 
       4.309422213251e-01       2.792291102262e+01 
       4.342538920198e-01       2.746485038347e+01 
       4.375655629858e-01       2.702146041315e+01 
       4.408772342170e-01       2.659250899815e+01 
       4.441889057074e-01       2.617754597579e+01 
       4.475005774513e-01       2.577600378550e+01 
       4.508122494430e-01       2.538701670692e+01 
       4.541239216771e-01       2.500938846668e+01 
       4.574355941484e-01       2.464153872645e+01 
       4.607472668516e-01       2.428169592993e+01 
       4.640589397819e-01       2.392825750237e+01 
       4.673706129343e-01       2.357996636716e+01 
       4.706822863041e-01       2.323614668341e+01 
       4.739939598869e-01       2.289653160356e+01 
       4.773056336780e-01       2.256118926410e+01 
       4.806173076733e-01       2.223024987353e+01 
       4.839289818685e-01       2.190387408289e+01 
       4.872406562596e-01       2.158230737339e+01 
       4.905523308424e-01       2.126588899014e+01 
       4.938640056133e-01       2.095512582918e+01 
       4.971756805683e-01       2.065066802680e+01 
       5.004873557039e-01       2.035333826296e+01 
       5.037990310164e-01       2.006350104685e+01 
       5.071107065024e-01       1.978128089495e+01 
       5.104223821585e-01       1.950664659873e+01 
       5.137340579814e-01       1.923891608512e+01 
       5.170457339678e-01       1.897751083046e+01 
       5.203574101147e-01       1.872188685071e+01 
       5.236690864190e-01       1.847154780159e+01 
       5.269807628778e-01       1.822616591894e+01 
       5.302924394880e-01       1.798539877279e+01 
       5.336041162469e-01       1.774886858147e+01 
       5.369157931517e-01       1.751612327956e+01 
       5.402274701998e-01       1.728674921946e+01 
       5.435391473885e-01       1.706045207517e+01 
       5.468508247152e-01       1.683728338989e+01 
       5.501625021775e-01       1.661732442158e+01 
       5.534741797728e-01       1.640090033444e+01 
       5.567858574989e-01       1.618821432259e+01 
       5.600975353534e-01       1.597940456197e+01 
       5.634092133340e-01       1.577446097379e+01 
       5.667208914385e-01       1.557328230042e+01 
       5.700325696648e-01       1.537577283236e+01 
       5.733442480106e-01       1.518190546859e+01 
       5.766559264741e-01       1.499174132317e+01 
       5.799676050531e-01       1.480535024380e+01 
       5.832792837456e-01       1.462272158764e+01 
       5.865909625498e-01       1.444373202298e+01 
       5.899026414637e-01       1.426810006511e+01 
       5.932143204855e-01       1.409561395014e+01 
       5.965259996135e-01       1.392593499657e+01 
       5.998376788458e-01       1.375893250659e+01 
       6.031493581807e-01       1.359457427192e+01 
       6.064610376165e-01       1.343286589744e+01 
       6.097727171517e-01       1.327378278072e+01 
       6.130843967845e-01       1.311723234328e+01 
       6.163960765134e-01       1.296308270064e+01 
       6.197077563368e-01       1.281117304366e+01 
       6.230194362533e-01       1.266143064457e+01 
       6.263311162613e-01       1.251386092322e+01 
       6.296427963595e-01       1.236857174034e+01 
       6.329544765463e-01       1.222567756763e+01 
       6.362661568205e-01       1.208525256973e+01 
       6.395778371805e-01       1.194727007648e+01 
       6.428895176252e-01       1.181163089719e+01 
       6.462011981532e-01       1.167819376476e+01 
       6.495128787633e-01       1.154686063626e+01 
       6.528245594541e-01       1.141759397846e+01 
       6.561362402245e-01       1.129040745036e+01 
       6.594479210732e-01       1.116532802712e+01 
       6.627596019991e-01       1.104233561085e+01 
       6.660712830010e-01       1.092134007883e+01 
       6.693829640778e-01       1.080220492809e+01 
       6.726946452283e-01       1.068478740686e+01 
       6.760063264516e-01       1.056898816703e+01 
       6.793180077465e-01       1.045479534286e+01 
       6.826296891120e-01       1.034223052016e+01 
       6.859413705470e-01       1.023138655530e+01 
       6.892530520506e-01       1.012223477239e+01 
       6.925647336217e-01       1.001474243232e+01 
       6.958764152595e-01       9.908812259841e+00 
       6.991880969629e-01       9.804370094775e+00 
       7.024997787310e-01       9.701358347674e+00 
       7.058114605629e-01       9.599783193965e+00 
       7.091231424578e-01       9.499711180741e+00 
       7.124348244147e-01       9.401169918847e+00 
       7.157465064327e-01       9.304160480884e+00 
       7.190581885111e-01       9.208655131749e+00 
       7.223698706489e-01       9.114550006703e+00 
       7.256815528454e-01       9.021748485873e+00 
       7.289932350998e-01       8.930204937019e+00 
       7.323049174113e-01       8.839900021332e+00 
       7.356165997791e-01       8.750882284963e+00 
       7.389282822025e-01       8.663159576370e+00 
       7.422399646806e-01       8.576731510236e+00 
       7.455516472128e-01       8.491547493080e+00 
       7.488633297984e-01       8.407520361599e+00 
       7.521750124367e-01       8.324572305436e+00 
       7.554866951269e-01       8.242680363784e+00 
       8.198102721918e-01       6.852988779667e+00 
       9.096865378917e-01       5.405370117410e+00 
       1.048113480481e+00       3.897774488738e+00 
       1.272309008191e+00       2.474978939825e+00 
       1.594812285659e+00       1.444632285204e+00 
       2.007541292717e+00       8.272256081188e-01 
       2.527343447222e+00       4.696510513710e-01 
       3.181736888759e+00       2.646426640063e-01 
       4.005569422901e+00       1.481017356163e-01 
       5.042713135196e+00       8.236492480682e-02 
       6.348399710287e+00       4.554433665632e-02 
       7.992161719507e+00       2.505252297646e-02 
       1.006153548386e+01       1.371385564943e-02 
       1.266672270229e+01       7.473538408785e-03 
       1.594645909407e+01       4.055807633958e-03 
       2.007540258166e+01       2.192526244267e-03 
       2.527343446205e+01       1.180911013094e-03 
       3.181736888759e+01       6.338138838217e-04 
       4.005569422901e+01       3.390305257192e-04 
       5.042713135196e+01       1.807302675470e-04 
       6.348399710287e+01       9.600306816671e-05 
       7.992161719507e+01       5.080052256487e-05 
       1.006153548386e+02       2.676125699192e-05 
       1.266672270229e+02       1.402001918081e-05 
       1.594645909407e+02       7.292949077364e-06 
       2.007540258166e+02       3.757510348892e-06 
       2.527343446205e+02       1.911095799229e-06 
       3.181736888759e+02       9.555334710123e-07 
       4.005569422901e+02       4.677455998457e-07 
       5.042713135196e+02       2.237987641608e-07 
       6.348399710287e+02       1.050433200598e-07 
       7.992161719507e+02       4.881563923322e-08 
       1.006153548386e+03       2.265639080535e-08 
