# Matter power spectrum P(k) at redshift z=4
# for k=1.04662e-05 to 1252.33 h/Mpc,
# number of wavenumbers equal to 625
#    1:k (h/Mpc)              2:P (Mpc/h)^3        
       1.046615463745e-05       2.870643198359e+00 
       2.376038198236e-05       6.429883882127e+00 
       3.710349534755e-05       9.961826859127e+00 
       5.053373918547e-05       1.349040319117e+01 
       6.409002286981e-05       1.703193283545e+01 
       7.781229016556e-05       2.060020488841e+01 
       9.174190112708e-05       2.420800225362e+01 
       1.059220318115e-04       2.786777776559e+01 
       1.203980972332e-04       3.159203792690e+01 
       1.352182030212e-04       3.539360479234e+01 
       1.504336312308e-04       3.928582236518e+01 
       1.660993656557e-04       4.328273765129e+01 
       1.822746616995e-04       4.739927010873e+01 
       1.990236653020e-04       5.165138015125e+01 
       2.164160844181e-04       5.605623888855e+01 
       2.345279149384e-04       6.063240256617e+01 
       2.534422204530e-04       6.539999317894e+01 
       2.732499615879e-04       7.038088229349e+01 
       2.940508653643e-04       7.559887693343e+01 
       3.159543176948e-04       8.107990222758e+01 
       3.390802521723e-04       8.685217149270e+01 
       3.635599952194e-04       9.294633428478e+01 
       3.895370109835e-04       9.939558538061e+01 
       4.171674689393e-04       1.062357135999e+02 
       4.466205333915e-04       1.135050640077e+02 
       4.780782483270e-04       1.212443816921e+02 
       5.117348661769e-04       1.294964965794e+02 
       5.477954498908e-04       1.383058103615e+02 
       5.864735715359e-04       1.477175429987e+02 
       6.279879469527e-04       1.577767074683e+02 
       6.725578955390e-04       1.685267937614e+02 
       7.203976063313e-04       1.800081729442e+02 
       7.717093298790e-04       1.922562726825e+02 
       8.266757926854e-04       2.052996204256e+02 
       8.854523243233e-04       2.191579013834e+02 
       9.481593574820e-04       2.338402138217e+02 
       1.014876058753e-03       2.493437315390e+02 
       1.085635827580e-03       2.656529500084e+02 
       1.160424239958e-03       2.827396457577e+02 
       1.239179727688e-03       3.005635951969e+02 
       1.321796928534e-03       3.190739763701e+02 
       1.408132297896e-03       3.382113153135e+02 
       1.498011316077e-03       3.579097593460e+02 
       1.591236505675e-03       3.780994325512e+02 
       1.687595497339e-03       3.987086876070e+02 
       1.786868517943e-03       4.196660830398e+02 
       1.888834871686e-03       4.409020076969e+02 
       1.993278190033e-03       4.623498989828e+02 
       2.099990403001e-03       4.839471299957e+02 
       2.208774512640e-03       5.056355240294e+02 
       2.319446326928e-03       5.273609355660e+02 
       2.431835346064e-03       5.490755043105e+02 
       2.545784995326e-03       5.707355240307e+02 
       2.661152381292e-03       5.923019337151e+02 
       2.777807721218e-03       6.137399398613e+02 
       2.895633565607e-03       6.350190864059e+02 
       3.014523905780e-03       6.561125525377e+02 
       3.134383233717e-03       6.769970786793e+02 
       3.255125601351e-03       6.976525110971e+02 
       3.376673710775e-03       7.180614538176e+02 
       3.498958054978e-03       7.382091027334e+02 
       3.621916120120e-03       7.580827171678e+02 
       3.745491654238e-03       7.776717485215e+02 
       3.869634003183e-03       7.969671879760e+02 
       3.994297511863e-03       8.159615699286e+02 
       4.119440987235e-03       8.346489299798e+02 
       4.245027218577e-03       8.530245190821e+02 
       4.371022550148e-03       8.710849482103e+02 
       4.497396501295e-03       8.888271645876e+02 
       4.624121429184e-03       9.062497178941e+02 
       4.751172229615e-03       9.233513418807e+02 
       4.878526071723e-03       9.401319195060e+02 
       5.006162162716e-03       9.565916591315e+02 
       5.134061539207e-03       9.727311655265e+02 
       5.262206882030e-03       9.885519044925e+02 
       5.390582351791e-03       1.004055123821e+03 
       5.519173442700e-03       1.019242881294e+03 
       5.647966852537e-03       1.034117489849e+03 
       5.776950366838e-03       1.048681158994e+03 
       5.906112755635e-03       1.062936942250e+03 
       6.035443681281e-03       1.076887296107e+03 
       6.164933616064e-03       1.090535331391e+03 
       6.294573768474e-03       1.103884498969e+03 
       6.424356017137e-03       1.116937683175e+03 
       6.554272851536e-03       1.129698394396e+03 
       6.684317318752e-03       1.142170165777e+03 
       6.814482975552e-03       1.154356346044e+03 
       6.944763845229e-03       1.166260449056e+03 
       7.075154378676e-03       1.177886314336e+03 
       7.205649419222e-03       1.189237358431e+03 
       7.336244170848e-03       1.200316913550e+03 
       7.466934169390e-03       1.211129192272e+03 
       7.597715256448e-03       1.221677542830e+03 
       7.728583555693e-03       1.231965303841e+03 
       7.859535451344e-03       1.241996905383e+03 
       7.990567568576e-03       1.251775332535e+03 
       8.121676755680e-03       1.261303772351e+03 
       8.252860067794e-03       1.270586811137e+03 
       8.384114752044e-03       1.279626986444e+03 
       8.515438233968e-03       1.288428034693e+03 
       8.646828105098e-03       1.296993014483e+03 
       8.778282111580e-03       1.305326505563e+03 
       8.909798143747e-03       1.313430920949e+03 
       9.041374226545e-03       1.321309524744e+03 
       9.173008510746e-03       1.328965967610e+03 
       9.304699264861e-03       1.336403145815e+03 
       9.436444867704e-03       1.343624380859e+03 
       9.568243801544e-03       1.350632643973e+03 
       9.700094645786e-03       1.357430807977e+03 
       9.831996071153e-03       1.364024660410e+03 
       9.963946834302e-03       1.370413481768e+03 
       1.009594577286e-02       1.376600729625e+03 
       1.022799180083e-02       1.382590344484e+03 
       1.036008390434e-02       1.388384841451e+03 
       1.049222113772e-02       1.393987262527e+03 
       1.062440261983e-02       1.399399185691e+03 
       1.075662753072e-02       1.404625230956e+03 
       1.088889510847e-02       1.409666470439e+03 
       1.102120464632e-02       1.414526744262e+03 
       1.115355548992e-02       1.419208242275e+03 
       1.128594703486e-02       1.423712751139e+03 
       1.141837872438e-02       1.428043954074e+03 
       1.155085004712e-02       1.432203291387e+03 
       1.168336053520e-02       1.436194288283e+03 
       1.181590976232e-02       1.440018807903e+03 
       1.194849734201e-02       1.443678871226e+03 
       1.208112292604e-02       1.447177313792e+03 
       1.221378620292e-02       1.450516711385e+03 
       1.234648689651e-02       1.453698525019e+03 
       1.247922476470e-02       1.456725573320e+03 
       1.261199959825e-02       1.459599742400e+03 
       1.274481121963e-02       1.462323408424e+03 
       1.287765948202e-02       1.464898590522e+03 
       1.301054426832e-02       1.467327386346e+03 
       1.314346549028e-02       1.469612482413e+03 
       1.327642308768e-02       1.471755122690e+03 
       1.340941702752e-02       1.473758002290e+03 
       1.354244730337e-02       1.475622770240e+03 
       1.367551393470e-02       1.477351922794e+03 
       1.380861696625e-02       1.478947289110e+03 
       1.394175646755e-02       1.480410826349e+03 
       1.407493253233e-02       1.481743987910e+03 
       1.420814527812e-02       1.482949426132e+03 
       1.434139484579e-02       1.484028839917e+03 
       1.447468139922e-02       1.484982843056e+03 
       1.460800512489e-02       1.485815607785e+03 
       1.474136623161e-02       1.486526908526e+03 
       1.487476495024e-02       1.487119649591e+03 
       1.500820153342e-02       1.487595455902e+03 
       1.514167625540e-02       1.487956271610e+03 
       1.527518941182e-02       1.488203071796e+03 
       1.540874131954e-02       1.488338949229e+03 
       1.554233231655e-02       1.488364218407e+03 
       1.567596276185e-02       1.488281658027e+03 
       1.580963303533e-02       1.488092061231e+03 
       1.594334353778e-02       1.487798356301e+03 
       1.607709469079e-02       1.487401163603e+03 
       1.621088693680e-02       1.486902590534e+03 
       1.634472073904e-02       1.486304042126e+03 
       1.647859658163e-02       1.485606517921e+03 
       1.661251496957e-02       1.484813527812e+03 
       1.674647642885e-02       1.483925032717e+03 
       1.688048150654e-02       1.482942589601e+03 
       1.701453077085e-02       1.481867870630e+03 
       1.714862481133e-02       1.480702789364e+03 
       1.728276423896e-02       1.479448699481e+03 
       1.741694968631e-02       1.478107488547e+03 
       1.755118180777e-02       1.476679659467e+03 
       1.768546127971e-02       1.475167652642e+03 
       1.781978880070e-02       1.473571899259e+03 
       1.795416509174e-02       1.471894939084e+03 
       1.808859089652e-02       1.470136786136e+03 
       1.822306698170e-02       1.468299387371e+03 
       1.835759413713e-02       1.466386440071e+03 
       1.849217317624e-02       1.464395961790e+03 
       1.862680493629e-02       1.462330200784e+03 
       1.876149027872e-02       1.460189432495e+03 
       1.889623008950e-02       1.457979561284e+03 
       1.903102527953e-02       1.455697163137e+03 
       1.916587678496e-02       1.453345335100e+03 
       1.930078556764e-02       1.450924584949e+03 
       1.943575261555e-02       1.448436247541e+03 
       1.957077894316e-02       1.445882195301e+03 
       1.970586559200e-02       1.443261933332e+03 
       1.984101363100e-02       1.440581630090e+03 
       1.997622415710e-02       1.437837258638e+03 
       2.011149829568e-02       1.435031474132e+03 
       2.024683720113e-02       1.432165708800e+03 
       2.038224205735e-02       1.429243911300e+03 
       2.051771407838e-02       1.426259202937e+03 
       2.065325450891e-02       1.423222412401e+03 
       2.078886462497e-02       1.420127818851e+03 
       2.092454573448e-02       1.416980643298e+03 
       2.106029917794e-02       1.413779904146e+03 
       2.119612632908e-02       1.410527071912e+03 
       2.133202859555e-02       1.407223571986e+03 
       2.146800741967e-02       1.403870150925e+03 
       2.160406427911e-02       1.400466267328e+03 
       2.174020068767e-02       1.397018475589e+03 
       2.187641819609e-02       1.393522306751e+03 
       2.201271839283e-02       1.389980551229e+03 
       2.214910290491e-02       1.386395079289e+03 
       2.228557339877e-02       1.382764335431e+03 
       2.242213158117e-02       1.379092399165e+03 
       2.255877920007e-02       1.375379049013e+03 
       2.269551804565e-02       1.371627635022e+03 
       2.283234995117e-02       1.367831704104e+03 
       2.296927679409e-02       1.364001160221e+03 
       2.310630049701e-02       1.360131773958e+03 
       2.324342302880e-02       1.356225744911e+03 
       2.338064640568e-02       1.352285734265e+03 
       2.351797269234e-02       1.348304392619e+03 
       2.365540400312e-02       1.344298359992e+03 
       2.379294250325e-02       1.340255177720e+03 
       2.393059041001e-02       1.336184606058e+03 
       2.406834999411e-02       1.332078774535e+03 
       2.420622358096e-02       1.327946464874e+03 
       2.434421355203e-02       1.323781282298e+03 
       2.448232234628e-02       1.319584817858e+03 
       2.462055246161e-02       1.315366341853e+03 
       2.475890645634e-02       1.311121662251e+03 
       2.489738695080e-02       1.306850910663e+03 
       2.503599662887e-02       1.302551313902e+03 
       2.517473823967e-02       1.298229373283e+03 
       2.531361459923e-02       1.293885977330e+03 
       2.545262859228e-02       1.289517454955e+03 
       2.559178317404e-02       1.285126805476e+03 
       2.573108137209e-02       1.280713304829e+03 
       2.587052628833e-02       1.276281967310e+03 
       2.601012110095e-02       1.271832924630e+03 
       2.614986906650e-02       1.267361025512e+03 
       2.628977352203e-02       1.262874177238e+03 
       2.642983788732e-02       1.258365858886e+03 
       2.657006566709e-02       1.253846325459e+03 
       2.671046045343e-02       1.249305514436e+03 
       2.685102592821e-02       1.244747831448e+03 
       2.699176586559e-02       1.240181817550e+03 
       2.713268413463e-02       1.235599446206e+03 
       2.727378470202e-02       1.231002443919e+03 
       2.741507163485e-02       1.226390095510e+03 
       2.755654910348e-02       1.221769189449e+03 
       2.769822138458e-02       1.217132800382e+03 
       2.784009286421e-02       1.212487835173e+03 
       2.798216804104e-02       1.207833131201e+03 
       2.812445152965e-02       1.203168156443e+03 
       2.826694806404e-02       1.198492065165e+03 
       2.840966250114e-02       1.193807378362e+03 
       2.855259982457e-02       1.189116476743e+03 
       2.869576514847e-02       1.184413946350e+03 
       2.883916372150e-02       1.179706135803e+03 
       2.898280093095e-02       1.174993482554e+03 
       2.912668230708e-02       1.170271540711e+03 
       2.927081352758e-02       1.165543059862e+03 
       2.941520042217e-02       1.160813202582e+03 
       2.955984897747e-02       1.156076975067e+03 
       2.970476534197e-02       1.151335948645e+03 
       2.984995583125e-02       1.146592219380e+03 
       2.999542693337e-02       1.141840717509e+03 
       3.014118531453e-02       1.137087058686e+03 
       3.028723782492e-02       1.132334883593e+03 
       3.043359150478e-02       1.127577361609e+03 
       3.058025359079e-02       1.122818759890e+03 
       3.072723152265e-02       1.118058457053e+03 
       3.087453294999e-02       1.113298591505e+03 
       3.102216573950e-02       1.108535599815e+03 
       3.117013798249e-02       1.103773479930e+03 
       3.131845800258e-02       1.099014004157e+03 
       3.146713436394e-02       1.094251657221e+03 
       3.161617587973e-02       1.089495379093e+03 
       3.176559162097e-02       1.084733424141e+03 
       3.191539092583e-02       1.079975567645e+03 
       3.206558340924e-02       1.075219581799e+03 
       3.221617897310e-02       1.070469533378e+03 
       3.236718781675e-02       1.065716882849e+03 
       3.251862044811e-02       1.060969195391e+03 
       3.267048769519e-02       1.056221502187e+03 
       3.282280071828e-02       1.051480636411e+03 
       3.297557102257e-02       1.046741213240e+03 
       3.312881047147e-02       1.042007093114e+03 
       3.328253130055e-02       1.037276580609e+03 
       3.343674613219e-02       1.032549176875e+03 
       3.359146799084e-02       1.027827932650e+03 
       3.374671031919e-02       1.023111640503e+03 
       3.390248699502e-02       1.018403184835e+03 
       3.405881234900e-02       1.013695795892e+03 
       3.421570118333e-02       1.008997655684e+03 
       3.437316879140e-02       1.004298395873e+03 
       3.453123097843e-02       9.996103909489e+02 
       3.468990408324e-02       9.949302478733e+02 
       3.484920500114e-02       9.902523101867e+02 
       3.500915120810e-02       9.855794617493e+02 
       3.516976078619e-02       9.809166928323e+02 
       3.533105245046e-02       9.762598752709e+02 
       3.549304557730e-02       9.716100795305e+02 
       3.565576023439e-02       9.669656990461e+02 
       3.581921721235e-02       9.623290616926e+02 
       3.598343805828e-02       9.576995731360e+02 
       3.614844511112e-02       9.530771799538e+02 
       3.631426153924e-02       9.484625558151e+02 
       3.648091138014e-02       9.438549832125e+02 
       3.664841958264e-02       9.392530675900e+02 
       3.681681205163e-02       9.346596552078e+02 
       3.698611569550e-02       9.300751044320e+02 
       3.715635847662e-02       9.254964430480e+02 
       3.732756946501e-02       9.209288044520e+02 
       3.749977889540e-02       9.163639124364e+02 
       3.767301822803e-02       9.118106190888e+02 
       3.784732021338e-02       9.072617487247e+02 
       3.802271896135e-02       9.027214891957e+02 
       3.819925001490e-02       8.981898130765e+02 
       3.837695042890e-02       8.936643740040e+02 
       3.855585885431e-02       8.891464741870e+02 
       3.873601562836e-02       8.846379007156e+02 
       3.891746287102e-02       8.801343801029e+02 
       3.910024458858e-02       8.756365294340e+02 
       3.928440678464e-02       8.711495107968e+02 
       3.946999757946e-02       8.666659733136e+02 
       3.965706733816e-02       8.621926691092e+02 
       3.984566880882e-02       8.577253862009e+02 
       4.003585727115e-02       8.532606893492e+02 
       4.022769069696e-02       8.488072670872e+02 
       4.042122992334e-02       8.443596216552e+02 
       4.061653883989e-02       8.399141748142e+02 
       4.081368459137e-02       8.354803759894e+02 
       4.101273779725e-02       8.310480339850e+02 
       4.121377278995e-02       8.266213208900e+02 
       4.141686787356e-02       8.221991259375e+02 
       4.162210560537e-02       8.177845103763e+02 
       4.182957310234e-02       8.133729757498e+02 
       4.203936237556e-02       8.089657963649e+02 
       4.225157069543e-02       8.045582509397e+02 
       4.246630099124e-02       8.001556986204e+02 
       4.268366228882e-02       7.957567167666e+02 
       4.290377019096e-02       7.913609865208e+02 
       4.312674740527e-02       7.869655757618e+02 
       4.335272432552e-02       7.825742714887e+02 
       4.358183967264e-02       7.781817852160e+02 
       4.381424120316e-02       7.737904381544e+02 
       4.405008649328e-02       7.693976829640e+02 
       4.428954380863e-02       7.650029601220e+02 
       4.453279307089e-02       7.606082436374e+02 
       4.478002693426e-02       7.562068272236e+02 
       4.503145198698e-02       7.518098714113e+02 
       4.528729009537e-02       7.474016516412e+02 
       4.554777991078e-02       7.429920142117e+02 
       4.581317856335e-02       7.385738943540e+02 
       4.608376357046e-02       7.341485828343e+02 
       4.635983499280e-02       7.297167485517e+02 
       4.664171787664e-02       7.252729700319e+02 
       4.692976502835e-02       7.208188902814e+02 
       4.722436017547e-02       7.163542850264e+02 
       4.752592157918e-02       7.118745477900e+02 
       4.783490617595e-02       7.073781888291e+02 
       4.815181434156e-02       7.028651769978e+02 
       4.847719538979e-02       6.983328635905e+02 
       4.881165394214e-02       6.937789477142e+02 
       4.915585733390e-02       6.892012605872e+02 
       4.951054425870e-02       6.845972637632e+02 
       4.987653489939e-02       6.799634053130e+02 
       5.025474285042e-02       6.752978358203e+02 
       5.064618920917e-02       6.705958138297e+02 
       5.105201930534e-02       6.658531083239e+02 
       5.147352265333e-02       6.610662456552e+02 
       5.191215686047e-02       6.562298685878e+02 
       5.236957641173e-02       6.513381045901e+02 
       5.284766749173e-02       6.463850864845e+02 
       5.334859031010e-02       6.413624078920e+02 
       5.387483078263e-02       6.362612507282e+02 
       5.442926390675e-02       6.310684285062e+02 
       5.501523176872e-02       6.257743991415e+02 
       5.563663983836e-02       6.203622384918e+02 
       5.629807602198e-02       6.148129057601e+02 
       5.700495776974e-02       6.091027818040e+02 
       5.776371315186e-02       6.032023435955e+02 
       5.858200173436e-02       5.970704804365e+02 
       5.946897927760e-02       5.906645485508e+02 
       6.043560473000e-02       5.839170831956e+02 
       6.149497492838e-02       5.767475518606e+02 
       6.266264530204e-02       5.690370513392e+02 
       6.395684365312e-02       5.606456545669e+02 
       6.539839699475e-02       5.513728092420e+02 
       6.701006564722e-02       5.409603710215e+02 
       6.881485182997e-02       5.290857314355e+02 
       7.083285901860e-02       5.153681910400e+02 
       7.307669820467e-02       4.994248904518e+02 
       7.554650319549e-02       4.809611256630e+02 
       7.822692778172e-02       4.599050496544e+02 
       8.108858242776e-02       4.365202211463e+02 
       8.409405529774e-02       4.114420158722e+02 
       8.720557178130e-02       3.855889363622e+02 
       9.039070476040e-02       3.599919349156e+02 
       9.362467854124e-02       3.356279856924e+02 
       9.689004178555e-02       3.132851187357e+02 
       1.001751562248e-01       2.934920260442e+02 
       1.034725315290e-01       2.765089581105e+02 
       1.067774545438e-01       2.623427756893e+02 
       1.100870010165e-01       2.507930883433e+02 
       1.133993722106e-01       2.415044178597e+02 
       1.167134674668e-01       2.340131580475e+02 
       1.200286153498e-01       2.278004989750e+02 
       1.233444069586e-01       2.223377357396e+02 
       1.266605934656e-01       2.171320726959e+02 
       1.299770234646e-01       2.117667290049e+02 
       1.332936047784e-01       2.059344400233e+02 
       1.366102812212e-01       1.994584200838e+02 
       1.399270184761e-01       1.922971363668e+02 
       1.432437955165e-01       1.845310939720e+02 
       1.465605993972e-01       1.763384350581e+02 
       1.498774220921e-01       1.679577085198e+02 
       1.531942585731e-01       1.596527724831e+02 
       1.565111056442e-01       1.516762757505e+02 
       1.598279612321e-01       1.442433932355e+02 
       1.631448239554e-01       1.375140398718e+02 
       1.664616928615e-01       1.315825326140e+02 
       1.697785672672e-01       1.264772715371e+02 
       1.730954466600e-01       1.221667777283e+02 
       1.764123306384e-01       1.185680480931e+02 
       1.797292188746e-01       1.155606337106e+02 
       1.830461110916e-01       1.129993078345e+02 
       1.863630070484e-01       1.107295161882e+02 
       1.896799065311e-01       1.086215504918e+02 
       1.929968093465e-01       1.065264757616e+02 
       1.963137153183e-01       1.043229959518e+02 
       1.996306242844e-01       1.019328623199e+02 
       2.029475360944e-01       9.931759165081e+01 
       2.062644506087e-01       9.648145143850e+01 
       2.095813676972e-01       9.346366869089e+01 
       2.128982872381e-01       9.032935037369e+01 
       2.162152091173e-01       8.715671214039e+01 
       2.195321332280e-01       8.402536270563e+01 
       2.228490594695e-01       8.100721154742e+01 
       2.261659877475e-01       7.816174942149e+01 
       2.294829179729e-01       7.553240299417e+01 
       2.327998500619e-01       7.314636092788e+01 
       2.361167839354e-01       7.101466482254e+01 
       2.394337195186e-01       6.913188357833e+01 
       2.427506567411e-01       6.747732980261e+01 
       2.460675955362e-01       6.601687521861e+01 
       2.493845358405e-01       6.470695601748e+01 
       2.527014775944e-01       6.349937545770e+01 
       2.560184207410e-01       6.234697467656e+01 
       2.593353652267e-01       6.120787195158e+01 
       2.626523110004e-01       6.004929211634e+01 
       2.659692580136e-01       5.884896875604e+01 
       2.692862062202e-01       5.759504979733e+01 
       2.726031555763e-01       5.628618836387e+01 
       2.759201060404e-01       5.492811226564e+01 
       2.792370575726e-01       5.353623326487e+01 
       2.825540101351e-01       5.213037370241e+01 
       2.858709636919e-01       5.073432999311e+01 
       2.891879182086e-01       4.937263492970e+01 
       2.925048736522e-01       4.806723320859e+01 
       2.958218299916e-01       4.683526359973e+01 
       2.991387871966e-01       4.568721813235e+01 
       3.024557452386e-01       4.462678837231e+01 
       3.057727040904e-01       4.365146064367e+01 
       3.090896637256e-01       4.275424431361e+01 
       3.124066241192e-01       4.192500082512e+01 
       3.157235852472e-01       4.115163157552e+01 
       3.190405470865e-01       4.042101939613e+01 
       3.223575096150e-01       3.971964508835e+01 
       3.256744728116e-01       3.903449671525e+01 
       3.289914366561e-01       3.835415389301e+01 
       3.323084011288e-01       3.766969647225e+01 
       3.356253662111e-01       3.697573402008e+01 
       3.389423318849e-01       3.627073189213e+01 
       3.422592981331e-01       3.555650306457e+01 
       3.455762649390e-01       3.483754114384e+01 
       3.488932322866e-01       3.411975672448e+01 
       3.522102001605e-01       3.340951467333e+01 
       3.555271685459e-01       3.271306820608e+01 
       3.588441374286e-01       3.203577655422e+01 
       3.621611067949e-01       3.138278107036e+01 
       3.654780766315e-01       3.075789144419e+01 
       3.687950469257e-01       3.016368236875e+01 
       3.721120176652e-01       2.960101295017e+01 
       3.754289888381e-01       2.906884389635e+01 
       3.787459604330e-01       2.856445906584e+01 
       3.820629324389e-01       2.808355263404e+01 
       3.853799048451e-01       2.762163184948e+01 
       3.886968776413e-01       2.717400855466e+01 
       3.920138508176e-01       2.673680266266e+01 
       3.953308243643e-01       2.630684961179e+01 
       3.986477982722e-01       2.588186966246e+01 
       4.019647725323e-01       2.546027461015e+01 
       4.052817471360e-01       2.504093754889e+01 
       4.085987220747e-01       2.462346708407e+01 
       4.119156973405e-01       2.420811016771e+01 
       4.152326729253e-01       2.379590611480e+01 
       4.185496488217e-01       2.338848936875e+01 
       4.218666250222e-01       2.298785248948e+01 
       4.251836015197e-01       2.259588856691e+01 
       4.285005783072e-01       2.221414675629e+01 
       4.318175553781e-01       2.184353422335e+01 
       4.351345327259e-01       2.148448601859e+01 
       4.384515103442e-01       2.113704065647e+01 
       4.417684882269e-01       2.080103802441e+01 
       4.450854663681e-01       2.047619937364e+01 
       4.484024447620e-01       2.016210135898e+01 
       4.517194234031e-01       1.985802863128e+01 
       4.550364022859e-01       1.956295095956e+01 
       4.583533814051e-01       1.927558369123e+01 
       4.616703607557e-01       1.899442140336e+01 
       4.649873403326e-01       1.871826291192e+01 
       4.683043201311e-01       1.844608888918e+01 
       4.716213001465e-01       1.817736785262e+01 
       4.749382803741e-01       1.791188466252e+01 
       4.782552608096e-01       1.764966511131e+01 
       4.815722414486e-01       1.739080690670e+01 
       4.848892222871e-01       1.713539268386e+01 
       4.882062033207e-01       1.688360085431e+01 
       4.915231845457e-01       1.663576803433e+01 
       4.948401659582e-01       1.639233592077e+01 
       4.981571475544e-01       1.615389635605e+01 
       5.014741293306e-01       1.592104819729e+01 
       5.047911112832e-01       1.569414008868e+01 
       5.081080934089e-01       1.547327659223e+01 
       5.114250757042e-01       1.525830349754e+01 
       5.147420581659e-01       1.504878366026e+01 
       5.180590407907e-01       1.484424809612e+01 
       5.213760235755e-01       1.464427022971e+01 
       5.246930065173e-01       1.444853945229e+01 
       5.280099896131e-01       1.425671927221e+01 
       5.313269728601e-01       1.406855208357e+01 
       5.346439562553e-01       1.388367247619e+01 
       5.379609397960e-01       1.370169194686e+01 
       5.412779234796e-01       1.352233012827e+01 
       5.445949073034e-01       1.334530068416e+01 
       5.479118912649e-01       1.317072435106e+01 
       5.512288753616e-01       1.299864506671e+01 
       5.545458595911e-01       1.282932972994e+01 
       5.578628439509e-01       1.266293492719e+01 
       5.611798284388e-01       1.249953980434e+01 
       5.644968130525e-01       1.233913287993e+01 
       5.678137977898e-01       1.218164461042e+01 
       5.711307826486e-01       1.202700760531e+01 
       5.744477676266e-01       1.187525856491e+01 
       5.777647527219e-01       1.172644053523e+01 
       5.810817379324e-01       1.158061736720e+01 
       5.843987232562e-01       1.143776342889e+01 
       5.877157086914e-01       1.129777392032e+01 
       5.910326942360e-01       1.116039281359e+01 
       5.943496798883e-01       1.102544595781e+01 
       5.976666656464e-01       1.089273757932e+01 
       6.009836515086e-01       1.076211825756e+01 
       6.043006374731e-01       1.063359231474e+01 
       6.076176235383e-01       1.050714974894e+01 
       6.109346097026e-01       1.038276032166e+01 
       6.142515959643e-01       1.026034181529e+01 
       6.175685823218e-01       1.013975977374e+01 
       6.208855687737e-01       1.002090227089e+01 
       6.242025553184e-01       9.903724303649e+00 
       6.275195419544e-01       9.788249140491e+00 
       6.308365286802e-01       9.674576005768e+00 
       6.341535154946e-01       9.562793973084e+00 
       6.374705023960e-01       9.452940274891e+00 
       6.407874893832e-01       9.344992192106e+00 
       6.441044764548e-01       9.238858622390e+00 
       6.474214636094e-01       9.134439192383e+00 
       6.507384508459e-01       9.031665361330e+00 
       6.540554381630e-01       8.930525352987e+00 
       6.573724255594e-01       8.831044105694e+00 
       6.606894130340e-01       8.733227350676e+00 
       6.640064005856e-01       8.637048040002e+00 
       6.673233882130e-01       8.542422033728e+00 
       6.706403759152e-01       8.449233027320e+00 
       6.739573636909e-01       8.357373607450e+00 
       6.772743515391e-01       8.266778483542e+00 
       6.805913394588e-01       8.177452762016e+00 
       6.839083274489e-01       8.089427056737e+00 
       6.872253155084e-01       8.002734509703e+00 
       6.905423036363e-01       7.917370634609e+00 
       6.938592918316e-01       7.833289767900e+00 
       6.971762800933e-01       7.750421574124e+00 
       7.004932684205e-01       7.668695015643e+00 
       7.038102568123e-01       7.588083226591e+00 
       7.071272452677e-01       7.508617983438e+00 
       7.104442337859e-01       7.430336148486e+00 
       7.137612223660e-01       7.353255104292e+00 
       7.170782110071e-01       7.277395625952e+00 
       7.203951997084e-01       7.202692570131e+00 
       7.237121884690e-01       7.129068890386e+00 
       7.270291772882e-01       7.056459092361e+00 
       7.303461661651e-01       6.984829156074e+00 
       7.336631550989e-01       6.914192421476e+00 
       7.369801440890e-01       6.844568841144e+00 
       7.402971331344e-01       6.775970572458e+00 
       7.436141222346e-01       6.708388434751e+00 
       7.469311113886e-01       6.641760632868e+00 
       7.502481005960e-01       6.576022377129e+00 
       7.535650898558e-01       6.511127774894e+00 
       8.169495405196e-01       5.425122355304e+00 
       9.050651070178e-01       4.295054678321e+00 
       1.040048851268e+00       3.116566810245e+00 
       1.258908209110e+00       1.992830623651e+00 
       1.576798569480e+00       1.165842456220e+00 
       1.984806901155e+00       6.679071065587e-01 
       2.498722028240e+00       3.793391959367e-01 
       3.145704656359e+00       2.138233564944e-01 
       3.960207529889e+00       1.196987497237e-01 
       4.985605895356e+00       6.658739867922e-02 
       6.276505954855e+00       3.682937824267e-02 
       7.901652843844e+00       2.026329048691e-02 
       9.947591560291e+00       1.109455451271e-02 
       1.252327580140e+01       6.047285840736e-03 
       1.576587014529e+01       3.282430473954e-03 
       1.984805456495e+01       1.774724965556e-03 
       2.498722026649e+01       9.560420265360e-04 
       3.145704656359e+01       5.132220322809e-04 
       3.960207529889e+01       2.745699738152e-04 
       4.985605895356e+01       1.463997644916e-04 
       6.276505954855e+01       7.778611809410e-05 
       7.901652843844e+01       4.117460029504e-05 
       9.947591560291e+01       2.170064398375e-05 
       1.252327580140e+02       1.137669069523e-05 
       1.576587014529e+02       5.923747761472e-06 
       1.984805456495e+02       3.056626810588e-06 
       2.498722026649e+02       1.557994930827e-06 
       3.145704656359e+02       7.813739381241e-07 
       3.960207529889e+02       3.841043635344e-07 
       4.985605895356e+02       1.847720950798e-07 
       6.276505954855e+02       8.728730848393e-08 
       7.901652843844e+02       4.087766162205e-08 
       9.947591560291e+02       1.913570263033e-08 
       1.252327580140e+03       8.975450297631e-09 
