# Matter power spectrum P(k) at redshift z=4
# for k=1.04662e-05 to 1252.33 h/Mpc,
# number of wavenumbers equal to 625
#    1:k (h/Mpc)              2:P (Mpc/h)^3        
       1.046615463745e-05       2.870560623434e+00 
       2.376038198236e-05       6.429699409197e+00 
       3.710349534755e-05       9.961542394710e+00 
       5.053373918547e-05       1.349002059579e+01 
       6.409002286981e-05       1.703145418277e+01 
       7.781229016556e-05       2.059963259774e+01 
       9.174190112708e-05       2.420733920209e+01 
       1.059220318115e-04       2.786702740639e+01 
       1.203980972332e-04       3.159120442476e+01 
       1.352182030212e-04       3.539269318853e+01 
       1.504336312308e-04       3.928483877556e+01 
       1.660993656557e-04       4.328168951556e+01 
       1.822746616995e-04       4.739816648869e+01 
       1.990236653020e-04       5.165023210923e+01 
       2.164160844181e-04       5.605505995174e+01 
       2.345279149384e-04       6.063120930156e+01 
       2.534422204530e-04       6.539880591498e+01 
       2.732499615879e-04       7.037972601453e+01 
       2.940508653643e-04       7.559778239651e+01 
       3.159543176948e-04       8.107890736557e+01 
       3.390802521723e-04       8.685132315911e+01 
       3.635599952194e-04       9.294569044616e+01 
       3.895370109835e-04       9.939521785759e+01 
       4.171674689393e-04       1.062357114898e+02 
       4.466205333915e-04       1.135055379504e+02 
       4.780782483270e-04       1.212454691801e+02 
       5.117348661769e-04       1.294983685150e+02 
       5.477954498908e-04       1.383086791163e+02 
       5.864735715359e-04       1.477216722359e+02 
       6.279879469527e-04       1.577824239793e+02 
       6.725578955390e-04       1.685345015510e+02 
       7.203976063313e-04       1.800183697082e+02 
       7.717093298790e-04       1.922695687322e+02 
       8.266757926854e-04       2.053167599117e+02 
       8.854523243233e-04       2.191797854670e+02 
       9.481593574820e-04       2.338679251738e+02 
       1.014876058753e-03       2.493785592935e+02 
       1.085635827580e-03       2.656964140672e+02 
       1.160424239958e-03       2.827935191940e+02 
       1.239179727688e-03       3.006299235089e+02 
       1.321796928534e-03       3.191550923843e+02 
       1.408132297896e-03       3.383098488246e+02 
       1.498011316077e-03       3.580286408696e+02 
       1.591236505675e-03       3.782418909059e+02 
       1.687595497339e-03       3.988782414347e+02 
       1.786868517943e-03       4.198665266313e+02 
       1.888834871686e-03       4.411373917692e+02 
       1.993278190033e-03       4.626245071317e+02 
       2.099990403001e-03       4.842654517446e+02 
       2.208774512640e-03       5.060022252200e+02 
       2.319446326928e-03       5.277808252954e+02 
       2.431835346064e-03       5.495535059603e+02 
       2.545784995326e-03       5.712766412200e+02 
       2.661152381292e-03       5.929112179287e+02 
       2.777807721218e-03       6.144224587969e+02 
       2.895633565607e-03       6.357798939116e+02 
       3.014523905780e-03       6.569566596729e+02 
       3.134383233717e-03       6.779294270394e+02 
       3.255125601351e-03       6.986779480467e+02 
       3.376673710775e-03       7.191847099550e+02 
       3.498958054978e-03       7.394347722106e+02 
       3.621916120120e-03       7.594152400043e+02 
       3.745491654238e-03       7.791153964871e+02 
       3.869634003183e-03       7.985260520957e+02 
       3.994297511863e-03       8.176395510799e+02 
       4.119440987235e-03       8.364497323948e+02 
       4.245027218577e-03       8.549516459293e+02 
       4.371022550148e-03       8.731417002264e+02 
       4.497396501295e-03       8.910166380978e+02 
       4.624121429184e-03       9.085748087421e+02 
       4.751172229615e-03       9.258147470639e+02 
       4.878526071723e-03       9.427361432284e+02 
       5.006162162716e-03       9.593390180670e+02 
       5.134061539207e-03       9.756237951062e+02 
       5.262206882030e-03       9.915917678396e+02 
       5.390582351791e-03       1.007244017819e+03 
       5.519173442700e-03       1.022582446600e+03 
       5.647966852537e-03       1.037609219406e+03 
       5.776950366838e-03       1.052326405538e+03 
       5.906112755635e-03       1.066736929195e+03 
       6.035443681281e-03       1.080843123078e+03 
       6.164933616064e-03       1.094647984200e+03 
       6.294573768474e-03       1.108154858262e+03 
       6.424356017137e-03       1.121366529007e+03 
       6.554272851536e-03       1.134286414951e+03 
       6.684317318752e-03       1.146917966111e+03 
       6.814482975552e-03       1.159264271606e+03 
       6.944763845229e-03       1.171328916227e+03 
       7.075154378676e-03       1.183115731921e+03 
       7.205649419222e-03       1.194627998300e+03 
       7.336244170848e-03       1.205868919487e+03 
       7.466934169390e-03       1.216842593111e+03 
       7.597715256448e-03       1.227552256801e+03 
       7.728583555693e-03       1.238001146069e+03 
       7.859535451344e-03       1.248193600386e+03 
       7.990567568576e-03       1.258132513802e+03 
       8.121676755680e-03       1.267820989267e+03 
       8.252860067794e-03       1.277263542087e+03 
       8.384114752044e-03       1.286462633538e+03 
       8.515438233968e-03       1.295421935239e+03 
       8.646828105098e-03       1.304144442181e+03 
       8.778282111580e-03       1.312634683481e+03 
       8.909798143747e-03       1.320895014230e+03 
       9.041374226545e-03       1.328928649450e+03 
       9.173008510746e-03       1.336739197211e+03 
       9.304699264861e-03       1.344329510825e+03 
       9.436444867704e-03       1.351702875375e+03 
       9.568243801544e-03       1.358862227490e+03 
       9.700094645786e-03       1.365810408877e+03 
       9.831996071153e-03       1.372553188568e+03 
       9.963946834302e-03       1.379089814115e+03 
       1.009594577286e-02       1.385423722467e+03 
       1.022799180083e-02       1.391558841940e+03 
       1.036008390434e-02       1.397497671446e+03 
       1.049222113772e-02       1.403243243309e+03 
       1.062440261983e-02       1.408797119021e+03 
       1.075662753072e-02       1.414163925261e+03 
       1.088889510847e-02       1.419344719551e+03 
       1.102120464632e-02       1.424343348583e+03 
       1.115355548992e-02       1.429161999679e+03 
       1.128594703486e-02       1.433802455823e+03 
       1.141837872438e-02       1.438268411676e+03 
       1.155085004712e-02       1.442561304439e+03 
       1.168336053520e-02       1.446684672356e+03 
       1.181590976232e-02       1.450640380525e+03 
       1.194849734201e-02       1.454430453626e+03 
       1.208112292604e-02       1.458057737336e+03 
       1.221378620292e-02       1.461524816007e+03 
       1.234648689651e-02       1.464833150865e+03 
       1.247922476470e-02       1.467985570627e+03 
       1.261199959825e-02       1.470983964196e+03 
       1.274481121963e-02       1.473830713707e+03 
       1.287765948202e-02       1.476527840826e+03 
       1.301054426832e-02       1.479077445504e+03 
       1.314346549028e-02       1.481482220422e+03 
       1.327642308768e-02       1.483743403114e+03 
       1.340941702752e-02       1.485863692977e+03 
       1.354244730337e-02       1.487844733830e+03 
       1.367551393470e-02       1.489689022818e+03 
       1.380861696625e-02       1.491398383954e+03 
       1.394175646755e-02       1.492974767984e+03 
       1.407493253233e-02       1.494419618162e+03 
       1.420814527812e-02       1.495735586181e+03 
       1.434139484579e-02       1.496924361702e+03 
       1.447468139922e-02       1.497986539423e+03 
       1.460800512489e-02       1.498926302286e+03 
       1.474136623161e-02       1.499743397206e+03 
       1.487476495024e-02       1.500440727829e+03 
       1.500820153342e-02       1.501019908208e+03 
       1.514167625540e-02       1.501482874247e+03 
       1.527518941182e-02       1.501830583924e+03 
       1.540874131954e-02       1.502066133567e+03 
       1.554233231655e-02       1.502189815746e+03 
       1.567596276185e-02       1.502204410991e+03 
       1.580963303533e-02       1.502110696745e+03 
       1.594334353778e-02       1.501911606393e+03 
       1.607709469079e-02       1.501607744891e+03 
       1.621088693680e-02       1.501201219364e+03 
       1.634472073904e-02       1.500693428587e+03 
       1.647859658163e-02       1.500085363745e+03 
       1.661251496957e-02       1.499380551516e+03 
       1.674647642885e-02       1.498578936425e+03 
       1.688048150654e-02       1.497682075535e+03 
       1.701453077085e-02       1.496691643676e+03 
       1.714862481133e-02       1.495609560383e+03 
       1.728276423896e-02       1.494437180730e+03 
       1.741694968631e-02       1.493176400210e+03 
       1.755118180777e-02       1.491827716389e+03 
       1.768546127971e-02       1.490393584819e+03 
       1.781978880070e-02       1.488874431736e+03 
       1.795416509174e-02       1.487272814481e+03 
       1.808859089652e-02       1.485588739005e+03 
       1.822306698170e-02       1.483824164256e+03 
       1.835759413713e-02       1.481982818409e+03 
       1.849217317624e-02       1.480062690539e+03 
       1.862680493629e-02       1.478066044407e+03 
       1.876149027872e-02       1.475993150145e+03 
       1.889623008950e-02       1.473849967129e+03 
       1.903102527953e-02       1.471633025529e+03 
       1.916587678496e-02       1.469345446729e+03 
       1.930078556764e-02       1.466987734097e+03 
       1.943575261555e-02       1.464561226593e+03 
       1.957077894316e-02       1.462067806012e+03 
       1.970586559200e-02       1.459506960236e+03 
       1.984101363100e-02       1.456884914444e+03 
       1.997622415710e-02       1.454197582968e+03 
       2.011149829568e-02       1.451447636732e+03 
       2.024683720113e-02       1.448636509415e+03 
       2.038224205735e-02       1.445768179873e+03 
       2.051771407838e-02       1.442835673251e+03 
       2.065325450891e-02       1.439849927093e+03 
       2.078886462497e-02       1.436805136533e+03 
       2.092454573448e-02       1.433706565586e+03 
       2.106029917794e-02       1.430553202977e+03 
       2.119612632908e-02       1.427346517648e+03 
       2.133202859555e-02       1.424087932987e+03 
       2.146800741967e-02       1.420778184962e+03 
       2.160406427911e-02       1.417416706604e+03 
       2.174020068767e-02       1.414010112093e+03 
       2.187641819609e-02       1.410553859243e+03 
       2.201271839283e-02       1.407050753664e+03 
       2.214910290491e-02       1.403502669819e+03 
       2.228557339877e-02       1.399908014700e+03 
       2.242213158117e-02       1.396270900923e+03 
       2.255877920007e-02       1.392591087371e+03 
       2.269551804565e-02       1.388871949782e+03 
       2.283234995117e-02       1.385106938821e+03 
       2.296927679409e-02       1.381306068633e+03 
       2.310630049701e-02       1.377465042947e+03 
       2.324342302880e-02       1.373586077101e+03 
       2.338064640568e-02       1.369671855072e+03 
       2.351797269234e-02       1.365714922558e+03 
       2.365540400312e-02       1.361732125726e+03 
       2.379294250325e-02       1.357710837494e+03 
       2.393059041001e-02       1.353660938539e+03 
       2.406834999411e-02       1.349574451050e+03 
       2.420622358096e-02       1.345460268213e+03 
       2.434421355203e-02       1.341311908771e+03 
       2.448232234628e-02       1.337130983176e+03 
       2.462055246161e-02       1.332926885741e+03 
       2.475890645634e-02       1.328695370395e+03 
       2.489738695080e-02       1.324436573411e+03 
       2.503599662887e-02       1.320147688249e+03 
       2.517473823967e-02       1.315835308639e+03 
       2.531361459923e-02       1.311500342060e+03 
       2.545262859228e-02       1.307139074650e+03 
       2.559178317404e-02       1.302754554582e+03 
       2.573108137209e-02       1.298346057066e+03 
       2.587052628833e-02       1.293918675164e+03 
       2.601012110095e-02       1.289472553538e+03 
       2.614986906650e-02       1.285002480750e+03 
       2.628977352203e-02       1.280516485728e+03 
       2.642983788732e-02       1.276007969014e+03 
       2.657006566709e-02       1.271487342303e+03 
       2.671046045343e-02       1.266944414548e+03 
       2.685102592821e-02       1.262383666604e+03 
       2.699176586559e-02       1.257813774077e+03 
       2.713268413463e-02       1.253226610635e+03 
       2.727378470202e-02       1.248623940925e+03 
       2.741507163485e-02       1.244005052546e+03 
       2.755654910348e-02       1.239376845290e+03 
       2.769822138458e-02       1.234732307236e+03 
       2.784009286421e-02       1.230078458068e+03 
       2.798216804104e-02       1.225414131395e+03 
       2.812445152965e-02       1.220738800505e+03 
       2.826694806404e-02       1.216051618626e+03 
       2.840966250114e-02       1.211355155735e+03 
       2.855259982457e-02       1.206651838756e+03 
       2.869576514847e-02       1.201936184987e+03 
       2.883916372150e-02       1.197214647018e+03 
       2.898280093095e-02       1.192487678753e+03 
       2.912668230708e-02       1.187750778228e+03 
       2.927081352758e-02       1.183006744513e+03 
       2.941520042217e-02       1.178260826124e+03 
       2.955984897747e-02       1.173507961852e+03 
       2.970476534197e-02       1.168749754833e+03 
       2.984995583125e-02       1.163988339327e+03 
       2.999542693337e-02       1.159218574956e+03 
       3.014118531453e-02       1.154446169642e+03 
       3.028723782492e-02       1.149674824767e+03 
       3.043359150478e-02       1.144897611167e+03 
       3.058025359079e-02       1.140118866036e+03 
       3.072723152265e-02       1.135337963047e+03 
       3.087453294999e-02       1.130557078241e+03 
       3.102216573950e-02       1.125772596711e+03 
       3.117013798249e-02       1.120988581954e+03 
       3.131845800258e-02       1.116206838563e+03 
       3.146713436394e-02       1.111421767796e+03 
       3.161617587973e-02       1.106642453246e+03 
       3.176559162097e-02       1.101856967599e+03 
       3.191539092583e-02       1.097075241703e+03 
       3.206558340924e-02       1.092295017486e+03 
       3.221617897310e-02       1.087520427904e+03 
       3.236718781675e-02       1.082742799937e+03 
       3.251862044811e-02       1.077969822889e+03 
       3.267048769519e-02       1.073196448886e+03 
       3.282280071828e-02       1.068429623853e+03 
       3.297557102257e-02       1.063663879502e+03 
       3.312881047147e-02       1.058903141014e+03 
       3.328253130055e-02       1.054145684259e+03 
       3.343674613219e-02       1.049391006177e+03 
       3.359146799084e-02       1.044642209730e+03 
       3.374671031919e-02       1.039898068384e+03 
       3.390248699502e-02       1.035161516716e+03 
       3.405881234900e-02       1.030425672910e+03 
       3.421570118333e-02       1.025698857582e+03 
       3.437316879140e-02       1.020970531003e+03 
       3.453123097843e-02       1.016253273337e+03 
       3.468990408324e-02       1.011543636832e+03 
       3.484920500114e-02       1.006835871443e+03 
       3.500915120810e-02       1.002132908072e+03 
       3.516976078619e-02       9.974398199432e+02 
       3.533105245046e-02       9.927524105624e+02 
       3.549304557730e-02       9.880717655256e+02 
       3.565576023439e-02       9.833962357448e+02 
       3.581921721235e-02       9.787282196966e+02 
       3.598343805828e-02       9.740670957984e+02 
       3.614844511112e-02       9.694128069651e+02 
       3.631426153924e-02       9.647660347104e+02 
       3.648091138014e-02       9.601260471880e+02 
       3.664841958264e-02       9.554914234001e+02 
       3.681681205163e-02       9.508650558558e+02 
       3.698611569550e-02       9.462473052401e+02 
       3.715635847662e-02       9.416351402806e+02 
       3.732756946501e-02       9.370337778444e+02 
       3.749977889540e-02       9.324347982153e+02 
       3.767301822803e-02       9.278472045379e+02 
       3.784732021338e-02       9.232636855010e+02 
       3.802271896135e-02       9.186884974658e+02 
       3.819925001490e-02       9.141216125802e+02 
       3.837695042890e-02       9.095606336328e+02 
       3.855585885431e-02       9.050068830153e+02 
       3.873601562836e-02       9.004621742996e+02 
       3.891746287102e-02       8.959221587112e+02 
       3.910024458858e-02       8.913874450284e+02 
       3.928440678464e-02       8.868633014376e+02 
       3.946999757946e-02       8.823422381403e+02 
       3.965706733816e-02       8.778311212991e+02 
       3.984566880882e-02       8.733256588303e+02 
       4.003585727115e-02       8.688223641673e+02 
       4.022769069696e-02       8.643300782005e+02 
       4.042122992334e-02       8.598432044470e+02 
       4.061653883989e-02       8.553581027937e+02 
       4.081368459137e-02       8.508843989427e+02 
       4.101273779725e-02       8.464117230424e+02 
       4.121377278995e-02       8.419443337073e+02 
       4.141686787356e-02       8.374811005366e+02 
       4.162210560537e-02       8.330251573315e+02 
       4.182957310234e-02       8.285719308083e+02 
       4.203936237556e-02       8.241227398885e+02 
       4.225157069543e-02       8.196727890796e+02 
       4.246630099124e-02       8.152275558306e+02 
       4.268366228882e-02       8.107856126371e+02 
       4.290377019096e-02       8.063466561637e+02 
       4.312674740527e-02       8.019077240062e+02 
       4.335272432552e-02       7.974727019273e+02 
       4.358183967264e-02       7.930362296416e+02 
       4.381424120316e-02       7.886007031319e+02 
       4.405008649328e-02       7.841635588611e+02 
       4.428954380863e-02       7.797242613020e+02 
       4.453279307089e-02       7.752848562561e+02 
       4.478002693426e-02       7.708385449846e+02 
       4.503145198698e-02       7.663967417404e+02 
       4.528729009537e-02       7.619434564473e+02 
       4.554777991078e-02       7.574887637734e+02 
       4.581317856335e-02       7.530255038734e+02 
       4.608376357046e-02       7.485550258127e+02 
       4.635983499280e-02       7.440780528489e+02 
       4.664171787664e-02       7.395890927441e+02 
       4.692976502835e-02       7.350898576094e+02 
       4.722436017547e-02       7.305801501468e+02 
       4.752592157918e-02       7.260553111929e+02 
       4.783490617595e-02       7.215138470248e+02 
       4.815181434156e-02       7.169557550077e+02 
       4.847719538979e-02       7.123783550124e+02 
       4.881165394214e-02       7.077793235168e+02 
       4.915585733390e-02       7.031564665651e+02 
       4.951054425870e-02       6.985072171414e+02 
       4.987653489939e-02       6.938279564871e+02 
       5.025474285042e-02       6.891168135301e+02 
       5.064618920917e-02       6.843689697868e+02 
       5.105201930534e-02       6.795801207378e+02 
       5.147352265333e-02       6.747467402015e+02 
       5.191215686047e-02       6.698633945795e+02 
       5.236957641173e-02       6.649241245205e+02 
       5.284766749173e-02       6.599229918018e+02 
       5.334859031010e-02       6.548514838227e+02 
       5.387483078263e-02       6.497007003778e+02 
       5.442926390675e-02       6.444572946937e+02 
       5.501523176872e-02       6.391116906316e+02 
       5.563663983836e-02       6.336468011421e+02 
       5.629807602198e-02       6.280434374735e+02 
       5.700495776974e-02       6.222777689065e+02 
       5.776371315186e-02       6.163199928759e+02 
       5.858200173436e-02       6.101284950254e+02 
       5.946897927760e-02       6.036601056495e+02 
       6.043560473000e-02       5.968462514128e+02 
       6.149497492838e-02       5.896048898212e+02 
       6.266264530204e-02       5.818145181373e+02 
       6.395684365312e-02       5.733318251181e+02 
       6.539839699475e-02       5.639512071647e+02 
       6.701006564722e-02       5.534080744950e+02 
       6.881485182997e-02       5.413720761541e+02 
       7.083285901860e-02       5.274530802468e+02 
       7.307669820467e-02       5.112565700513e+02 
       7.554650319549e-02       4.924754327058e+02 
       7.822692778172e-02       4.710314704956e+02 
       8.108858242776e-02       4.471921779199e+02 
       8.409405529774e-02       4.216039845096e+02 
       8.720557178130e-02       3.952048723047e+02 
       9.039070476040e-02       3.690526122525e+02 
       9.362467854124e-02       3.441486374214e+02 
       9.689004178555e-02       3.213025608337e+02 
       1.001751562248e-01       3.010597458819e+02 
       1.034725315290e-01       2.836885769352e+02 
       1.067774545438e-01       2.691989827896e+02 
       1.100870010165e-01       2.573874133813e+02 
       1.133993722106e-01       2.478903148968e+02 
       1.167134674668e-01       2.402338250044e+02 
       1.200286153498e-01       2.338859315905e+02 
       1.233444069586e-01       2.283046643822e+02 
       1.266605934656e-01       2.229846805843e+02 
       1.299770234646e-01       2.174978465201e+02 
       1.332936047784e-01       2.115290809154e+02 
       1.366102812212e-01       2.048966273982e+02 
       1.399270184761e-01       1.975577873047e+02 
       1.432437955165e-01       1.895954893538e+02 
       1.465605993972e-01       1.811925082078e+02 
       1.498774220921e-01       1.725942649660e+02 
       1.531942585731e-01       1.640719584165e+02 
       1.565111056442e-01       1.558853188424e+02 
       1.598279612321e-01       1.482558888929e+02 
       1.631448239554e-01       1.413480681622e+02 
       1.664616928615e-01       1.352591570916e+02 
       1.697785672672e-01       1.300185670294e+02 
       1.730954466600e-01       1.255940558273e+02 
       1.764123306384e-01       1.219006121444e+02 
       1.797292188746e-01       1.188144255937e+02 
       1.830461110916e-01       1.161863659146e+02 
       1.863630070484e-01       1.138576238981e+02 
       1.896799065311e-01       1.116948075223e+02 
       1.929968093465e-01       1.095449171785e+02 
       1.963137153183e-01       1.072831471943e+02 
       1.996306242844e-01       1.048290761080e+02 
       2.029475360944e-01       1.021431473202e+02 
       2.062644506087e-01       9.922967497771e+01 
       2.095813676972e-01       9.612909072654e+01 
       2.128982872381e-01       9.290829254194e+01 
       2.162152091173e-01       8.964776391192e+01 
       2.195321332280e-01       8.642943017419e+01 
       2.228490594695e-01       8.332722150472e+01 
       2.261659877475e-01       8.040242519615e+01 
       2.294829179729e-01       7.769969561489e+01 
       2.327998500619e-01       7.524704055347e+01 
       2.361167839354e-01       7.305587660841e+01 
       2.394337195186e-01       7.112059313977e+01 
       2.427506567411e-01       6.941998317736e+01 
       2.460675955362e-01       6.791892767291e+01 
       2.493845358405e-01       6.657262591687e+01 
       2.527014775944e-01       6.533153244290e+01 
       2.560184207410e-01       6.414709636744e+01 
       2.593353652267e-01       6.297627185628e+01 
       2.626523110004e-01       6.178532023752e+01 
       2.659692580136e-01       6.055133084369e+01 
       2.692862062202e-01       5.926213461121e+01 
       2.726031555763e-01       5.791631153350e+01 
       2.759201060404e-01       5.651978685304e+01 
       2.792370575726e-01       5.508840573542e+01 
       2.825540101351e-01       5.364256160684e+01 
       2.858709636919e-01       5.220676606911e+01 
       2.891879182086e-01       5.080623914475e+01 
       2.925048736522e-01       4.946359037354e+01 
       2.958218299916e-01       4.819645236970e+01 
       2.991387871966e-01       4.701561997842e+01 
       3.024557452386e-01       4.592491738121e+01 
       3.057727040904e-01       4.492173953706e+01 
       3.090896637256e-01       4.399891443815e+01 
       3.124066241192e-01       4.314600748653e+01 
       3.157235852472e-01       4.235056272724e+01 
       3.190405470865e-01       4.159910187993e+01 
       3.223575096150e-01       4.087769463131e+01 
       3.256744728116e-01       4.017296456628e+01 
       3.289914366561e-01       3.947315752207e+01 
       3.323084011288e-01       3.876908513665e+01 
       3.356253662111e-01       3.805521669532e+01 
       3.389423318849e-01       3.732995654010e+01 
       3.422592981331e-01       3.659518166223e+01 
       3.455762649390e-01       3.585551700319e+01 
       3.488932322866e-01       3.511703791311e+01 
       3.522102001605e-01       3.438630982208e+01 
       3.555271685459e-01       3.366975683085e+01 
       3.588441374286e-01       3.297290315267e+01 
       3.621611067949e-01       3.230104265944e+01 
       3.654780766315e-01       3.165808906360e+01 
       3.687950469257e-01       3.104670609786e+01 
       3.721120176652e-01       3.046776805643e+01 
       3.754289888381e-01       2.992021172036e+01 
       3.787459604330e-01       2.940124445572e+01 
       3.820629324389e-01       2.890642709895e+01 
       3.853799048451e-01       2.843114684133e+01 
       3.886968776413e-01       2.797056970154e+01 
       3.920138508176e-01       2.752070625989e+01 
       3.953308243643e-01       2.707830238307e+01 
       3.986477982722e-01       2.664100423268e+01 
       4.019647725323e-01       2.620718645880e+01 
       4.052817471360e-01       2.577568239384e+01 
       4.085987220747e-01       2.534609196290e+01 
       4.119156973405e-01       2.491867265355e+01 
       4.152326729253e-01       2.449448739408e+01 
       4.185496488217e-01       2.407522676818e+01 
       4.218666250222e-01       2.366293687185e+01 
       4.251836015197e-01       2.325956775975e+01 
       4.285005783072e-01       2.286671778553e+01 
       4.318175553781e-01       2.248531465048e+01 
       4.351345327259e-01       2.211581323492e+01 
       4.384515103442e-01       2.175824909177e+01 
       4.417684882269e-01       2.141245835540e+01 
       4.450854663681e-01       2.107815758231e+01 
       4.484024447620e-01       2.075490561839e+01 
       4.517194234031e-01       2.044197230688e+01 
       4.550364022859e-01       2.013829335416e+01 
       4.583533814051e-01       1.984254682418e+01 
       4.616703607557e-01       1.955318662532e+01 
       4.649873403326e-01       1.926897104373e+01 
       4.683043201311e-01       1.898885592626e+01 
       4.716213001465e-01       1.871229148022e+01 
       4.749382803741e-01       1.843905600249e+01 
       4.782552608096e-01       1.816917945962e+01 
       4.815722414486e-01       1.790275786914e+01 
       4.848892222871e-01       1.763988041755e+01 
       4.882062033207e-01       1.738072913530e+01 
       4.915231845457e-01       1.712564945399e+01 
       4.948401659582e-01       1.687510004260e+01 
       4.981571475544e-01       1.662968532562e+01 
       5.014741293306e-01       1.639002585329e+01 
       5.047911112832e-01       1.615647918842e+01 
       5.081080934089e-01       1.592915170492e+01 
       5.114250757042e-01       1.570788831828e+01 
       5.147420581659e-01       1.549223479081e+01 
       5.180590407907e-01       1.528171174762e+01 
       5.213760235755e-01       1.507587917641e+01 
       5.246930065173e-01       1.487441572368e+01 
       5.280099896131e-01       1.467697837826e+01 
       5.313269728601e-01       1.448329834360e+01 
       5.346439562553e-01       1.429300216482e+01 
       5.379609397960e-01       1.410568944711e+01 
       5.412779234796e-01       1.392106984069e+01 
       5.445949073034e-01       1.373885172142e+01 
       5.479118912649e-01       1.355915626622e+01 
       5.512288753616e-01       1.338203086735e+01 
       5.545458595911e-01       1.320775007612e+01 
       5.578628439509e-01       1.303647347464e+01 
       5.611798284388e-01       1.286828559020e+01 
       5.644968130525e-01       1.270317152825e+01 
       5.678137977898e-01       1.254106164251e+01 
       5.711307826486e-01       1.238188661177e+01 
       5.744477676266e-01       1.222568243999e+01 
       5.777647527219e-01       1.207249639013e+01 
       5.810817379324e-01       1.192239141467e+01 
       5.843987232562e-01       1.177534274976e+01 
       5.877157086914e-01       1.163124278820e+01 
       5.910326942360e-01       1.148982603730e+01 
       5.943496798883e-01       1.135091609528e+01 
       5.976666656464e-01       1.121430886018e+01 
       6.009836515086e-01       1.107985182016e+01 
       6.043006374731e-01       1.094754994214e+01 
       6.076176235383e-01       1.081739085218e+01 
       6.109346097026e-01       1.068934621368e+01 
       6.142515959643e-01       1.056332921803e+01 
       6.175685823218e-01       1.043920225734e+01 
       6.208855687737e-01       1.031685091496e+01 
       6.242025553184e-01       1.019622692096e+01 
       6.275195419544e-01       1.007735651350e+01 
       6.308365286802e-01       9.960340188380e+00 
       6.341535154946e-01       9.845270125011e+00 
       6.374705023960e-01       9.732185699492e+00 
       6.407874893832e-01       9.621061417765e+00 
       6.441044764548e-01       9.511805815257e+00 
       6.474214636094e-01       9.404314066002e+00 
       6.507384508459e-01       9.298515773107e+00 
       6.540554381630e-01       9.194399984928e+00 
       6.573724255594e-01       9.091990483775e+00 
       6.606894130340e-01       8.991295013964e+00 
       6.640064005856e-01       8.892284623498e+00 
       6.673233882130e-01       8.794872748456e+00 
       6.706403759152e-01       8.698940758261e+00 
       6.739573636909e-01       8.604376354558e+00 
       6.772743515391e-01       8.511113916191e+00 
       6.805913394588e-01       8.419157834605e+00 
       6.839083274489e-01       8.328539457351e+00 
       6.872253155084e-01       8.239294178847e+00 
       6.905423036363e-01       8.151415535863e+00 
       6.938592918316e-01       8.064858192565e+00 
       6.971762800933e-01       7.979548946435e+00 
       7.004932684205e-01       7.895414335167e+00 
       7.038102568123e-01       7.812427922081e+00 
       7.071272452677e-01       7.730620918535e+00 
       7.104442337859e-01       7.650032478163e+00 
       7.137612223660e-01       7.570680065220e+00 
       7.170782110071e-01       7.492584614993e+00 
       7.203951997084e-01       7.415680315458e+00 
       7.237121884690e-01       7.339886328416e+00 
       7.270291772882e-01       7.265136325366e+00 
       7.303461661651e-01       7.191395038606e+00 
       7.336631550989e-01       7.118675603051e+00 
       7.369801440890e-01       7.046999713346e+00 
       7.402971331344e-01       6.976378672014e+00 
       7.436141222346e-01       6.906803922168e+00 
       7.469311113886e-01       6.838211642757e+00 
       7.502481005960e-01       6.770534553999e+00 
       7.535650898558e-01       6.703726495177e+00 
       8.169495405196e-01       5.585677394502e+00 
       9.050651070178e-01       4.422233535747e+00 
       1.040048851268e+00       3.208902588552e+00 
       1.258908209110e+00       2.051906423531e+00 
       1.576798569480e+00       1.200418176156e+00 
       1.984806901155e+00       6.877211234428e-01 
       2.498722028240e+00       3.905946538868e-01 
       3.145704656359e+00       2.201684869782e-01 
       3.960207529889e+00       1.232510226571e-01 
       4.985605895356e+00       6.856358883666e-02 
       6.276505954855e+00       3.792243720330e-02 
       7.901652843844e+00       2.086469557743e-02 
       9.947591560291e+00       1.142383955642e-02 
       1.252327580140e+01       6.226769855241e-03 
       1.576587014529e+01       3.379853767330e-03 
       1.984805456495e+01       1.827399362038e-03 
       2.498722026649e+01       9.844177071211e-04 
       3.145704656359e+01       5.284546692465e-04 
       3.960207529889e+01       2.827193275039e-04 
       4.985605895356e+01       1.507449737820e-04 
       6.276505954855e+01       8.009484489746e-05 
       7.901652843844e+01       4.239668108287e-05 
       9.947591560291e+01       2.234472900226e-05 
       1.252327580140e+02       1.171435609339e-05 
       1.576587014529e+02       6.099567319625e-06 
       1.984805456495e+02       3.147348902826e-06 
       2.498722026649e+02       1.604236939147e-06 
       3.145704656359e+02       8.045654773634e-07 
       3.960207529889e+02       3.955047584730e-07 
       4.985605895356e+02       1.902562162375e-07 
       6.276505954855e+02       8.987803613852e-08 
       7.901652843844e+02       4.209092951246e-08 
       9.947591560291e+02       1.970365912943e-08 
       1.252327580140e+03       9.241845811354e-09 
