# Matter power spectrum P(k) at redshift z=3.5
# for k=1.04662e-05 to 1252.33 h/Mpc,
# number of wavenumbers equal to 625
#    1:k (h/Mpc)              2:P (Mpc/h)^3        
       1.046615463745e-05       3.537649701800e+00 
       2.376038198236e-05       7.923894154621e+00 
       3.710349534755e-05       1.227649499406e+01 
       5.053373918547e-05       1.662494202464e+01 
       6.409002286981e-05       2.098934525726e+01 
       7.781229016556e-05       2.538669573253e+01 
       9.174190112708e-05       2.983274422165e+01 
       1.059220318115e-04       3.434283448786e+01 
       1.203980972332e-04       3.893237610370e+01 
       1.352182030212e-04       4.361716705240e+01 
       1.504336312308e-04       4.841364806735e+01 
       1.660993656557e-04       5.333912544953e+01 
       1.822746616995e-04       5.841198004397e+01 
       1.990236653020e-04       6.365187447693e+01 
       2.164160844181e-04       6.907996223516e+01 
       2.345279149384e-04       7.471910244200e+01 
       2.534422204530e-04       8.059408207263e+01 
       2.732499615879e-04       8.673184218601e+01 
       2.940508653643e-04       9.316170670071e+01 
       3.159543176948e-04       9.991560681987e+01 
       3.390802521723e-04       1.070282903481e+02 
       3.635599952194e-04       1.145375034561e+02 
       3.895370109835e-04       1.224841243155e+02 
       4.171674689393e-04       1.309122227660e+02 
       4.466205333915e-04       1.398690132378e+02 
       4.780782483270e-04       1.494046615858e+02 
       5.117348661769e-04       1.595718969009e+02 
       5.477954498908e-04       1.704253796302e+02 
       5.864735715359e-04       1.820207744436e+02 
       6.279879469527e-04       1.944134895451e+02 
       6.725578955390e-04       2.076570593512e+02 
       7.203976063313e-04       2.218011848986e+02 
       7.717093298790e-04       2.368894949456e+02 
       8.266757926854e-04       2.529571473333e+02 
       8.854523243233e-04       2.700284514795e+02 
       9.481593574820e-04       2.881147348312e+02 
       1.014876058753e-03       3.072127122366e+02 
       1.085635827580e-03       3.273035704698e+02 
       1.160424239958e-03       3.483529254924e+02 
       1.239179727688e-03       3.703117064808e+02 
       1.321796928534e-03       3.931178685544e+02 
       1.408132297896e-03       4.166987647157e+02 
       1.498011316077e-03       4.409739104603e+02 
       1.591236505675e-03       4.658578445698e+02 
       1.687595497339e-03       4.912628639274e+02 
       1.786868517943e-03       5.171014278359e+02 
       1.888834871686e-03       5.432881427270e+02 
       1.993278190033e-03       5.697412627462e+02 
       2.099990403001e-03       5.963837973597e+02 
       2.208774512640e-03       6.231441720719e+02 
       2.319446326928e-03       6.499557404328e+02 
       2.431835346064e-03       6.767595925517e+02 
       2.545784995326e-03       7.035019422736e+02 
       2.661152381292e-03       7.301347421926e+02 
       2.777807721218e-03       7.566151858001e+02 
       2.895633565607e-03       7.829058282488e+02 
       3.014523905780e-03       8.089736504242e+02 
       3.134383233717e-03       8.347899768632e+02 
       3.255125601351e-03       8.603299000443e+02 
       3.376673710775e-03       8.855718529134e+02 
       3.498958054978e-03       9.104974135775e+02 
       3.621916120120e-03       9.350906697393e+02 
       3.745491654238e-03       9.593383946564e+02 
       3.869634003183e-03       9.832292574959e+02 
       3.994297511863e-03       1.006753835934e+03 
       4.119440987235e-03       1.029904568364e+03 
       4.245027218577e-03       1.052675397201e+03 
       4.371022550148e-03       1.075061942321e+03 
       4.497396501295e-03       1.097060231129e+03 
       4.624121429184e-03       1.118668258432e+03 
       4.751172229615e-03       1.139884234067e+03 
       4.878526071723e-03       1.160707788345e+03 
       5.006162162716e-03       1.181138941879e+03 
       5.134061539207e-03       1.201178221202e+03 
       5.262206882030e-03       1.220827226993e+03 
       5.390582351791e-03       1.240087307001e+03 
       5.519173442700e-03       1.258960825052e+03 
       5.647966852537e-03       1.277450472788e+03 
       5.776950366838e-03       1.295558822298e+03 
       5.906112755635e-03       1.313289493208e+03 
       6.035443681281e-03       1.330645370461e+03 
       6.164933616064e-03       1.347630158517e+03 
       6.294573768474e-03       1.364247975765e+03 
       6.424356017137e-03       1.380502228325e+03 
       6.554272851536e-03       1.396397104907e+03 
       6.684317318752e-03       1.411936894854e+03 
       6.814482975552e-03       1.427125395098e+03 
       6.944763845229e-03       1.441967074072e+03 
       7.075154378676e-03       1.456466637401e+03 
       7.205649419222e-03       1.470628143854e+03 
       7.336244170848e-03       1.484455545385e+03 
       7.466934169390e-03       1.497953895536e+03 
       7.597715256448e-03       1.511127180444e+03 
       7.728583555693e-03       1.523979386832e+03 
       7.859535451344e-03       1.536515860344e+03 
       7.990567568576e-03       1.548740167967e+03 
       8.121676755680e-03       1.560656135261e+03 
       8.252860067794e-03       1.572269330193e+03 
       8.384114752044e-03       1.583582787579e+03 
       8.515438233968e-03       1.594601041473e+03 
       8.646828105098e-03       1.605327787209e+03 
       8.778282111580e-03       1.615768597738e+03 
       8.909798143747e-03       1.625926384728e+03 
       9.041374226545e-03       1.635805110587e+03 
       9.173008510746e-03       1.645409070476e+03 
       9.304699264861e-03       1.654744568671e+03 
       9.436444867704e-03       1.663811035505e+03 
       9.568243801544e-03       1.672613985678e+03 
       9.700094645786e-03       1.681157089473e+03 
       9.831996071153e-03       1.689444836690e+03 
       9.963946834302e-03       1.697480187191e+03 
       1.009594577286e-02       1.705266491052e+03 
       1.022799180083e-02       1.712808147828e+03 
       1.036008390434e-02       1.720108208398e+03 
       1.049222113772e-02       1.727170410513e+03 
       1.062440261983e-02       1.733996673437e+03 
       1.075662753072e-02       1.740592696381e+03 
       1.088889510847e-02       1.746959784727e+03 
       1.102120464632e-02       1.753102676063e+03 
       1.115355548992e-02       1.759024068274e+03 
       1.128594703486e-02       1.764726157353e+03 
       1.141837872438e-02       1.770213492634e+03 
       1.155085004712e-02       1.775487845383e+03 
       1.168336053520e-02       1.780553571107e+03 
       1.181590976232e-02       1.785412964908e+03 
       1.194849734201e-02       1.790068519157e+03 
       1.208112292604e-02       1.794523736288e+03 
       1.221378620292e-02       1.798781795831e+03 
       1.234648689651e-02       1.802844495216e+03 
       1.247922476470e-02       1.806715315458e+03 
       1.261199959825e-02       1.810396581684e+03 
       1.274481121963e-02       1.813891226287e+03 
       1.287765948202e-02       1.817201738618e+03 
       1.301054426832e-02       1.820330705126e+03 
       1.314346549028e-02       1.823281442999e+03 
       1.327642308768e-02       1.826055478142e+03 
       1.340941702752e-02       1.828656135688e+03 
       1.354244730337e-02       1.831085443636e+03 
       1.367551393470e-02       1.833346477346e+03 
       1.380861696625e-02       1.835441520361e+03 
       1.394175646755e-02       1.837372922022e+03 
       1.407493253233e-02       1.839142452714e+03 
       1.420814527812e-02       1.840753375391e+03 
       1.434139484579e-02       1.842207774095e+03 
       1.447468139922e-02       1.843506412575e+03 
       1.460800512489e-02       1.844654423071e+03 
       1.474136623161e-02       1.845651504767e+03 
       1.487476495024e-02       1.846501219134e+03 
       1.500820153342e-02       1.847205565261e+03 
       1.514167625540e-02       1.847766923254e+03 
       1.527518941182e-02       1.848186474356e+03 
       1.540874131954e-02       1.848468030794e+03 
       1.554233231655e-02       1.848611955064e+03 
       1.567596276185e-02       1.848621670252e+03 
       1.580963303533e-02       1.848498135306e+03 
       1.594334353778e-02       1.848244961397e+03 
       1.607709469079e-02       1.847862894738e+03 
       1.621088693680e-02       1.847354530307e+03 
       1.634472073904e-02       1.846721590108e+03 
       1.647859658163e-02       1.845965295263e+03 
       1.661251496957e-02       1.845089988033e+03 
       1.674647642885e-02       1.844095600768e+03 
       1.688048150654e-02       1.842984050015e+03 
       1.701453077085e-02       1.841757398363e+03 
       1.714862481133e-02       1.840418007884e+03 
       1.728276423896e-02       1.838967548375e+03 
       1.741694968631e-02       1.837408352442e+03 
       1.755118180777e-02       1.835741032419e+03 
       1.768546127971e-02       1.833968611049e+03 
       1.781978880070e-02       1.832091613015e+03 
       1.795416509174e-02       1.830113185390e+03 
       1.808859089652e-02       1.828033336205e+03 
       1.822306698170e-02       1.825854475887e+03 
       1.835759413713e-02       1.823581192603e+03 
       1.849217317624e-02       1.821211013287e+03 
       1.862680493629e-02       1.818746720399e+03 
       1.876149027872e-02       1.816188650883e+03 
       1.889623008950e-02       1.813544133696e+03 
       1.903102527953e-02       1.810808902181e+03 
       1.916587678496e-02       1.807986796417e+03 
       1.930078556764e-02       1.805078437365e+03 
       1.943575261555e-02       1.802085469429e+03 
       1.957077894316e-02       1.799010212472e+03 
       1.970586559200e-02       1.795852038739e+03 
       1.984101363100e-02       1.792618601859e+03 
       1.997622415710e-02       1.789304879259e+03 
       2.011149829568e-02       1.785914156037e+03 
       2.024683720113e-02       1.782448202057e+03 
       2.038224205735e-02       1.778911909443e+03 
       2.051771407838e-02       1.775296694085e+03 
       2.065325450891e-02       1.771616024232e+03 
       2.078886462497e-02       1.767862748529e+03 
       2.092454573448e-02       1.764043354407e+03 
       2.106029917794e-02       1.760156589151e+03 
       2.119612632908e-02       1.756204268986e+03 
       2.133202859555e-02       1.752188144048e+03 
       2.146800741967e-02       1.748109123559e+03 
       2.160406427911e-02       1.743966504123e+03 
       2.174020068767e-02       1.739768432779e+03 
       2.187641819609e-02       1.735509322945e+03 
       2.201271839283e-02       1.731192619202e+03 
       2.214910290491e-02       1.726820641789e+03 
       2.228557339877e-02       1.722391421622e+03 
       2.242213158117e-02       1.717910021747e+03 
       2.255877920007e-02       1.713376156854e+03 
       2.269551804565e-02       1.708793970210e+03 
       2.283234995117e-02       1.704155407057e+03 
       2.296927679409e-02       1.699472799354e+03 
       2.310630049701e-02       1.694740851258e+03 
       2.324342302880e-02       1.689962291026e+03 
       2.338064640568e-02       1.685140428609e+03 
       2.351797269234e-02       1.680266093493e+03 
       2.365540400312e-02       1.675360002401e+03 
       2.379294250325e-02       1.670406633116e+03 
       2.393059041001e-02       1.665418136604e+03 
       2.406834999411e-02       1.660384700156e+03 
       2.420622358096e-02       1.655317266369e+03 
       2.434421355203e-02       1.650207864990e+03 
       2.448232234628e-02       1.645058467598e+03 
       2.462055246161e-02       1.639880636318e+03 
       2.475890645634e-02       1.634669158702e+03 
       2.489738695080e-02       1.629424187019e+03 
       2.503599662887e-02       1.624142270578e+03 
       2.517473823967e-02       1.618831529449e+03 
       2.531361459923e-02       1.613493077218e+03 
       2.545262859228e-02       1.608122342920e+03 
       2.559178317404e-02       1.602723081320e+03 
       2.573108137209e-02       1.597294391133e+03 
       2.587052628833e-02       1.591842540008e+03 
       2.601012110095e-02       1.586367707219e+03 
       2.614986906650e-02       1.580863474535e+03 
       2.628977352203e-02       1.575339734199e+03 
       2.642983788732e-02       1.569788351244e+03 
       2.657006566709e-02       1.564222140913e+03 
       2.671046045343e-02       1.558628561153e+03 
       2.685102592821e-02       1.553013124107e+03 
       2.699176586559e-02       1.547386500630e+03 
       2.713268413463e-02       1.541738694808e+03 
       2.727378470202e-02       1.536071877409e+03 
       2.741507163485e-02       1.530385161776e+03 
       2.755654910348e-02       1.524687046892e+03 
       2.769822138458e-02       1.518968900392e+03 
       2.784009286421e-02       1.513239359913e+03 
       2.798216804104e-02       1.507496980431e+03 
       2.812445152965e-02       1.501741116185e+03 
       2.826694806404e-02       1.495970730722e+03 
       2.840966250114e-02       1.490188979094e+03 
       2.855259982457e-02       1.484398845773e+03 
       2.869576514847e-02       1.478593585967e+03 
       2.883916372150e-02       1.472781135674e+03 
       2.898280093095e-02       1.466962056281e+03 
       2.912668230708e-02       1.461130792905e+03 
       2.927081352758e-02       1.455290814207e+03 
       2.941520042217e-02       1.449448554720e+03 
       2.955984897747e-02       1.443597784364e+03 
       2.970476534197e-02       1.437740499096e+03 
       2.984995583125e-02       1.431879299753e+03 
       2.999542693337e-02       1.426007863301e+03 
       3.014118531453e-02       1.420133228897e+03 
       3.028723782492e-02       1.414259931277e+03 
       3.043359150478e-02       1.408379454368e+03 
       3.058025359079e-02       1.402497129805e+03 
       3.072723152265e-02       1.396612186541e+03 
       3.087453294999e-02       1.390727300315e+03 
       3.102216573950e-02       1.384838026110e+03 
       3.117013798249e-02       1.378949358359e+03 
       3.131845800258e-02       1.373063519308e+03 
       3.146713436394e-02       1.367173613087e+03 
       3.161617587973e-02       1.361290833605e+03 
       3.176559162097e-02       1.355400489912e+03 
       3.191539092583e-02       1.349514797667e+03 
       3.206558340924e-02       1.343630987810e+03 
       3.221617897310e-02       1.337754140468e+03 
       3.236718781675e-02       1.331873584527e+03 
       3.251862044811e-02       1.325998781254e+03 
       3.267048769519e-02       1.320123519119e+03 
       3.282280071828e-02       1.314256341851e+03 
       3.297557102257e-02       1.308390523410e+03 
       3.312881047147e-02       1.302530893265e+03 
       3.328253130055e-02       1.296675323091e+03 
       3.343674613219e-02       1.290823200377e+03 
       3.359146799084e-02       1.284978344999e+03 
       3.374671031919e-02       1.279139235786e+03 
       3.390248699502e-02       1.273309491347e+03 
       3.405881234900e-02       1.267480643125e+03 
       3.421570118333e-02       1.261662926540e+03 
       3.437316879140e-02       1.255843376502e+03 
       3.453123097843e-02       1.250037462783e+03 
       3.468990408324e-02       1.244240952117e+03 
       3.484920500114e-02       1.238446770350e+03 
       3.500915120810e-02       1.232658519536e+03 
       3.516976078619e-02       1.226882436649e+03 
       3.533105245046e-02       1.221113367171e+03 
       3.549304557730e-02       1.215352639930e+03 
       3.565576023439e-02       1.209598224932e+03 
       3.581921721235e-02       1.203853082240e+03 
       3.598343805828e-02       1.198116437411e+03 
       3.614844511112e-02       1.192388227922e+03 
       3.631426153924e-02       1.186669285497e+03 
       3.648091138014e-02       1.180958712315e+03 
       3.664841958264e-02       1.175254759446e+03 
       3.681681205163e-02       1.169560989125e+03 
       3.698611569550e-02       1.163877837023e+03 
       3.715635847662e-02       1.158201584676e+03 
       3.732756946501e-02       1.152538641599e+03 
       3.749977889540e-02       1.146878656477e+03 
       3.767301822803e-02       1.141232700983e+03 
       3.784732021338e-02       1.135591783007e+03 
       3.802271896135e-02       1.129961141598e+03 
       3.819925001490e-02       1.124340732798e+03 
       3.837695042890e-02       1.118727616904e+03 
       3.855585885431e-02       1.113123422422e+03 
       3.873601562836e-02       1.107530377204e+03 
       3.891746287102e-02       1.101943136617e+03 
       3.910024458858e-02       1.096362439705e+03 
       3.928440678464e-02       1.090794777800e+03 
       3.946999757946e-02       1.085230936527e+03 
       3.965706733816e-02       1.079679357507e+03 
       3.984566880882e-02       1.074134762141e+03 
       4.003585727115e-02       1.068592870400e+03 
       4.022769069696e-02       1.063064553465e+03 
       4.042122992334e-02       1.057542917491e+03 
       4.061653883989e-02       1.052023501468e+03 
       4.081368459137e-02       1.046518138118e+03 
       4.101273779725e-02       1.041014067870e+03 
       4.121377278995e-02       1.035516537363e+03 
       4.141686787356e-02       1.030024153479e+03 
       4.162210560537e-02       1.024540767180e+03 
       4.182957310234e-02       1.019060758335e+03 
       4.203936237556e-02       1.013585745352e+03 
       4.225157069543e-02       1.008109831305e+03 
       4.246630099124e-02       1.002639749730e+03 
       4.268366228882e-02       9.971737551017e+02 
       4.290377019096e-02       9.917114536169e+02 
       4.312674740527e-02       9.862492148652e+02 
       4.335272432552e-02       9.807918137210e+02 
       4.358183967264e-02       9.753326549699e+02 
       4.381424120316e-02       9.698746858135e+02 
       4.405008649328e-02       9.644147525512e+02 
       4.428954380863e-02       9.589521829670e+02 
       4.453279307089e-02       9.534895054215e+02 
       4.478002693426e-02       9.480183488917e+02 
       4.503145198698e-02       9.425527481611e+02 
       4.528729009537e-02       9.370730411423e+02 
       4.554777991078e-02       9.315916054208e+02 
       4.581317856335e-02       9.260996411415e+02 
       4.608376357046e-02       9.205987973883e+02 
       4.635983499280e-02       9.150899689267e+02 
       4.664171787664e-02       9.095663854623e+02 
       4.692976502835e-02       9.040301592916e+02 
       4.722436017547e-02       8.984810408480e+02 
       4.752592157918e-02       8.929132985848e+02 
       4.783490617595e-02       8.873250936806e+02 
       4.815181434156e-02       8.817164110729e+02 
       4.847719538979e-02       8.760839538272e+02 
       4.881165394214e-02       8.704248709092e+02 
       4.915585733390e-02       8.647364532609e+02 
       4.951054425870e-02       8.590155484652e+02 
       4.987653489939e-02       8.532577014917e+02 
       5.025474285042e-02       8.474606014879e+02 
       5.064618920917e-02       8.416183291404e+02 
       5.105201930534e-02       8.357255879145e+02 
       5.147352265333e-02       8.297780337792e+02 
       5.191215686047e-02       8.237689991557e+02 
       5.236957641173e-02       8.176911364375e+02 
       5.284766749173e-02       8.115371505417e+02 
       5.334859031010e-02       8.052965729884e+02 
       5.387483078263e-02       7.989584453971e+02 
       5.442926390675e-02       7.925063559949e+02 
       5.501523176872e-02       7.859285243703e+02 
       5.563663983836e-02       7.792039195975e+02 
       5.629807602198e-02       7.723089426857e+02 
       5.700495776974e-02       7.652142673202e+02 
       5.776371315186e-02       7.578832133894e+02 
       5.858200173436e-02       7.502646039182e+02 
       5.946897927760e-02       7.423053058986e+02 
       6.043560473000e-02       7.339209761127e+02 
       6.149497492838e-02       7.250106992983e+02 
       6.266264530204e-02       7.154250547180e+02 
       6.395684365312e-02       7.049878254345e+02 
       6.539839699475e-02       6.934462365522e+02 
       6.701006564722e-02       6.804750046798e+02 
       6.881485182997e-02       6.656680040470e+02 
       7.083285901860e-02       6.485455692694e+02 
       7.307669820467e-02       6.286227271639e+02 
       7.554650319549e-02       6.055221895019e+02 
       7.822692778172e-02       5.791481838086e+02 
       8.108858242776e-02       5.498297941696e+02 
       8.409405529774e-02       5.183620106611e+02 
       8.720557178130e-02       4.858983146210e+02 
       9.039070476040e-02       4.537391842629e+02 
       9.362467854124e-02       4.231157873107e+02 
       9.689004178555e-02       3.950234458788e+02 
       1.001751562248e-01       3.701324394353e+02 
       1.034725315290e-01       3.487726081246e+02 
       1.067774545438e-01       3.309560098034e+02 
       1.100870010165e-01       3.164322330788e+02 
       1.133993722106e-01       3.047542491679e+02 
       1.167134674668e-01       2.953393833447e+02 
       1.200286153498e-01       2.875335259496e+02 
       1.233444069586e-01       2.806703561155e+02 
       1.266605934656e-01       2.741285732636e+02 
       1.299770234646e-01       2.673818432419e+02 
       1.332936047784e-01       2.600428058786e+02 
       1.366102812212e-01       2.518880114781e+02 
       1.399270184761e-01       2.428649812881e+02 
       1.432437955165e-01       2.330756477817e+02 
       1.465605993972e-01       2.227447082649e+02 
       1.498774220921e-01       2.121738590531e+02 
       1.531942585731e-01       2.016964763849e+02 
       1.565111056442e-01       1.916318508086e+02 
       1.598279612321e-01       1.822523041303e+02 
       1.631448239554e-01       1.737599261301e+02 
       1.664616928615e-01       1.662743146562e+02 
       1.697785672672e-01       1.598316074594e+02 
       1.730954466600e-01       1.543921588363e+02 
       1.764123306384e-01       1.498514530091e+02 
       1.797292188746e-01       1.460572815443e+02 
       1.830461110916e-01       1.428263150259e+02 
       1.863630070484e-01       1.399633211978e+02 
       1.896799065311e-01       1.373043262615e+02 
       1.929968093465e-01       1.346612401403e+02 
       1.963137153183e-01       1.318806458195e+02 
       1.996306242844e-01       1.288636830597e+02 
       2.029475360944e-01       1.255617223793e+02 
       2.062644506087e-01       1.219800702614e+02 
       2.095813676972e-01       1.181684282190e+02 
       2.128982872381e-01       1.142090290920e+02 
       2.162152091173e-01       1.102008110125e+02 
       2.195321332280e-01       1.062444783948e+02 
       2.228490594695e-01       1.024309123127e+02 
       2.261659877475e-01       9.883544544506e+01 
       2.294829179729e-01       9.551297121745e+01 
       2.327998500619e-01       9.249791616779e+01 
       2.361167839354e-01       8.980430955353e+01 
       2.394337195186e-01       8.742525605607e+01 
       2.427506567411e-01       8.533468512393e+01 
       2.460675955362e-01       8.348942359710e+01 
       2.493845358405e-01       8.183440129676e+01 
       2.527014775944e-01       8.030871031578e+01 
       2.560184207410e-01       7.885267234420e+01 
       2.593353652267e-01       7.741336993508e+01 
       2.626523110004e-01       7.594933206520e+01 
       2.659692580136e-01       7.443239537343e+01 
       2.692862062202e-01       7.284759957497e+01 
       2.726031555763e-01       7.119320073255e+01 
       2.759201060404e-01       6.947648122518e+01 
       2.792370575726e-01       6.771691877350e+01 
       2.825540101351e-01       6.593958232840e+01 
       2.858709636919e-01       6.417460122429e+01 
       2.891879182086e-01       6.245297845741e+01 
       2.925048736522e-01       6.080250431747e+01 
       2.958218299916e-01       5.924485409342e+01 
       2.991387871966e-01       5.779329664954e+01 
       3.024557452386e-01       5.645253386907e+01 
       3.057727040904e-01       5.521936147123e+01 
       3.090896637256e-01       5.408496382426e+01 
       3.124066241192e-01       5.303651347656e+01 
       3.157235852472e-01       5.205870076501e+01 
       3.190405470865e-01       5.113495464101e+01 
       3.223575096150e-01       5.024815368752e+01 
       3.256744728116e-01       4.938185449095e+01 
       3.289914366561e-01       4.852160784099e+01 
       3.323084011288e-01       4.765612043950e+01 
       3.356253662111e-01       4.677859087996e+01 
       3.389423318849e-01       4.588706106720e+01 
       3.422592981331e-01       4.498383667890e+01 
       3.455762649390e-01       4.407460254806e+01 
       3.488932322866e-01       4.316682605387e+01 
       3.522102001605e-01       4.226857976638e+01 
       3.555271685459e-01       4.138775822287e+01 
       3.588441374286e-01       4.053115338965e+01 
       3.621611067949e-01       3.970527102367e+01 
       3.654780766315e-01       3.891492325334e+01 
       3.687950469257e-01       3.816338315298e+01 
       3.721120176652e-01       3.745172590131e+01 
       3.754289888381e-01       3.677864531981e+01 
       3.787459604330e-01       3.614070709983e+01 
       3.820629324389e-01       3.553245579983e+01 
       3.853799048451e-01       3.494821998877e+01 
       3.886968776413e-01       3.438205812854e+01 
       3.920138508176e-01       3.382906694176e+01 
       3.953308243643e-01       3.328524498898e+01 
       3.986477982722e-01       3.274769997770e+01 
       4.019647725323e-01       3.221443383725e+01 
       4.052817471360e-01       3.168401174844e+01 
       4.085987220747e-01       3.115594279081e+01 
       4.119156973405e-01       3.063054241690e+01 
       4.152326729253e-01       3.010911881284e+01 
       4.185496488217e-01       2.959374832115e+01 
       4.218666250222e-01       2.908694674359e+01 
       4.251836015197e-01       2.859111156730e+01 
       4.285005783072e-01       2.810820642836e+01 
       4.318175553781e-01       2.763937286524e+01 
       4.351345327259e-01       2.718516919346e+01 
       4.384515103442e-01       2.674563934294e+01 
       4.417684882269e-01       2.632058227184e+01 
       4.450854663681e-01       2.590964853669e+01 
       4.484024447620e-01       2.551229707184e+01 
       4.517194234031e-01       2.512762928840e+01 
       4.550364022859e-01       2.475433701662e+01 
       4.583533814051e-01       2.439079645308e+01 
       4.616703607557e-01       2.403510547908e+01 
       4.649873403326e-01       2.368573929016e+01 
       4.683043201311e-01       2.334141351515e+01 
       4.716213001465e-01       2.300145171386e+01 
       4.749382803741e-01       2.266558304976e+01 
       4.782552608096e-01       2.233384293669e+01 
       4.815722414486e-01       2.200634991295e+01 
       4.848892222871e-01       2.168321397990e+01 
       4.882062033207e-01       2.136465771418e+01 
       4.915231845457e-01       2.105110752425e+01 
       4.948401659582e-01       2.074312513295e+01 
       4.981571475544e-01       2.044145473441e+01 
       5.014741293306e-01       2.014685960243e+01 
       5.047911112832e-01       1.985977753444e+01 
       5.081080934089e-01       1.958034129688e+01 
       5.114250757042e-01       1.930835836548e+01 
       5.147420581659e-01       1.904327153138e+01 
       5.180590407907e-01       1.878449169752e+01 
       5.213760235755e-01       1.853147721335e+01 
       5.246930065173e-01       1.828383328340e+01 
       5.280099896131e-01       1.804113873249e+01 
       5.313269728601e-01       1.780306221631e+01 
       5.346439562553e-01       1.756914630845e+01 
       5.379609397960e-01       1.733889688730e+01 
       5.412779234796e-01       1.711195813597e+01 
       5.445949073034e-01       1.688797166772e+01 
       5.479118912649e-01       1.666708604772e+01 
       5.512288753616e-01       1.644935953825e+01 
       5.545458595911e-01       1.623512939464e+01 
       5.578628439509e-01       1.602459312293e+01 
       5.611798284388e-01       1.581785295178e+01 
       5.644968130525e-01       1.561489123824e+01 
       5.678137977898e-01       1.541562211590e+01 
       5.711307826486e-01       1.521996107670e+01 
       5.744477676266e-01       1.502795185739e+01 
       5.777647527219e-01       1.483965240362e+01 
       5.810817379324e-01       1.465514032520e+01 
       5.843987232562e-01       1.447438498773e+01 
       5.877157086914e-01       1.429725450178e+01 
       5.910326942360e-01       1.412342211619e+01 
       5.943496798883e-01       1.395267174505e+01 
       5.976666656464e-01       1.378475121149e+01 
       6.009836515086e-01       1.361947413024e+01 
       6.043006374731e-01       1.345684629420e+01 
       6.076176235383e-01       1.329685234905e+01 
       6.109346097026e-01       1.313945747880e+01 
       6.142515959643e-01       1.298455501776e+01 
       6.175685823218e-01       1.283197611248e+01 
       6.208855687737e-01       1.268157966096e+01 
       6.242025553184e-01       1.253330610586e+01 
       6.275195419544e-01       1.238718883253e+01 
       6.308365286802e-01       1.224335029845e+01 
       6.341535154946e-01       1.210190406880e+01 
       6.374705023960e-01       1.196289887460e+01 
       6.407874893832e-01       1.182630313970e+01 
       6.441044764548e-01       1.169200426010e+01 
       6.474214636094e-01       1.155987374666e+01 
       6.507384508459e-01       1.142982441647e+01 
       6.540554381630e-01       1.130184344924e+01 
       6.573724255594e-01       1.117596039276e+01 
       6.606894130340e-01       1.105218392915e+01 
       6.640064005856e-01       1.093047881803e+01 
       6.673233882130e-01       1.081073839266e+01 
       6.706403759152e-01       1.069281755048e+01 
       6.739573636909e-01       1.057657746399e+01 
       6.772743515391e-01       1.046193802245e+01 
       6.805913394588e-01       1.034890407831e+01 
       6.839083274489e-01       1.023751441513e+01 
       6.872253155084e-01       1.012781251884e+01 
       6.905423036363e-01       1.001979116938e+01 
       6.938592918316e-01       9.913393810084e+00 
       6.971762800933e-01       9.808530148890e+00 
       7.004932684205e-01       9.705110949018e+00 
       7.038102568123e-01       9.603102743360e+00 
       7.071272452677e-01       9.502544412873e+00 
       7.104442337859e-01       9.403483888639e+00 
       7.137612223660e-01       9.305942946457e+00 
       7.170782110071e-01       9.209946771400e+00 
       7.203951997084e-01       9.115414861671e+00 
       7.237121884690e-01       9.022248053196e+00 
       7.270291772882e-01       8.930364174860e+00 
       7.303461661651e-01       8.839720648060e+00 
       7.336631550989e-01       8.750332884367e+00 
       7.369801440890e-01       8.662227919967e+00 
       7.402971331344e-01       8.575419463929e+00 
       7.436141222346e-01       8.489897533054e+00 
       7.469311113886e-01       8.405582689680e+00 
       7.502481005960e-01       8.322393372881e+00 
       7.535650898558e-01       8.240271927310e+00 
       8.169495405196e-01       6.865952904386e+00 
       9.050651070178e-01       5.435835632684e+00 
       1.040048851268e+00       3.944398988423e+00 
       1.258908209110e+00       2.522211570660e+00 
       1.576798569480e+00       1.475557835253e+00 
       1.984806901155e+00       8.453485719574e-01 
       2.498722028240e+00       4.801197500742e-01 
       3.145704656359e+00       2.706314388853e-01 
       3.960207529889e+00       1.515002622375e-01 
       4.985605895356e+00       8.427835773828e-02 
       6.276505954855e+00       4.661420308709e-02 
       7.901652843844e+00       2.564683452526e-02 
       9.947591560291e+00       1.404210401268e-02 
       1.252327580140e+01       7.653867139664e-03 
       1.576587014529e+01       4.154444579286e-03 
       1.984805456495e+01       2.246176393016e-03 
       2.498722026649e+01       1.209990648983e-03 
       3.145704656359e+01       6.495285406158e-04 
       3.960207529889e+01       3.474776269068e-04 
       4.985605895356e+01       1.852609507099e-04 
       6.276505954855e+01       9.842325497128e-05 
       7.901652843844e+01       5.208941166467e-05 
       9.947591560291e+01       2.744566415713e-05 
       1.252327580140e+02       1.438237522470e-05 
       1.576587014529e+02       7.483775120501e-06 
       1.984805456495e+02       3.857610383907e-06 
       2.498722026649e+02       1.963181437822e-06 
       3.145704656359e+02       9.822886119453e-07 
       3.960207529889e+02       4.812429959093e-07 
       4.985605895356e+02       2.304151753965e-07 
       6.276505954855e+02       1.081652651328e-07 
       7.901652843844e+02       5.024629668168e-08 
       9.947591560291e+02       2.330249582659e-08 
       1.252327580140e+03       1.084002477208e-08 
