# Matter power spectrum P(k) at redshift z=4
# for k=1.04488e-05 to 1003.78 h/Mpc,
# number of wavenumbers equal to 625
#    1:k (h/Mpc)              2:P (Mpc/h)^3        
       1.044883175527e-05       2.889904994021e+00 
       2.370050338713e-05       6.467533607242e+00 
       3.700063944182e-05       1.001769390850e+01 
       5.038711707899e-05       1.356435539158e+01 
       6.389846824781e-05       1.712385044921e+01 
       7.757424324409e-05       2.070996905505e+01 
       9.145538642786e-05       2.433548694452e+01 
       1.055846293703e-04       2.801284359680e+01 
       1.200069067373e-04       3.175452588377e+01 
       1.347698002505e-04       3.557332983561e+01 
       1.499240160634e-04       3.948256639940e+01 
       1.655239007843e-04       4.349624119077e+01 
       1.816280011095e-04       4.762922341270e+01 
       1.982996714877e-04       5.189741257847e+01 
       2.156077332810e-04       5.631790709014e+01 
       2.336271873434e-04       6.090917702751e+01 
       2.524399795515e-04       6.569124316285e+01 
       2.721358152929e-04       7.068585899885e+01 
       2.928130138504e-04       7.591669576646e+01 
       3.145793865680e-04       8.140952298740e+01 
       3.375531131145e-04       8.719237906343e+01 
       3.618635775668e-04       9.329571878104e+01 
       3.876521099662e-04       9.975252460646e+01 
       4.150725592880e-04       1.065983589970e+02 
       4.442916007502e-04       1.138713337186e+02 
       4.754886553233e-04       1.216119628340e+02 
       5.088552748300e-04       1.298628627061e+02 
       5.445938267077e-04       1.386682576696e+02 
       5.829153052047e-04       1.480732523207e+02 
       6.240361095991e-04       1.581228353225e+02 
       6.681736753439e-04       1.688605963402e+02 
       7.155409301449e-04       1.803271647425e+02 
       7.663396781176e-04       1.925584143247e+02 
       8.207531854004e-04       2.055835280489e+02 
       8.789384292238e-04       2.194230600262e+02 
       9.410186427090e-04       2.340871754248e+02 
       1.007076892125e-03       2.495742734384e+02 
       1.077151416773e-03       2.658701710761e+02 
       1.151233319192e-03       2.829479851541e+02 
       1.229266925659e-03       3.007687622267e+02 
       1.311152794062e-03       3.192828062037e+02 
       1.396753004406e-03       3.384315537005e+02 
       1.485898103579e-03       3.581498086178e+02 
       1.578394942106e-03       3.783680882743e+02 
       1.674034647550e-03       3.990148711737e+02 
       1.772600100510e-03       4.200186134442e+02 
       1.873872466169e-03       4.413094027657e+02 
       1.977636536206e-03       4.628202285371e+02 
       2.083684813396e-03       4.844879046341e+02 
       2.191820403523e-03       5.062536237037e+02 
       2.301858861427e-03       5.280626772530e+02 
       2.413629176451e-03       5.498662927166e+02 
       2.526974088426e-03       5.716202008172e+02 
       2.641749910640e-03       5.932846122568e+02 
       2.757826010760e-03       6.148242438528e+02 
       2.875084071783e-03       6.362078742277e+02 
       2.993417227104e-03       6.574082314171e+02 
       3.112729139196e-03       6.784015190677e+02 
       3.232933071076e-03       6.991671439195e+02 
       3.353950983664e-03       7.196873454899e+02 
       3.475712680051e-03       7.399468718137e+02 
       3.598155008691e-03       7.599327953200e+02 
       3.721221131280e-03       7.796340874560e+02 
       3.844859856692e-03       7.990416315775e+02 
       3.969025039506e-03       8.181477358815e+02 
       4.093675039900e-03       8.369462234186e+02 
       4.218772240649e-03       8.554322454984e+02 
       4.344282616503e-03       8.736019932835e+02 
       4.470175351099e-03       8.914525211622e+02 
       4.596422496654e-03       9.089822029850e+02 
       4.722998671932e-03       9.261896417127e+02 
       4.849880794303e-03       9.430746895082e+02 
       4.977047842055e-03       9.596375221709e+02 
       5.104480643516e-03       9.758785930963e+02 
       5.232161689861e-03       9.917993977873e+02 
       5.360074968836e-03       1.007401130194e+03 
       5.488205816956e-03       1.022685791694e+03 
       5.616540787985e-03       1.037655710984e+03 
       5.745067535796e-03       1.052313195900e+03 
       5.873774709920e-03       1.066660964004e+03 
       6.002651862290e-03       1.080701907244e+03 
       6.131689363893e-03       1.094438777188e+03 
       6.260878330180e-03       1.107875173057e+03 
       6.390210554214e-03       1.121014186880e+03 
       6.519678446704e-03       1.133858951789e+03 
       6.649274982110e-03       1.146413243585e+03 
       6.778993650176e-03       1.158680451036e+03 
       6.908828412258e-03       1.170664099975e+03 
       7.038773661946e-03       1.182367929303e+03 
       7.168824189491e-03       1.193795541773e+03 
       7.298975149639e-03       1.204950185579e+03 
       7.429222032517e-03       1.215836055752e+03 
       7.559560637226e-03       1.226456639983e+03 
       7.689987047882e-03       1.236815232602e+03 
       7.820497611841e-03       1.246916211866e+03 
       7.951088919888e-03       1.256763020177e+03 
       8.081757788189e-03       1.266358855199e+03 
       8.212501241839e-03       1.275707214031e+03 
       8.343316499837e-03       1.284811962702e+03 
       8.474200961356e-03       1.293676505198e+03 
       8.605152193182e-03       1.302303886045e+03 
       8.736167918215e-03       1.310698111407e+03 
       8.867246004919e-03       1.318862576725e+03 
       8.998384457645e-03       1.326800098937e+03 
       9.129581407748e-03       1.334514205584e+03 
       9.260835105408e-03       1.342008172589e+03 
       9.392143912118e-03       1.349285305885e+03 
       9.523506293757e-03       1.356348539262e+03 
       9.654920814204e-03       1.363200975074e+03 
       9.786386129455e-03       1.369847738881e+03 
       9.917900982187e-03       1.376288721087e+03 
       1.004946419673e-02       1.382527473454e+03 
       1.018107467444e-02       1.388567518885e+03 
       1.031273138939e-02       1.394411818536e+03 
       1.044443338439e-02       1.400062920315e+03 
       1.057617976732e-02       1.405523960372e+03 
       1.070796970771e-02       1.410797301244e+03 
       1.083980243358e-02       1.415885636281e+03 
       1.097167722849e-02       1.420791867861e+03 
       1.110359342884e-02       1.425518476890e+03 
       1.123555042131e-02       1.430068106466e+03 
       1.136754764053e-02       1.434443735544e+03 
       1.149958456690e-02       1.438646866705e+03 
       1.163166072454e-02       1.442680849546e+03 
       1.176377567944e-02       1.446547830170e+03 
       1.189592903766e-02       1.450249819025e+03 
       1.202812044374e-02       1.453790104446e+03 
       1.216034957917e-02       1.457170302884e+03 
       1.229261616099e-02       1.460392222152e+03 
       1.242491994046e-02       1.463459641875e+03 
       1.255726070186e-02       1.466373670800e+03 
       1.268963826137e-02       1.469136566857e+03 
       1.282205246601e-02       1.471750171955e+03 
       1.295450319265e-02       1.474217603977e+03 
       1.308699034716e-02       1.476540497318e+03 
       1.321951386351e-02       1.478720949950e+03 
       1.335207370303e-02       1.480760807431e+03 
       1.348466985372e-02       1.482662173175e+03 
       1.361730232952e-02       1.484427828855e+03 
       1.374997116980e-02       1.486059526466e+03 
       1.388267643869e-02       1.487557792413e+03 
       1.401541822467e-02       1.488926889377e+03 
       1.414819664003e-02       1.490167305263e+03 
       1.428101182047e-02       1.491281147796e+03 
       1.441386392472e-02       1.492270370114e+03 
       1.454675313417e-02       1.493137165415e+03 
       1.467967965257e-02       1.493882458751e+03 
       1.481264370573e-02       1.494509128867e+03 
       1.494564554128e-02       1.495018243719e+03 
       1.507868542845e-02       1.495411890299e+03 
       1.521176365788e-02       1.495692166611e+03 
       1.534488054146e-02       1.495860133254e+03 
       1.547803641216e-02       1.495918001767e+03 
       1.561123162399e-02       1.495867662285e+03 
       1.574446655185e-02       1.495710748989e+03 
       1.587774159149e-02       1.495448461038e+03 
       1.601105715947e-02       1.495083002153e+03 
       1.614441369315e-02       1.494615699257e+03 
       1.627781165070e-02       1.494048463708e+03 
       1.641125151109e-02       1.493382315304e+03 
       1.654473377420e-02       1.492619450442e+03 
       1.667825896081e-02       1.491761273755e+03 
       1.681182761276e-02       1.490809274073e+03 
       1.694544029298e-02       1.489764835446e+03 
       1.707909758569e-02       1.488630627573e+03 
       1.721280009649e-02       1.487407004776e+03 
       1.734654845251e-02       1.486095560358e+03 
       1.748034330264e-02       1.484696746776e+03 
       1.761418531768e-02       1.483214346299e+03 
       1.774807519058e-02       1.481648355430e+03 
       1.788201363662e-02       1.479999964966e+03 
       1.801600139373e-02       1.478271173548e+03 
       1.815003922268e-02       1.476464327812e+03 
       1.828412790742e-02       1.474579140337e+03 
       1.841826825532e-02       1.472616979975e+03 
       1.855246109753e-02       1.470579804959e+03 
       1.868670728928e-02       1.468469142083e+03 
       1.882100771024e-02       1.466286657571e+03 
       1.895536326489e-02       1.464032757744e+03 
       1.908977488287e-02       1.461708705469e+03 
       1.922424351942e-02       1.459314785126e+03 
       1.935877015575e-02       1.456854693216e+03 
       1.949335579952e-02       1.454329170731e+03 
       1.962800148524e-02       1.451739600978e+03 
       1.976270827478e-02       1.449083877887e+03 
       1.989747725784e-02       1.446366992805e+03 
       2.003230955243e-02       1.443591222791e+03 
       2.016720630544e-02       1.440752109998e+03 
       2.030216869316e-02       1.437854302771e+03 
       2.043719792181e-02       1.434899214916e+03 
       2.057229522817e-02       1.431887132647e+03 
       2.070746188016e-02       1.428820645974e+03 
       2.084269917746e-02       1.425701099308e+03 
       2.097800845215e-02       1.422527418829e+03 
       2.111339106936e-02       1.419300900730e+03 
       2.124884842801e-02       1.416024050983e+03 
       2.138438196145e-02       1.412696050461e+03 
       2.151999313823e-02       1.409319649309e+03 
       2.165568346284e-02       1.405896793565e+03 
       2.179145447651e-02       1.402427440608e+03 
       2.192730775798e-02       1.398910684637e+03 
       2.206324492433e-02       1.395348559713e+03 
       2.219926763189e-02       1.391746401037e+03 
       2.233537757705e-02       1.388099546104e+03 
       2.247157649720e-02       1.384411682957e+03 
       2.260786617167e-02       1.380683588970e+03 
       2.274424842271e-02       1.376914965273e+03 
       2.288072511644e-02       1.373104994006e+03 
       2.301729816394e-02       1.369264335905e+03 
       2.315396952224e-02       1.365382432530e+03 
       2.329074119549e-02       1.361466177307e+03 
       2.342761523601e-02       1.357515750277e+03 
       2.356459374551e-02       1.353531087844e+03 
       2.370167887627e-02       1.349513124505e+03 
       2.383887283236e-02       1.345463238085e+03 
       2.397617787093e-02       1.341382776326e+03 
       2.411359630352e-02       1.337270307574e+03 
       2.425113049742e-02       1.333131379595e+03 
       2.438878287708e-02       1.328961226644e+03 
       2.452655592550e-02       1.324765767375e+03 
       2.466445218581e-02       1.320541539978e+03 
       2.480247426271e-02       1.316291532511e+03 
       2.494062482411e-02       1.312017274140e+03 
       2.507890660277e-02       1.307717332419e+03 
       2.521732239798e-02       1.303394754106e+03 
       2.535587507727e-02       1.299049981030e+03 
       2.549456757826e-02       1.294679916965e+03 
       2.563340291050e-02       1.290291194555e+03 
       2.577238415739e-02       1.285882870731e+03 
       2.591151447816e-02       1.281452161349e+03 
       2.605079710994e-02       1.277006617125e+03 
       2.619023536984e-02       1.272539057717e+03 
       2.632983265720e-02       1.268053889140e+03 
       2.646959245579e-02       1.263551823988e+03 
       2.660951833619e-02       1.259034572142e+03 
       2.674961395820e-02       1.254503070736e+03 
       2.688988307334e-02       1.249954083034e+03 
       2.703032952745e-02       1.245392345772e+03 
       2.717095726336e-02       1.240812287830e+03 
       2.731177032368e-02       1.236223966614e+03 
       2.745277285365e-02       1.231621543717e+03 
       2.759396910411e-02       1.227006547576e+03 
       2.773536343464e-02       1.222381690061e+03 
       2.787696031666e-02       1.217745437812e+03 
       2.801876433680e-02       1.213101641430e+03 
       2.816078020030e-02       1.208443394642e+03 
       2.830301273458e-02       1.203777688778e+03 
       2.844546689290e-02       1.199102308341e+03 
       2.858814775820e-02       1.194418520594e+03 
       2.873106054704e-02       1.189731884268e+03 
       2.887421061373e-02       1.185034344017e+03 
       2.901760345461e-02       1.180330896180e+03 
       2.916124471244e-02       1.175623932390e+03 
       2.930514018105e-02       1.170907997035e+03 
       2.944929581010e-02       1.166187462665e+03 
       2.959371771002e-02       1.161462761808e+03 
       2.973841215725e-02       1.156739845718e+03 
       2.988338559952e-02       1.152007390353e+03 
       3.002864466151e-02       1.147270070568e+03 
       3.017419615062e-02       1.142531507772e+03 
       3.032004706304e-02       1.137789521469e+03 
       3.046620459002e-02       1.133049861739e+03 
       3.061267612446e-02       1.128305015347e+03 
       3.075946926772e-02       1.123559330738e+03 
       3.090659183674e-02       1.118815977230e+03 
       3.105405187148e-02       1.114065478239e+03 
       3.120185764264e-02       1.109320532428e+03 
       3.135001765972e-02       1.104574963055e+03 
       3.149854067949e-02       1.099828525857e+03 
       3.164743571476e-02       1.095084715750e+03 
       3.179671204354e-02       1.090342733468e+03 
       3.194637921868e-02       1.085597538083e+03 
       3.209644707788e-02       1.080860287772e+03 
       3.224692575418e-02       1.076122089107e+03 
       3.239782568693e-02       1.071386435125e+03 
       3.254915763327e-02       1.066653766573e+03 
       3.270093268012e-02       1.061923859275e+03 
       3.285316225681e-02       1.057198202046e+03 
       3.300585814822e-02       1.052474597685e+03 
       3.315903250865e-02       1.047756889868e+03 
       3.331269787625e-02       1.043043628318e+03 
       3.346686718828e-02       1.038335110995e+03 
       3.362155379701e-02       1.033626938760e+03 
       3.377677148656e-02       1.028926506796e+03 
       3.393253449042e-02       1.024233297824e+03 
       3.408885751000e-02       1.019542794339e+03 
       3.424575573410e-02       1.014859119092e+03 
       3.440324485938e-02       1.010179135883e+03 
       3.456134111187e-02       1.005503721809e+03 
       3.472006126976e-02       1.000838085643e+03 
       3.487942268727e-02       9.961744818211e+02 
       3.503944331988e-02       9.915197875609e+02 
       3.520014175098e-02       9.868696968165e+02 
       3.536153721995e-02       9.822267664053e+02 
       3.552364965184e-02       9.775919899468e+02 
       3.568649968873e-02       9.729613439566e+02 
       3.585010872292e-02       9.683397284104e+02 
       3.601449893200e-02       9.637256463167e+02 
       3.617969331604e-02       9.591144152454e+02 
       3.634571573695e-02       9.545140579620e+02 
       3.651259096025e-02       9.499196767550e+02 
       3.668034469929e-02       9.453298543150e+02 
       3.684900366238e-02       9.407533982421e+02 
       3.701859560262e-02       9.361793346892e+02 
       3.718914937112e-02       9.316145201457e+02 
       3.736069497344e-02       9.270557444767e+02 
       3.753326362977e-02       9.225020279241e+02 
       3.770688783903e-02       9.179597730731e+02 
       3.788160144729e-02       9.134243075065e+02 
       3.805743972067e-02       9.088936142598e+02 
       3.823443942334e-02       9.043734927887e+02 
       3.841263890081e-02       8.998587598771e+02 
       3.859207816913e-02       8.953502704750e+02 
       3.877279901036e-02       8.908483245821e+02 
       3.895484507493e-02       8.863529912333e+02 
       3.913826199150e-02       8.818658246516e+02 
       3.932309748489e-02       8.773860718511e+02 
       3.950940150289e-02       8.729079447314e+02 
       3.969722635278e-02       8.684464865855e+02 
       3.988662684827e-02       8.639777091324e+02 
       4.007766046814e-02       8.595225731733e+02 
       4.027038752731e-02       8.550752868456e+02 
       4.046487136196e-02       8.506305603358e+02 
       4.066117852964e-02       8.461899086797e+02 
       4.085937902624e-02       8.417528291453e+02 
       4.105954652121e-02       8.373257574802e+02 
       4.126175861318e-02       8.329029074653e+02 
       4.146609710785e-02       8.284823660128e+02 
       4.167264832062e-02       8.240591727355e+02 
       4.188150340674e-02       8.196493686885e+02 
       4.209275872172e-02       8.152425552691e+02 
       4.230651621559e-02       8.108343446541e+02 
       4.252288386480e-02       8.064271461083e+02 
       4.274197614603e-02       8.020241536847e+02 
       4.296391455689e-02       7.976222845052e+02 
       4.318882818904e-02       7.932206296444e+02 
       4.341685436030e-02       7.888217819706e+02 
       4.364813931283e-02       7.844184675033e+02 
       4.388283898583e-02       7.800171074684e+02 
       4.412111987252e-02       7.756120682710e+02 
       4.436315997224e-02       7.712033179825e+02 
       4.460914985056e-02       7.667948385969e+02 
       4.485929382230e-02       7.623807833330e+02 
       4.511381127438e-02       7.579605809213e+02 
       4.537293814880e-02       7.535364374724e+02 
       4.563692860891e-02       7.491040402090e+02 
       4.590605691632e-02       7.446628408912e+02 
       4.618061955080e-02       7.402119668899e+02 
       4.646093761076e-02       7.357542476476e+02 
       4.674735953949e-02       7.312808647884e+02 
       4.704026423008e-02       7.267950448827e+02 
       4.734006457263e-02       7.222920410327e+02 
       4.764721151953e-02       7.177735429478e+02 
       4.796219875984e-02       7.132376212008e+02 
       4.828556811252e-02       7.086766344828e+02 
       4.861791577135e-02       7.040988267248e+02 
       4.895989956282e-02       6.994932625821e+02 
       4.931224741407e-02       6.948606373326e+02 
       4.967576727223e-02       6.901943625873e+02 
       5.005135877229e-02       6.854950817467e+02 
       5.044002702092e-02       6.807570667153e+02 
       5.084289895259e-02       6.759763302735e+02 
       5.126124282661e-02       6.711491654606e+02 
       5.169649157747e-02       6.662721281798e+02 
       5.215027091288e-02       6.613357786070e+02 
       5.262443328711e-02       6.563328063401e+02 
       5.312109917303e-02       6.512575070927e+02 
       5.364270743225e-02       6.461003332567e+02 
       5.419207705460e-02       6.408496722743e+02 
       5.477248312270e-02       6.354924000925e+02 
       5.538775056023e-02       6.300101552883e+02 
       5.604237002655e-02       6.243862240196e+02 
       5.674164115024e-02       6.185978889504e+02 
       5.749184894986e-02       6.126111617568e+02 
       5.830047932380e-02       6.063891287522e+02 
       5.917647795634e-02       5.998816385496e+02 
       6.013055201632e-02       5.930297475761e+02 
       6.117550210346e-02       5.857448907760e+02 
       6.232654686408e-02       5.779203028125e+02 
       6.360155491032e-02       5.694074598937e+02 
       6.502101632521e-02       5.600155385997e+02 
       6.660746426461e-02       5.494900647130e+02 
       6.838392639680e-02       5.375152697951e+02 
       7.037096851841e-02       5.237197194736e+02 
       7.258224961086e-02       5.077215983197e+02 
       7.501949969259e-02       4.892251850917e+02 
       7.766916663153e-02       4.681421313393e+02 
       8.050328643613e-02       4.447119542224e+02 
       8.348507558438e-02       4.195446757434e+02 
       8.657658015424e-02       3.935403179940e+02 
       8.974470722659e-02       3.677247516191e+02 
       9.296389057146e-02       3.430796016289e+02 
       9.621598462261e-02       3.204070284523e+02 
       9.948882717520e-02       3.002506532122e+02 
       1.027745654022e-01       2.828903280244e+02 
       1.060682480231e-01       2.683472135015e+02 
       1.093667991819e-01       2.564333719037e+02 
       1.126683254386e-01       2.468026263665e+02 
       1.159716676500e-01       2.389978873154e+02 
       1.192761185147e-01       2.325045572010e+02 
       1.225812472273e-01       2.267961304880e+02 
       1.258867916161e-01       2.213787221807e+02 
       1.291925921567e-01       2.158348539677e+02 
       1.324985517363e-01       2.098538390769e+02 
       1.358046111694e-01       2.032528838556e+02 
       1.391107343154e-01       1.959849029999e+02 
       1.424168990381e-01       1.881244032827e+02 
       1.457230917170e-01       1.798432631165e+02 
       1.490293039136e-01       1.713764111435e+02 
       1.523355303480e-01       1.629827759449e+02 
       1.556417676692e-01       1.549138144678e+02 
       1.589480137086e-01       1.473837096183e+02 
       1.622542670250e-01       1.405523771858e+02 
       1.655605266287e-01       1.345150810874e+02 
       1.688667918122e-01       1.293020992939e+02 
       1.721730620474e-01       1.248830653194e+02 
       1.754793369222e-01       1.211770858973e+02 
       1.787856161015e-01       1.180647663341e+02 
       1.820918993027e-01       1.154028179124e+02 
       1.853981862810e-01       1.130372044064e+02 
       1.887044768190e-01       1.108315252813e+02 
       1.920107707211e-01       1.086534380396e+02 
       1.953170678086e-01       1.063756949111e+02 
       1.986233679174e-01       1.039200830210e+02 
       2.019296708956e-01       1.012480318266e+02 
       2.052359766018e-01       9.836141525791e+01 
       2.085422849046e-01       9.529794438112e+01 
       2.118485956809e-01       9.212159518059e+01 
       2.151549088154e-01       8.891003194482e+01 
       2.184612242002e-01       8.574176963020e+01 
       2.217675417336e-01       8.268901273225e+01 
       2.250738613203e-01       7.981002185263e+01 
       2.283801828703e-01       7.714685546064e+01 
       2.316865062990e-01       7.472551024862e+01 
       2.349928315266e-01       7.255597153165e+01 
       2.382991584776e-01       7.063274956855e+01 
       2.416054870808e-01       6.893562238392e+01 
       2.449118172689e-01       6.743132248489e+01 
       2.482181489780e-01       6.607744049195e+01 
       2.515244821478e-01       6.482669323509e+01 
       2.548308167211e-01       6.363248622215e+01 
       2.581371526436e-01       6.245328196952e+01 
       2.614434898637e-01       6.125676956606e+01 
       2.647498283327e-01       6.002094837726e+01 
       2.680561680039e-01       5.873467580723e+01 
       2.713625088332e-01       5.739666048302e+01 
       2.746688507785e-01       5.601390356460e+01 
       2.779751937998e-01       5.460014856309e+01 
       2.812815378588e-01       5.317523579702e+01 
       2.845878829193e-01       5.176179153489e+01 
       2.878942289464e-01       5.038320547607e+01 
       2.912005759071e-01       4.906111814497e+01 
       2.945069237698e-01       4.781222611898e+01 
       2.978132725042e-01       4.664703852360e+01 
       3.011196220815e-01       4.556896898560e+01 
       3.044259724742e-01       4.457566118886e+01 
       3.077323236556e-01       4.365965657411e+01 
       3.110386756006e-01       4.281067546717e+01 
       3.143450282850e-01       4.201657320508e+01 
       3.176513816855e-01       4.126445039219e+01 
       3.209577357800e-01       4.054139931114e+01 
       3.242640905469e-01       3.983506829143e+01 
       3.275704459660e-01       3.913445573110e+01 
       3.308768020175e-01       3.843109716151e+01 
       3.341831586826e-01       3.771959654405e+01 
       3.374895159432e-01       3.699839633750e+01 
       3.407958737818e-01       3.626917845841e+01 
       3.441022321818e-01       3.553640209194e+01 
       3.474085911269e-01       3.480599853396e+01 
       3.507149506017e-01       3.408430629814e+01 
       3.540213105914e-01       3.337730618458e+01 
       3.573276710814e-01       3.269053865191e+01 
       3.606340320581e-01       3.202825085746e+01 
       3.639403935081e-01       3.139399232806e+01 
       3.672467554186e-01       3.079001205024e+01 
       3.705531177771e-01       3.021708208685e+01 
       3.738594805718e-01       2.967420700476e+01 
       3.771658437911e-01       2.915887323581e+01 
       3.804722074238e-01       2.866701556999e+01 
       3.837785714594e-01       2.819397959338e+01 
       3.870849358873e-01       2.773523638234e+01 
       3.903913006976e-01       2.728675179000e+01 
       3.936976658806e-01       2.684559594050e+01 
       3.970040314270e-01       2.640954464837e+01 
       4.003103973277e-01       2.597726679091e+01 
       4.036167635740e-01       2.554789430136e+01 
       4.069231301574e-01       2.512113772186e+01 
       4.102294970698e-01       2.469728276589e+01 
       4.135358643032e-01       2.427720403538e+01 
       4.168422318499e-01       2.386238221122e+01 
       4.201485997025e-01       2.345468006127e+01 
       4.234549678538e-01       2.305587898240e+01 
       4.267613362969e-01       2.266756665763e+01 
       4.300677050250e-01       2.229065795803e+01 
       4.333740740316e-01       2.192551284968e+01 
       4.366804433103e-01       2.157204413107e+01 
       4.399868128549e-01       2.122992989846e+01 
       4.432931826595e-01       2.089874396787e+01 
       4.465995527182e-01       2.057805491062e+01 
       4.499059230255e-01       2.026716041253e+01 
       4.532122935759e-01       1.996518868584e+01 
       4.565186643641e-01       1.967097621507e+01 
       4.598250353850e-01       1.938319454444e+01 
       4.631314066335e-01       1.910059633707e+01 
       4.664377781048e-01       1.882218750802e+01 
       4.697441497941e-01       1.854737717236e+01 
       4.730505216969e-01       1.827596740429e+01 
       4.763568938088e-01       1.800802352116e+01 
       4.796632661253e-01       1.774371072060e+01 
       4.829696386423e-01       1.748319940256e+01 
       4.862760113556e-01       1.722667404331e+01 
       4.895823842613e-01       1.697433221321e+01 
       4.928887573555e-01       1.672655264470e+01 
       4.961951306344e-01       1.648375475034e+01 
       4.995015040943e-01       1.624652556699e+01 
       5.028078777317e-01       1.601527733431e+01 
       5.061142515430e-01       1.579007169380e+01 
       5.094206255248e-01       1.557080252605e+01 
       5.127269996739e-01       1.535708056959e+01 
       5.160333739870e-01       1.514841412179e+01 
       5.193397484610e-01       1.494428319254e+01 
       5.226461230929e-01       1.474435144294e+01 
       5.259524978795e-01       1.454829022272e+01 
       5.292588728180e-01       1.435588239223e+01 
       5.325652479057e-01       1.416685671638e+01 
       5.358716231396e-01       1.398090670799e+01 
       5.391779985172e-01       1.379772271420e+01 
       5.424843740357e-01       1.361704017271e+01 
       5.457907496926e-01       1.343887933464e+01 
       5.490971254854e-01       1.326331044485e+01 
       5.524035014117e-01       1.309051927380e+01 
       5.557098774691e-01       1.292071956133e+01 
       5.590162536551e-01       1.275403927309e+01 
       5.623226299677e-01       1.259048271535e+01 
       5.656290064044e-01       1.242998390660e+01 
       5.689353829632e-01       1.227243276403e+01 
       5.722417596420e-01       1.211777241053e+01 
       5.755481364386e-01       1.196602861259e+01 
       5.788545133510e-01       1.181723416124e+01 
       5.821608903773e-01       1.167141158327e+01 
       5.854672675155e-01       1.152847195186e+01 
       5.887736447638e-01       1.138826263360e+01 
       5.920800221202e-01       1.125053783478e+01 
       5.953863995830e-01       1.111508340314e+01 
       5.986927771505e-01       1.098176065364e+01 
       6.019991548208e-01       1.085051274281e+01 
       6.053055325923e-01       1.072135064145e+01 
       6.086119104633e-01       1.059428172375e+01 
       6.119182884322e-01       1.046925693173e+01 
       6.152246664975e-01       1.034618993904e+01 
       6.185310446576e-01       1.022495509980e+01 
       6.218374229109e-01       1.010546576145e+01 
       6.251438012560e-01       9.987719246133e+00 
       6.284501796915e-01       9.871759671761e+00 
       6.317565582159e-01       9.757694378988e+00 
       6.350629368278e-01       9.645581294251e+00 
       6.383693155258e-01       9.535434326995e+00 
       6.416756943087e-01       9.427176678658e+00 
       6.449820731750e-01       9.320704206973e+00 
       6.482884521237e-01       9.215914469780e+00 
       6.515948311532e-01       9.112753944297e+00 
       6.549012102626e-01       9.011223872748e+00 
       6.582075894505e-01       8.911348371629e+00 
       6.615139687157e-01       8.813124308090e+00 
       6.648203480572e-01       8.716511092618e+00 
       6.681267274737e-01       8.621402877339e+00 
       6.714331069641e-01       8.527684681524e+00 
       6.747394865275e-01       8.435270181739e+00 
       6.780458661626e-01       8.344129523027e+00 
       6.813522458685e-01       8.254273284703e+00 
       6.846586256442e-01       8.165761468293e+00 
       6.879650054885e-01       8.078592168829e+00 
       6.912713854006e-01       7.992780505475e+00 
       6.945777653794e-01       7.908236761337e+00 
       6.978841454240e-01       7.824898758570e+00 
       7.011905255336e-01       7.742704625024e+00 
       7.044969057070e-01       7.661657235119e+00 
       7.078032859436e-01       7.581771818518e+00 
       7.111096662423e-01       7.503102634299e+00 
       7.144160466023e-01       7.425648304802e+00 
       7.177224270228e-01       7.349402070080e+00 
       7.210288075029e-01       7.274296800839e+00 
       7.243351880419e-01       7.200246654561e+00 
       7.276415686388e-01       7.127197177404e+00 
       7.309479492930e-01       7.055127824619e+00 
       7.342543300036e-01       6.984063401147e+00 
       7.375607107699e-01       6.914020249396e+00 
       7.408670915912e-01       6.845005486276e+00 
       7.441734724666e-01       6.776995658772e+00 
       7.474798533955e-01       6.709931602547e+00 
       7.507862343772e-01       6.643743980391e+00 
       7.540926154110e-01       6.578401469103e+00 
       8.182512879940e-01       5.470111696695e+00 
       9.078702191759e-01       4.315696634309e+00 
       1.045857394995e+00       3.113305513277e+00 
       1.269359164566e+00       1.977752780796e+00 
       1.591047059520e+00       1.154618098267e+00 
       2.002798527577e+00       6.612044527390e-01 
       2.521372635927e+00       3.754173371686e-01 
       3.174220082660e+00       2.115539506467e-01 
       3.996106324688e+00       1.183988204801e-01 
       5.030799800381e+00       6.584858418452e-02 
       6.333401710348e+00       3.641284997350e-02 
       7.973280356258e+00       2.003016210792e-02 
       1.003776525585e+01       1.096467207965e-02 
       1.263679775822e+01       5.975593420772e-03 
       1.590878582152e+01       3.242998967041e-03 
       2.002797474151e+01       1.753142276762e-03 
       2.521372634885e+01       9.442934644245e-04 
       3.174220082660e+01       5.068392734730e-04 
       3.996106324688e+01       2.711240798629e-04 
       5.030799800381e+01       1.445424092876e-04 
       6.333401710348e+01       7.679049139626e-05 
       7.973280356258e+01       4.064139664342e-05 
       1.003776525585e+02       2.141649016028e-05 
       1.263679775822e+02       1.122563750452e-05 
       1.590878582152e+02       5.843867869166e-06 
       2.002797474151e+02       3.014572726139e-06 
       2.521372634885e+02       1.536066345889e-06 
       3.174220082660e+02       7.701132569781e-07 
       3.996106324688e+02       3.784897815650e-07 
       5.030799800381e+02       1.820730732801e-07 
       6.333401710348e+02       8.606600036637e-08 
       7.973280356258e+02       4.034687373886e-08 
       1.003776525585e+03       1.890721791366e-08 
