# Matter power spectrum P(k) at redshift z=4
# for k=1.04488e-05 to 1003.78 h/Mpc,
# number of wavenumbers equal to 625
#    1:k (h/Mpc)              2:P (Mpc/h)^3        
       1.044883175527e-05       2.889821534332e+00 
       2.370050338713e-05       6.467347315171e+00 
       3.700063944182e-05       1.001740670686e+01 
       5.038711707899e-05       1.356396915724e+01 
       6.389846824781e-05       1.712336727399e+01 
       7.757424324409e-05       2.070939137862e+01 
       9.145538642786e-05       2.433481766756e+01 
       1.055846293703e-04       2.801208619825e+01 
       1.200069067373e-04       3.175368455769e+01 
       1.347698002505e-04       3.557240965447e+01 
       1.499240160634e-04       3.948157351434e+01 
       1.655239007843e-04       4.349518307662e+01 
       1.816280011095e-04       4.762810916904e+01 
       1.982996714877e-04       5.189625330359e+01 
       2.156077332810e-04       5.631671634498e+01 
       2.336271873434e-04       6.090797140708e+01 
       2.524399795515e-04       6.569004301378e+01 
       2.721358152929e-04       7.068468930540e+01 
       2.928130138504e-04       7.591558726366e+01 
       3.145793865680e-04       8.140851354570e+01 
       3.375531131145e-04       8.719151542448e+01 
       3.618635775668e-04       9.329505872323e+01 
       3.876521099662e-04       9.975213965797e+01 
       4.150725592880e-04       1.065983378199e+02 
       4.442916007502e-04       1.138717863277e+02 
       4.754886553233e-04       1.216130258382e+02 
       5.088552748300e-04       1.298647057860e+02 
       5.445938267077e-04       1.386710915370e+02 
       5.829153052047e-04       1.480773384172e+02 
       6.240361095991e-04       1.581284975157e+02 
       6.681736753439e-04       1.688682348446e+02 
       7.155409301449e-04       1.803372724283e+02 
       7.663396781176e-04       1.925715954697e+02 
       8.207531854004e-04       2.056005194144e+02 
       8.789384292238e-04       2.194447539200e+02 
       9.410186427090e-04       2.341146441611e+02 
       1.007076892125e-03       2.496087943533e+02 
       1.077151416773e-03       2.659132510113e+02 
       1.151233319192e-03       2.830013831779e+02 
       1.229266925659e-03       3.008345093259e+02 
       1.311152794062e-03       3.193632207537e+02 
       1.396753004406e-03       3.385292517595e+02 
       1.485898103579e-03       3.582677083649e+02 
       1.578394942106e-03       3.785094083082e+02 
       1.674034647550e-03       3.991831226821e+02 
       1.772600100510e-03       4.202175866302e+02 
       1.873872466169e-03       4.415431481167e+02 
       1.977636536206e-03       4.630930336630e+02 
       2.083684813396e-03       4.848042675746e+02 
       2.191820403523e-03       5.066182234872e+02 
       2.301858861427e-03       5.284803411154e+02 
       2.413629176451e-03       5.503419662861e+02 
       2.526974088426e-03       5.721589147272e+02 
       2.641749910640e-03       5.938914492090e+02 
       2.757826010760e-03       6.155043069012e+02 
       2.875084071783e-03       6.369662561732e+02 
       2.993417227104e-03       6.582499856725e+02 
       3.112729139196e-03       6.793316325292e+02 
       3.232933071076e-03       7.001905118388e+02 
       3.353950983664e-03       7.208087486114e+02 
       3.475712680051e-03       7.411709559340e+02 
       3.598155008691e-03       7.612640536823e+02 
       3.721221131280e-03       7.810768453737e+02 
       3.844859856692e-03       8.006000343356e+02 
       3.969025039506e-03       8.198257385446e+02 
       4.093675039900e-03       8.387475838849e+02 
       4.218772240649e-03       8.573605199572e+02 
       4.344282616503e-03       8.756605335210e+02 
       4.470175351099e-03       8.936444737603e+02 
       4.596422496654e-03       9.113105121248e+02 
       4.722998671932e-03       9.286570506425e+02 
       4.849880794303e-03       9.456837468566e+02 
       4.977047842055e-03       9.623905868354e+02 
       5.104480643516e-03       9.787778401609e+02 
       5.232161689861e-03       9.948468279352e+02 
       5.360074968836e-03       1.010598575417e+03 
       5.488205816956e-03       1.026034925321e+03 
       5.616540787985e-03       1.041158056411e+03 
       5.745067535796e-03       1.055970134427e+03 
       5.873774709920e-03       1.070473744162e+03 
       6.002651862290e-03       1.084671653248e+03 
       6.131689363893e-03       1.098566496020e+03 
       6.260878330180e-03       1.112161765119e+03 
       6.390210554214e-03       1.125460450948e+03 
       6.519678446704e-03       1.138465591625e+03 
       6.649274982110e-03       1.151180875659e+03 
       6.778993650176e-03       1.163609485033e+03 
       6.908828412258e-03       1.175754899561e+03 
       7.038773661946e-03       1.187620929349e+03 
       7.168824189491e-03       1.199211035729e+03 
       7.298975149639e-03       1.210528335953e+03 
       7.429222032517e-03       1.221576907806e+03 
       7.559560637226e-03       1.232360126875e+03 
       7.689987047882e-03       1.242881182329e+03 
       7.820497611841e-03       1.253144359754e+03 
       7.951088919888e-03       1.263153011079e+03 
       8.081757788189e-03       1.272910248520e+03 
       8.212501241839e-03       1.282419490948e+03 
       8.343316499837e-03       1.291684533698e+03 
       8.474200961356e-03       1.300708712908e+03 
       8.605152193182e-03       1.309495008190e+03 
       8.736167918215e-03       1.318047370724e+03 
       8.867246004919e-03       1.326369142344e+03 
       8.998384457645e-03       1.334463087414e+03 
       9.129581407748e-03       1.342332689104e+03 
       9.260835105408e-03       1.349981181687e+03 
       9.392143912118e-03       1.357411833639e+03 
       9.523506293757e-03       1.364627543048e+03 
       9.654920814204e-03       1.371631381132e+03 
       9.786386129455e-03       1.378428451904e+03 
       9.917900982187e-03       1.385018614248e+03 
       1.004946419673e-02       1.391405399547e+03 
       1.018107467444e-02       1.397592315030e+03 
       1.031273138939e-02       1.403582307807e+03 
       1.044443338439e-02       1.409377912319e+03 
       1.057617976732e-02       1.414982258105e+03 
       1.070796970771e-02       1.420397698674e+03 
       1.083980243358e-02       1.425626923249e+03 
       1.097167722849e-02       1.430672833951e+03 
       1.110359342884e-02       1.435537910726e+03 
       1.123555042131e-02       1.440224798805e+03 
       1.136754764053e-02       1.444736483412e+03 
       1.149958456690e-02       1.449074464349e+03 
       1.163166072454e-02       1.453242102799e+03 
       1.176377567944e-02       1.457241548849e+03 
       1.189592903766e-02       1.461074816534e+03 
       1.202812044374e-02       1.464745207864e+03 
       1.216034957917e-02       1.468254340737e+03 
       1.229261616099e-02       1.471604025672e+03 
       1.242491994046e-02       1.474798060227e+03 
       1.255726070186e-02       1.477837550115e+03 
       1.268963826137e-02       1.480724758524e+03 
       1.282205246601e-02       1.483461528808e+03 
       1.295450319265e-02       1.486050989523e+03 
       1.308699034716e-02       1.488494773243e+03 
       1.321951386351e-02       1.490794978779e+03 
       1.335207370303e-02       1.492953449351e+03 
       1.348466985372e-02       1.494972287186e+03 
       1.361730232952e-02       1.496854277616e+03 
       1.374997116980e-02       1.498601166548e+03 
       1.388267643869e-02       1.500213463558e+03 
       1.401541822467e-02       1.501695444107e+03 
       1.414819664003e-02       1.503047577082e+03 
       1.428101182047e-02       1.504271964471e+03 
       1.441386392472e-02       1.505370551882e+03 
       1.454675313417e-02       1.506345527255e+03 
       1.467967965257e-02       1.507197797590e+03 
       1.481264370573e-02       1.507930241337e+03 
       1.494564554128e-02       1.508543909894e+03 
       1.507868542845e-02       1.509040883243e+03 
       1.521176365788e-02       1.509423252914e+03 
       1.534488054146e-02       1.509692063690e+03 
       1.547803641216e-02       1.509849522839e+03 
       1.561123162399e-02       1.509897513930e+03 
       1.574446655185e-02       1.509837662884e+03 
       1.587774159149e-02       1.509671157609e+03 
       1.601105715947e-02       1.509400200987e+03 
       1.614441369315e-02       1.509026111782e+03 
       1.627781165070e-02       1.508550800282e+03 
       1.641125151109e-02       1.507975277103e+03 
       1.654473377420e-02       1.507301742756e+03 
       1.667825896081e-02       1.506531599153e+03 
       1.681182761276e-02       1.505666334407e+03 
       1.694544029298e-02       1.504707332064e+03 
       1.707909758569e-02       1.503657275158e+03 
       1.721280009649e-02       1.502516509235e+03 
       1.734654845251e-02       1.501286632337e+03 
       1.748034330264e-02       1.499968090710e+03 
       1.761418531768e-02       1.498564695460e+03 
       1.774807519058e-02       1.497076433749e+03 
       1.788201363662e-02       1.495504499732e+03 
       1.801600139373e-02       1.493850904547e+03 
       1.815003922268e-02       1.492118011302e+03 
       1.828412790742e-02       1.490305521692e+03 
       1.841826825532e-02       1.488414810953e+03 
       1.855246109753e-02       1.486447850551e+03 
       1.868670728928e-02       1.484406175188e+03 
       1.882100771024e-02       1.482291460884e+03 
       1.895536326489e-02       1.480104109690e+03 
       1.908977488287e-02       1.477845388848e+03 
       1.922424351942e-02       1.475515576258e+03 
       1.935877015575e-02       1.473118398594e+03 
       1.949335579952e-02       1.470654594750e+03 
       1.962800148524e-02       1.468125551559e+03 
       1.976270827478e-02       1.465529127064e+03 
       1.989747725784e-02       1.462870355801e+03 
       2.003230955243e-02       1.460151527084e+03 
       2.016720630544e-02       1.457368117468e+03 
       2.030216869316e-02       1.454524812854e+03 
       2.043719792181e-02       1.451623027664e+03 
       2.057229522817e-02       1.448663034792e+03 
       2.070746188016e-02       1.445647436969e+03 
       2.084269917746e-02       1.442577577123e+03 
       2.097800845215e-02       1.439452350290e+03 
       2.111339106936e-02       1.436273049144e+03 
       2.124884842801e-02       1.433042190659e+03 
       2.138438196145e-02       1.429758926575e+03 
       2.151999313823e-02       1.426426020557e+03 
       2.165568346284e-02       1.423045423068e+03 
       2.179145447651e-02       1.419617072147e+03 
       2.192730775798e-02       1.416140031378e+03 
       2.206324492433e-02       1.412616340865e+03 
       2.219926763189e-02       1.409051383765e+03 
       2.233537757705e-02       1.405440421795e+03 
       2.247157649720e-02       1.401787171700e+03 
       2.260786617167e-02       1.398092404266e+03 
       2.274424842271e-02       1.394355800948e+03 
       2.288072511644e-02       1.390576518556e+03 
       2.301729816394e-02       1.386765339713e+03 
       2.315396952224e-02       1.382911558709e+03 
       2.329074119549e-02       1.379022145312e+03 
       2.342761523601e-02       1.375097271779e+03 
       2.356459374551e-02       1.371136864328e+03 
       2.370167887627e-02       1.367141861402e+03 
       2.383887283236e-02       1.363113652385e+03 
       2.397617787093e-02       1.359053597191e+03 
       2.411359630352e-02       1.354960241027e+03 
       2.425113049742e-02       1.350839202537e+03 
       2.438878287708e-02       1.346685651433e+03 
       2.452655592550e-02       1.342505584863e+03 
       2.466445218581e-02       1.338295495905e+03 
       2.480247426271e-02       1.334058415433e+03 
       2.494062482411e-02       1.329795896697e+03 
       2.507890660277e-02       1.325506492729e+03 
       2.521732239798e-02       1.321193297378e+03 
       2.535587507727e-02       1.316856765863e+03 
       2.549456757826e-02       1.312493767339e+03 
       2.563340291050e-02       1.308111034433e+03 
       2.577238415739e-02       1.303707620814e+03 
       2.591151447816e-02       1.299280714574e+03 
       2.605079710994e-02       1.294837982192e+03 
       2.619023536984e-02       1.290372155416e+03 
       2.632983265720e-02       1.285887713945e+03 
       2.646959245579e-02       1.281385393026e+03 
       2.660951833619e-02       1.276866939627e+03 
       2.674961395820e-02       1.272333318245e+03 
       2.688988307334e-02       1.267781259353e+03 
       2.703032952745e-02       1.263215581071e+03 
       2.717095726336e-02       1.258630645970e+03 
       2.731177032368e-02       1.254036669580e+03 
       2.745277285365e-02       1.249427743253e+03 
       2.759396910411e-02       1.244805431472e+03 
       2.773536343464e-02       1.240172497975e+03 
       2.787696031666e-02       1.235527400721e+03 
       2.801876433680e-02       1.230874059073e+03 
       2.816078020030e-02       1.226205478144e+03 
       2.830301273458e-02       1.221528763587e+03 
       2.844546689290e-02       1.216841679207e+03 
       2.858814775820e-02       1.212145522130e+03 
       2.873106054704e-02       1.207445943951e+03 
       2.887421061373e-02       1.202734779949e+03 
       2.901760345461e-02       1.198017111057e+03 
       2.916124471244e-02       1.193295373276e+03 
       2.930514018105e-02       1.188564038735e+03 
       2.944929581010e-02       1.183827553251e+03 
       2.959371771002e-02       1.179086363625e+03 
       2.973841215725e-02       1.174346519309e+03 
       2.988338559952e-02       1.169596530718e+03 
       3.002864466151e-02       1.164841150566e+03 
       3.017419615062e-02       1.160084060794e+03 
       3.032004706304e-02       1.155323053351e+03 
       3.046620459002e-02       1.150563972020e+03 
       3.061267612446e-02       1.145799192656e+03 
       3.075946926772e-02       1.141033135617e+03 
       3.090659183674e-02       1.136269023842e+03 
       3.105405187148e-02       1.131497236139e+03 
       3.120185764264e-02       1.126730673269e+03 
       3.135001765972e-02       1.121963066537e+03 
       3.149854067949e-02       1.117194170248e+03 
       3.164743571476e-02       1.112427537515e+03 
       3.179671204354e-02       1.107662359220e+03 
       3.194637921868e-02       1.102893517686e+03 
       3.209644707788e-02       1.098132350036e+03 
       3.224692575418e-02       1.093369825648e+03 
       3.239782568693e-02       1.088609494895e+03 
       3.254915763327e-02       1.083851807596e+03 
       3.270093268012e-02       1.079096538680e+03 
       3.285316225681e-02       1.074345204927e+03 
       3.300585814822e-02       1.069595573171e+03 
       3.315903250865e-02       1.064851551609e+03 
       3.331269787625e-02       1.060111670130e+03 
       3.346686718828e-02       1.055376231611e+03 
       3.362155379701e-02       1.050640767279e+03 
       3.377677148656e-02       1.045912794755e+03 
       3.393253449042e-02       1.041191791684e+03 
       3.408885751000e-02       1.036473165324e+03 
       3.424575573410e-02       1.031761109288e+03 
       3.440324485938e-02       1.027052435439e+03 
       3.456134111187e-02       1.022348036370e+03 
       3.472006126976e-02       1.017653209339e+03 
       3.487942268727e-02       1.012960078751e+03 
       3.503944331988e-02       1.008275636290e+03 
       3.520014175098e-02       1.003595503383e+03 
       3.536153721995e-02       9.989222787919e+02 
       3.552364965184e-02       9.942569727093e+02 
       3.568649968873e-02       9.895954777509e+02 
       3.585010872292e-02       9.849428042052e+02 
       3.601449893200e-02       9.802974161041e+02 
       3.617969331604e-02       9.756545453452e+02 
       3.634571573695e-02       9.710223503837e+02 
       3.651259096025e-02       9.663958460802e+02 
       3.668034469929e-02       9.617735898284e+02 
       3.684900366238e-02       9.571645372854e+02 
       3.701859560262e-02       9.525575149409e+02 
       3.718914937112e-02       9.479594945217e+02 
       3.736069497344e-02       9.433672100702e+02 
       3.753326362977e-02       9.387796574547e+02 
       3.770688783903e-02       9.342033511467e+02 
       3.788160144729e-02       9.296335255305e+02 
       3.805743972067e-02       9.250681238235e+02 
       3.823443942334e-02       9.205130442093e+02 
       3.841263890081e-02       9.159630071124e+02 
       3.859207816913e-02       9.114188769180e+02 
       3.877279901036e-02       9.068809603481e+02 
       3.895484507493e-02       9.023493117779e+02 
       3.913826199150e-02       8.978255111752e+02 
       3.932309748489e-02       8.933088024220e+02 
       3.950940150289e-02       8.887932783354e+02 
       3.969722635278e-02       8.842942552865e+02 
       3.988662684827e-02       8.797873043358e+02 
       4.007766046814e-02       8.752937774347e+02 
       4.027038752731e-02       8.708077735667e+02 
       4.046487136196e-02       8.663239078324e+02 
       4.066117852964e-02       8.618437263572e+02 
       4.085937902624e-02       8.573667244047e+02 
       4.105954652121e-02       8.528994619484e+02 
       4.126175861318e-02       8.484360595345e+02 
       4.146609710785e-02       8.439745696386e+02 
       4.167264832062e-02       8.395099521784e+02 
       4.188150340674e-02       8.350585681427e+02 
       4.209275872172e-02       8.306098385181e+02 
       4.230651621559e-02       8.261593107970e+02 
       4.252288386480e-02       8.217094594399e+02 
       4.274197614603e-02       8.172635605673e+02 
       4.296391455689e-02       8.128184983566e+02 
       4.318882818904e-02       8.083733726014e+02 
       4.341685436030e-02       8.039308544439e+02 
       4.364813931283e-02       7.994835614691e+02 
       4.388283898583e-02       7.950380701404e+02 
       4.412111987252e-02       7.905886731212e+02 
       4.436315997224e-02       7.861353743319e+02 
       4.460914985056e-02       7.816822675341e+02 
       4.485929382230e-02       7.772234326253e+02 
       4.511381127438e-02       7.727583257315e+02 
       4.537293814880e-02       7.682892364587e+02 
       4.563692860891e-02       7.638118092941e+02 
       4.590605691632e-02       7.593255202008e+02 
       4.618061955080e-02       7.548295217867e+02 
       4.646093761076e-02       7.503267365987e+02 
       4.674735953949e-02       7.458082111472e+02 
       4.704026423008e-02       7.412772709975e+02 
       4.734006457263e-02       7.367291068097e+02 
       4.764721151953e-02       7.321654787060e+02 
       4.796219875984e-02       7.275844459797e+02 
       4.828556811252e-02       7.229782377406e+02 
       4.861791577135e-02       7.183552887049e+02 
       4.895989956282e-02       7.137044641326e+02 
       4.931224741407e-02       7.090264958798e+02 
       4.967576727223e-02       7.043146686175e+02 
       5.005135877229e-02       6.995696553241e+02 
       5.044002702092e-02       6.947856311466e+02 
       5.084289895259e-02       6.899585391096e+02 
       5.126124282661e-02       6.850846119298e+02 
       5.169649157747e-02       6.801603706460e+02 
       5.215027091288e-02       6.751762087054e+02 
       5.262443328711e-02       6.701247134830e+02 
       5.312109917303e-02       6.650001242381e+02 
       5.364270743225e-02       6.597927904915e+02 
       5.419207705460e-02       6.544909761734e+02 
       5.477248312270e-02       6.490814222990e+02 
       5.538775056023e-02       6.435455828475e+02 
       5.604237002655e-02       6.378666357156e+02 
       5.674164115024e-02       6.320216673102e+02 
       5.749184894986e-02       6.259763100579e+02 
       5.830047932380e-02       6.196932318859e+02 
       5.917647795634e-02       6.131216035545e+02 
       6.013055201632e-02       6.062015678043e+02 
       6.117550210346e-02       5.988428963882e+02 
       6.232654686408e-02       5.909365235830e+02 
       6.360155491032e-02       5.823303740852e+02 
       6.502101632521e-02       5.728287685522e+02 
       6.660746426461e-02       5.621707936566e+02 
       6.838392639680e-02       5.500329910519e+02 
       7.037096851841e-02       5.360347673307e+02 
       7.258224961086e-02       5.197830209197e+02 
       7.501949969259e-02       5.009697475264e+02 
       7.766916663153e-02       4.794993344026e+02 
       8.050328643613e-02       4.556146072945e+02 
       8.348507558438e-02       4.299364699984e+02 
       8.657658015424e-02       4.033833886300e+02 
       8.974470722659e-02       3.770078110102e+02 
       9.296389057146e-02       3.518163375516e+02 
       9.621598462261e-02       3.286326248108e+02 
       9.948882717520e-02       3.080176092387e+02 
       1.027745654022e-01       2.902598979101e+02 
       1.060682480231e-01       2.753838543987e+02 
       1.093667991819e-01       2.631990314673e+02 
       1.126683254386e-01       2.533512634378e+02 
       1.159716676500e-01       2.453733659446e+02 
       1.192761185147e-01       2.387377953412e+02 
       1.225812472273e-01       2.329046198446e+02 
       1.258867916161e-01       2.273675103320e+02 
       1.291925921567e-01       2.216975552698e+02 
       1.324985517363e-01       2.155760770458e+02 
       1.358046111694e-01       2.088152812273e+02 
       1.391107343154e-01       2.013666319846e+02 
       1.424168990381e-01       1.933069914514e+02 
       1.457230917170e-01       1.848127303441e+02 
       1.490293039136e-01       1.761254967764e+02 
       1.523355303480e-01       1.675115669861e+02 
       1.556417676692e-01       1.592293894005e+02 
       1.589480137086e-01       1.514995446689e+02 
       1.622542670250e-01       1.444864834231e+02 
       1.655605266287e-01       1.382884254898e+02 
       1.688667918122e-01       1.329367939830e+02 
       1.721730620474e-01       1.284004399029e+02 
       1.754793369222e-01       1.245965239964e+02 
       1.787856161015e-01       1.214023441190e+02 
       1.820918993027e-01       1.186706912220e+02 
       1.853981862810e-01       1.162433280433e+02 
       1.887044768190e-01       1.139799384797e+02 
       1.920107707211e-01       1.117445681719e+02 
       1.953170678086e-01       1.094063115454e+02 
       1.986233679174e-01       1.068847298466e+02 
       2.019296708956e-01       1.041402159037e+02 
       2.052359766018e-01       1.011746033696e+02 
       2.085422849046e-01       9.802676048513e+01 
       2.118485956809e-01       9.476246439901e+01 
       2.151549088154e-01       9.146159898815e+01 
       2.184612242002e-01       8.820500814853e+01 
       2.217675417336e-01       8.506692205643e+01 
       2.250738613203e-01       8.210735833032e+01 
       2.283801828703e-01       7.936959810455e+01 
       2.316865062990e-01       7.688039454678e+01 
       2.349928315266e-01       7.465010106747e+01 
       2.382991584776e-01       7.267304248278e+01 
       2.416054870808e-01       7.092847546860e+01 
       2.449118172689e-01       6.938218610793e+01 
       2.482181489780e-01       6.799053170053e+01 
       2.515244821478e-01       6.670491821919e+01 
       2.548308167211e-01       6.547736831665e+01 
       2.581371526436e-01       6.426517195651e+01 
       2.614434898637e-01       6.303508768552e+01 
       2.647498283327e-01       6.176445334119e+01 
       2.680561680039e-01       6.044184121093e+01 
       2.713625088332e-01       5.906589086563e+01 
       2.746688507785e-01       5.764382442621e+01 
       2.779751937998e-01       5.618979175551e+01 
       2.812815378588e-01       5.472419031265e+01 
       2.845878829193e-01       5.327033954178e+01 
       2.878942289464e-01       5.185228811653e+01 
       2.912005759071e-01       5.049232391520e+01 
       2.945069237698e-01       4.920764243346e+01 
       2.978132725042e-01       4.800904456031e+01 
       3.011196220815e-01       4.690007330563e+01 
       3.044259724742e-01       4.587829050961e+01 
       3.077323236556e-01       4.493603010136e+01 
       3.110386756006e-01       4.406272451714e+01 
       3.143450282850e-01       4.324585909599e+01 
       3.176513816855e-01       4.247218006613e+01 
       3.209577357800e-01       4.172839129408e+01 
       3.242640905469e-01       4.100178286191e+01 
       3.275704459660e-01       4.028104229284e+01 
       3.308768020175e-01       3.955744116117e+01 
       3.341831586826e-01       3.882544348076e+01 
       3.374895159432e-01       3.808343595065e+01 
       3.407958737818e-01       3.733315083244e+01 
       3.441022321818e-01       3.657918831934e+01 
       3.474085911269e-01       3.582763937475e+01 
       3.507149506017e-01       3.508504371743e+01 
       3.540213105914e-01       3.435755139044e+01 
       3.573276710814e-01       3.365086454612e+01 
       3.606340320581e-01       3.296936652147e+01 
       3.639403935081e-01       3.231669827445e+01 
       3.672467554186e-01       3.169518808422e+01 
       3.705531177771e-01       3.110562641008e+01 
       3.738594805718e-01       3.054698725493e+01 
       3.771658437911e-01       3.001669299170e+01 
       3.804722074238e-01       2.951054850715e+01 
       3.837785714594e-01       2.902377200176e+01 
       3.870849358873e-01       2.855169906941e+01 
       3.903913006976e-01       2.809017359922e+01 
       3.936976658806e-01       2.763618879613e+01 
       3.970040314270e-01       2.718744521495e+01 
       4.003103973277e-01       2.674258029435e+01 
       4.036167635740e-01       2.630069866897e+01 
       4.069231301574e-01       2.586149900132e+01 
       4.102294970698e-01       2.542528339754e+01 
       4.135358643032e-01       2.499294417449e+01 
       4.168422318499e-01       2.456601150128e+01 
       4.201485997025e-01       2.414640267596e+01 
       4.234549678538e-01       2.373594784813e+01 
       4.267613362969e-01       2.333628896437e+01 
       4.300677050250e-01       2.294836136791e+01 
       4.333740740316e-01       2.257253980976e+01 
       4.366804433103e-01       2.220873518780e+01 
       4.399868128549e-01       2.185661208487e+01 
       4.432931826595e-01       2.151573880457e+01 
       4.465995527182e-01       2.118566504449e+01 
       4.499059230255e-01       2.086567142911e+01 
       4.532122935759e-01       2.055486133507e+01 
       4.565186643641e-01       2.025203294409e+01 
       4.598250353850e-01       1.995582466273e+01 
       4.631314066335e-01       1.966494720532e+01 
       4.664377781048e-01       1.937837975487e+01 
       4.697441497941e-01       1.909551532030e+01 
       4.730505216969e-01       1.881614603510e+01 
       4.763568938088e-01       1.854034473211e+01 
       4.796632661253e-01       1.826827718591e+01 
       4.829696386423e-01       1.800012056390e+01 
       4.862760113556e-01       1.773606659511e+01 
       4.895823842613e-01       1.747631469388e+01 
       4.928887573555e-01       1.722125973098e+01 
       4.961951306344e-01       1.697133011093e+01 
       4.995015040943e-01       1.672713117212e+01 
       5.028078777317e-01       1.648908947155e+01 
       5.061142515430e-01       1.625726478315e+01 
       5.094206255248e-01       1.603155199312e+01 
       5.127269996739e-01       1.581154772967e+01 
       5.160333739870e-01       1.559674612155e+01 
       5.193397484610e-01       1.538661409433e+01 
       5.226461230929e-01       1.518080157956e+01 
       5.259524978795e-01       1.497897421780e+01 
       5.292588728180e-01       1.478090614852e+01 
       5.325652479057e-01       1.458631804964e+01 
       5.358716231396e-01       1.439489694415e+01 
       5.391779985172e-01       1.420632019629e+01 
       5.424843740357e-01       1.402031898302e+01 
       5.457907496926e-01       1.383691254182e+01 
       5.490971254854e-01       1.365617259726e+01 
       5.524035014117e-01       1.347829298688e+01 
       5.557098774691e-01       1.330349039976e+01 
       5.590162536551e-01       1.313189967110e+01 
       5.623226299677e-01       1.296352397377e+01 
       5.656290064044e-01       1.279829451835e+01 
       5.689353829632e-01       1.263610053830e+01 
       5.722417596420e-01       1.247688047329e+01 
       5.755481364386e-01       1.232066325512e+01 
       5.788545133510e-01       1.216748197708e+01 
       5.821608903773e-01       1.201735859039e+01 
       5.854672675155e-01       1.187020434195e+01 
       5.887736447638e-01       1.172585901940e+01 
       5.920800221202e-01       1.158407165683e+01 
       5.953863995830e-01       1.144462155388e+01 
       5.986927771505e-01       1.130736442089e+01 
       6.019991548208e-01       1.117224427141e+01 
       6.053055325923e-01       1.103926993284e+01 
       6.086119104633e-01       1.090845055627e+01 
       6.119182884322e-01       1.077973562964e+01 
       6.152246664975e-01       1.065303473780e+01 
       6.185310446576e-01       1.052822111961e+01 
       6.218374229109e-01       1.040520313650e+01 
       6.251438012560e-01       1.028397929194e+01 
       6.284501796915e-01       1.016459536484e+01 
       6.317565582159e-01       1.004716026303e+01 
       6.350629368278e-01       9.931735901728e+00 
       6.383693155258e-01       9.818334652093e+00 
       6.416756943087e-01       9.706878315262e+00 
       6.449820731750e-01       9.597260337557e+00 
       6.482884521237e-01       9.489373348532e+00 
       6.515948311532e-01       9.383164574077e+00 
       6.549012102626e-01       9.278633575934e+00 
       6.582075894505e-01       9.175805768962e+00 
       6.615139687157e-01       9.074678567925e+00 
       6.648203480572e-01       8.975208644205e+00 
       6.681267274737e-01       8.877288910071e+00 
       6.714331069641e-01       8.780799604030e+00 
       6.747394865275e-01       8.685652182390e+00 
       6.780458661626e-01       8.591816600390e+00 
       6.813522458685e-01       8.499302339215e+00 
       6.846586256442e-01       8.408172920329e+00 
       6.879650054885e-01       8.318425175317e+00 
       6.912713854006e-01       8.230074822122e+00 
       6.945777653794e-01       8.143030258985e+00 
       6.978841454240e-01       8.057226228357e+00 
       7.011905255336e-01       7.972600336854e+00 
       7.044969057070e-01       7.889154717466e+00 
       7.078032859436e-01       7.806905087016e+00 
       7.111096662423e-01       7.725908079204e+00 
       7.144160466023e-01       7.646161027392e+00 
       7.177224270228e-01       7.567658197547e+00 
       7.210288075029e-01       7.490329892396e+00 
       7.243351880419e-01       7.414087464066e+00 
       7.276415686388e-01       7.338875767748e+00 
       7.309479492930e-01       7.264672417254e+00 
       7.342543300036e-01       7.191504033127e+00 
       7.375607107699e-01       7.119387047944e+00 
       7.408670915912e-01       7.048328328009e+00 
       7.441734724666e-01       6.978304969606e+00 
       7.474798533955e-01       6.909254511450e+00 
       7.507862343772e-01       6.841106700171e+00 
       7.540926154110e-01       6.773829052172e+00 
       8.182512879940e-01       5.632696748160e+00 
       9.078702191759e-01       4.444038216045e+00 
       1.045857394995e+00       3.205943134347e+00 
       1.269359164566e+00       2.036634789655e+00 
       1.591047059520e+00       1.189008514499e+00 
       2.002798527577e+00       6.809040433327e-01 
       2.521372635927e+00       3.866043248611e-01 
       3.174220082660e+00       2.178587117897e-01 
       3.996106324688e+00       1.219276090307e-01 
       5.030799800381e+00       6.781123982927e-02 
       6.333401710348e+00       3.749818705116e-02 
       7.973280356258e+00       2.062720036489e-02 
       1.003776525585e+01       1.129149932087e-02 
       1.263679775822e+01       6.153710977770e-03 
       1.590878582152e+01       3.339665118204e-03 
       2.002797474151e+01       1.805399462627e-03 
       2.521372634885e+01       9.724407553202e-04 
       3.174220082660e+01       5.219470436851e-04 
       3.996106324688e+01       2.792057014332e-04 
       5.030799800381e+01       1.488509073460e-04 
       6.333401710348e+01       7.907945127709e-05 
       7.973280356258e+01       4.185282974660e-05 
       1.003776525585e+02       2.205486999712e-05 
       1.263679775822e+02       1.156024981056e-05 
       1.590878582152e+02       6.018061111243e-06 
       2.002797474151e+02       3.104430714516e-06 
       2.521372634885e+02       1.581853210915e-06 
       3.174220082660e+02       7.930686925989e-07 
       3.996106324688e+02       3.897717557445e-07 
       5.030799800381e+02       1.875002837897e-07 
       6.333401710348e+02       8.863144452878e-08 
       7.973280356258e+02       4.154952811398e-08 
       1.003776525585e+03       1.947080181159e-08 
