# Matter power spectrum P(k) at redshift z=4.5
# for k=1.04563e-05 to 1006.13 h/Mpc,
# number of wavenumbers equal to 625
#    1:k (h/Mpc)              2:P (Mpc/h)^3        
       1.045629393498e-05       2.383831065306e+00 
       2.372900639820e-05       5.337507709484e+00 
       3.705038830857e-05       8.268520065292e+00 
       5.045849811123e-05       1.119669497688e+01 
       6.399205400520e-05       1.413554825425e+01 
       7.769080041399e-05       1.709649599096e+01 
       9.159588674793e-05       2.009011823500e+01 
       1.057502637854e-04       2.312671967425e+01 
       1.201991030382e-04       2.621664709940e+01 
       1.349902445026e-04       2.937050635182e+01 
       1.501746781875e-04       3.259933300242e+01 
       1.658070647103e-04       3.591474164736e+01 
       1.819462999697e-04       3.932906657693e+01 
       1.986561283524e-04       4.285550008325e+01 
       2.160058079578e-04       4.650823320024e+01 
       2.340708297436e-04       5.030259974341e+01 
       2.529336900652e-04       5.425522492930e+01 
       2.726847124767e-04       5.838417819959e+01 
       2.934229094968e-04       6.270912646870e+01 
       3.152568678448e-04       6.725148558539e+01 
       3.383056308993e-04       7.203456218033e+01 
       3.626995392886e-04       7.708367695329e+01 
       3.885809741591e-04       8.242625684044e+01 
       4.161049276017e-04       8.809187908846e+01 
       4.454393013340e-04       9.411224395092e+01 
       4.767648093336e-04       1.005210515264e+02 
       5.102743354399e-04       1.073537492849e+02 
       5.461715776932e-04       1.146471175593e+02 
       5.846688044146e-04       1.224386587676e+02 
       6.259835620572e-04       1.307657622829e+02 
       6.703342222355e-04       1.396646305458e+02 
       7.179343443654e-04       1.491689724884e+02 
       7.689859650139e-04       1.593085038587e+02 
       8.236720987643e-04       1.701073311190e+02 
       8.821489263841e-04       1.815823422675e+02 
       9.445383163731e-04       1.937417442454e+02 
       1.010921427124e-03       2.065839305205e+02 
       1.081334123662e-03       2.200968188098e+02 
       1.155764791463e-03       2.342577771161e+02 
       1.234154853213e-03       2.490341718505e+02 
       1.316401945199e-03       2.643844974468e+02 
       1.402365366598e-03       2.802599633469e+02 
       1.491873154658e-03       2.966063690432e+02 
       1.584730011839e-03       3.133660668807e+02 
       1.680725326149e-03       3.304798448332e+02 
       1.779640654398e-03       3.478885921540e+02 
       1.881256229852e-03       3.655346607206e+02 
       1.985356259445e-03       3.833629173960e+02 
       2.091732952843e-03       4.013214529036e+02 
       2.200189356041e-03       4.193618854485e+02 
       2.310541142019e-03       4.374395498564e+02 
       2.422617547090e-03       4.555146442091e+02 
       2.536261645635e-03       4.735507993436e+02 
       2.651330139891e-03       4.915154452438e+02 
       2.767692815208e-03       5.093795763037e+02 
       2.885231781840e-03       5.271176678417e+02 
       3.003840596269e-03       5.447072221475e+02 
       3.123423330440e-03       5.621286793770e+02 
       3.243893637094e-03       5.793650578398e+02 
       3.365173843516e-03       5.964017045270e+02 
       3.487194093980e-03       6.132260543764e+02 
       3.609891552436e-03       6.298273754629e+02 
       3.733209670762e-03       6.461966703106e+02 
       3.857097523654e-03       6.623262683070e+02 
       3.981509208481e-03       6.782098126827e+02 
       4.106403306687e-03       6.938421978549e+02 
       4.231742402400e-03       7.092191318489e+02 
       4.357492653424e-03       7.243375304088e+02 
       4.483623409728e-03       7.391948124591e+02 
       4.610106874634e-03       7.537894490132e+02 
       4.736917804193e-03       7.681202586411e+02 
       4.864033240544e-03       7.821868227581e+02 
       4.991432275435e-03       7.959892547272e+02 
       5.119095840429e-03       8.095278519162e+02 
       5.247006520708e-03       8.228036578745e+02 
       5.375148389705e-03       8.358176144832e+02 
       5.503506862102e-03       8.485712215398e+02 
       5.632068563057e-03       8.610663747951e+02 
       5.760821211709e-03       8.733047952712e+02 
       5.889753517327e-03       8.852886097261e+02 
       6.018855086584e-03       8.970200859237e+02 
       6.148116340685e-03       9.085015200373e+02 
       6.277528441206e-03       9.197355759691e+02 
       6.407083223629e-03       9.307250457758e+02 
       6.536773137714e-03       9.414722211190e+02 
       6.666591193923e-03       9.519801420520e+02 
       6.796530915227e-03       9.622514572982e+02 
       6.926586293688e-03       9.722890968528e+02 
       7.056751751303e-03       9.820961864753e+02 
       7.187022104635e-03       9.916754872367e+02 
       7.317392532840e-03       1.001029803243e+03 
       7.447858548702e-03       1.010162123395e+03 
       7.578415972392e-03       1.019075520560e+03 
       7.709060907633e-03       1.027772458438e+03 
       7.839789720055e-03       1.036256563659e+03 
       7.970599017490e-03       1.044530410749e+03 
       8.101485632030e-03       1.052596465594e+03 
       8.232446603659e-03       1.060458219793e+03 
       8.363479165321e-03       1.068118404520e+03 
       8.494580729256e-03       1.075579131524e+03 
       8.625748874516e-03       1.082843819279e+03 
       8.756981335523e-03       1.089915234813e+03 
       8.888275991580e-03       1.096795973844e+03 
       9.019630857247e-03       1.103488559876e+03 
       9.151044073500e-03       1.109996033816e+03 
       9.282513899606e-03       1.116320678964e+03 
       9.414038705641e-03       1.122465359286e+03 
       9.545616965607e-03       1.128432370796e+03 
       9.677247251078e-03       1.134224397156e+03 
       9.808928225347e-03       1.139844050948e+03 
       9.940658638019e-03       1.145293404895e+03 
       1.007243732001e-02       1.150575166807e+03 
       1.020426317895e-02       1.155691711802e+03 
       1.033613519488e-02       1.160647248466e+03 
       1.046805241631e-02       1.165440886167e+03 
       1.060001395658e-02       1.170075659361e+03 
       1.073201899042e-02       1.174554549192e+03 
       1.086406675084e-02       1.178879619505e+03 
       1.099615652618e-02       1.183052938482e+03 
       1.112828765743e-02       1.187076868870e+03 
       1.126045953569e-02       1.190953148035e+03 
       1.139267159985e-02       1.194684597887e+03 
       1.152492333440e-02       1.198272615101e+03 
       1.165721426741e-02       1.201719034932e+03 
       1.178954396869e-02       1.205026984131e+03 
       1.192191204800e-02       1.208197266249e+03 
       1.205431815347e-02       1.211232122065e+03 
       1.218676197006e-02       1.214134157055e+03 
       1.231924321818e-02       1.216904325888e+03 
       1.245176165238e-02       1.219544966816e+03 
       1.258431706015e-02       1.222058099475e+03 
       1.271690926079e-02       1.224445502275e+03 
       1.284953810435e-02       1.226708250769e+03 
       1.298220347070e-02       1.228848372047e+03 
       1.311490526862e-02       1.230868217313e+03 
       1.324764343495e-02       1.232769358774e+03 
       1.338041793384e-02       1.234553004127e+03 
       1.351322875602e-02       1.236221572461e+03 
       1.364607591820e-02       1.237776328396e+03 
       1.377895946238e-02       1.239218715737e+03 
       1.391187945537e-02       1.240550631214e+03 
       1.404483598826e-02       1.241773776674e+03 
       1.417782917592e-02       1.242890102024e+03 
       1.431085915661e-02       1.243900103634e+03 
       1.444392609162e-02       1.244806432571e+03 
       1.457703016484e-02       1.245609583888e+03 
       1.471017158253e-02       1.246311976892e+03 
       1.484335057300e-02       1.246914340725e+03 
       1.497656738636e-02       1.247419010443e+03 
       1.510982229432e-02       1.247826378741e+03 
       1.524311559000e-02       1.248139138678e+03 
       1.537644758773e-02       1.248358021123e+03 
       1.550981862299e-02       1.248484470271e+03 
       1.564322905223e-02       1.248520362803e+03 
       1.577667925283e-02       1.248466374908e+03 
       1.591016962304e-02       1.248324515743e+03 
       1.604370058190e-02       1.248096010371e+03 
       1.617727256927e-02       1.247782112982e+03 
       1.631088604585e-02       1.247383988765e+03 
       1.644454149313e-02       1.246903298547e+03 
       1.657823941353e-02       1.246341311761e+03 
       1.671198033042e-02       1.245699398708e+03 
       1.684576478820e-02       1.244978812415e+03 
       1.697959335243e-02       1.244179873291e+03 
       1.711346660996e-02       1.243304674606e+03 
       1.724738516904e-02       1.242355580711e+03 
       1.738134965950e-02       1.241332849402e+03 
       1.751536073295e-02       1.240236559495e+03 
       1.764941906294e-02       1.239069202387e+03 
       1.778352534518e-02       1.237831711480e+03 
       1.791768029781e-02       1.236525565102e+03 
       1.805188466159e-02       1.235151314769e+03 
       1.818613920020e-02       1.233710812563e+03 
       1.832044470050e-02       1.232204361334e+03 
       1.845480197288e-02       1.230633688441e+03 
       1.858921185148e-02       1.228999283989e+03 
       1.872367519461e-02       1.227303396001e+03 
       1.885819288507e-02       1.225546466506e+03 
       1.899276583048e-02       1.223728533149e+03 
       1.912739496373e-02       1.221852468392e+03 
       1.926208124330e-02       1.219917452251e+03 
       1.939682565376e-02       1.217927752957e+03 
       1.953162920614e-02       1.215879049393e+03 
       1.966649293841e-02       1.213779222433e+03 
       1.980141791593e-02       1.211623179276e+03 
       1.993640523197e-02       1.209415327630e+03 
       2.007145600820e-02       1.207155949719e+03 
       2.020657139520e-02       1.204844327919e+03 
       2.034175257302e-02       1.202483391585e+03 
       2.047700075176e-02       1.200074240048e+03 
       2.061231717210e-02       1.197616881360e+03 
       2.074770310596e-02       1.195112376214e+03 
       2.088315985710e-02       1.192561800816e+03 
       2.101868876175e-02       1.189965822494e+03 
       2.115429118930e-02       1.187325903014e+03 
       2.128996854299e-02       1.184644732890e+03 
       2.142572226058e-02       1.181917638931e+03 
       2.156155381514e-02       1.179151178348e+03 
       2.169746471577e-02       1.176343525760e+03 
       2.183345650838e-02       1.173495792836e+03 
       2.196953077651e-02       1.170610384300e+03 
       2.210568914217e-02       1.167684654842e+03 
       2.224193326667e-02       1.164724552750e+03 
       2.237826485153e-02       1.161725355314e+03 
       2.251468563936e-02       1.158691266450e+03 
       2.265119741485e-02       1.155625059978e+03 
       2.278780200570e-02       1.152522897411e+03 
       2.292450128361e-02       1.149386959960e+03 
       2.306129716537e-02       1.146219380646e+03 
       2.319819161386e-02       1.143020742469e+03 
       2.333518663918e-02       1.139792847346e+03 
       2.347228429977e-02       1.136531353097e+03 
       2.360948670358e-02       1.133243306751e+03 
       2.374679600928e-02       1.129927470971e+03 
       2.388421442748e-02       1.126582880734e+03 
       2.402174422201e-02       1.123211183131e+03 
       2.415938771128e-02       1.119814374338e+03 
       2.429714726958e-02       1.116389849389e+03 
       2.443502532852e-02       1.112942765432e+03 
       2.457302437848e-02       1.109472882090e+03 
       2.471114697007e-02       1.105978048895e+03 
       2.484939571572e-02       1.102460706838e+03 
       2.498777329124e-02       1.098922226629e+03 
       2.512628243746e-02       1.095360425466e+03 
       2.526492596194e-02       1.091781140396e+03 
       2.540370674072e-02       1.088181218200e+03 
       2.554262772009e-02       1.084561241919e+03 
       2.568169191854e-02       1.080922100578e+03 
       2.582090242858e-02       1.077264608389e+03 
       2.596026241881e-02       1.073590755584e+03 
       2.609977513597e-02       1.069900766021e+03 
       2.623944390701e-02       1.066196542846e+03 
       2.637927214136e-02       1.062472210177e+03 
       2.651926333315e-02       1.058736904766e+03 
       2.665942106358e-02       1.054984659748e+03 
       2.679974900335e-02       1.051220722099e+03 
       2.694025091517e-02       1.047441197776e+03 
       2.708093065634e-02       1.043651269704e+03 
       2.722179218149e-02       1.039846232582e+03 
       2.736283954531e-02       1.036033300623e+03 
       2.750407690546e-02       1.032206277416e+03 
       2.764550852553e-02       1.028371942383e+03 
       2.778713877818e-02       1.024523769475e+03 
       2.792897214829e-02       1.020670021245e+03 
       2.807101323630e-02       1.016804350620e+03 
       2.821326676166e-02       1.012930319249e+03 
       2.835573756636e-02       1.009049403744e+03 
       2.849843061865e-02       1.005159484625e+03 
       2.864135101690e-02       1.001261462834e+03 
       2.878450399350e-02       9.973605999108e+02 
       2.892789491907e-02       9.934503094555e+02 
       2.907152930670e-02       9.895329260038e+02 
       2.921541281640e-02       9.856162160697e+02 
       2.935955125972e-02       9.816881695118e+02 
       2.950395060459e-02       9.777564185646e+02 
       2.964861698023e-02       9.738210639200e+02 
       2.979355668241e-02       9.698856281341e+02 
       2.993877617879e-02       9.659428569194e+02 
       3.008428211455e-02       9.619975162599e+02 
       3.023008131821e-02       9.580495320387e+02 
       3.037618080774e-02       9.540994498910e+02 
       3.052258779682e-02       9.501456724502e+02 
       3.066930970147e-02       9.461921217154e+02 
       3.081635414687e-02       9.422385623688e+02 
       3.096372897456e-02       9.382782479909e+02 
       3.111144224983e-02       9.343206613106e+02 
       3.125950226953e-02       9.303641327264e+02 
       3.140791757017e-02       9.264086512993e+02 
       3.155669693636e-02       9.224500796754e+02 
       3.170584940966e-02       9.184933037646e+02 
       3.185538429778e-02       9.145363971836e+02 
       3.200531118425e-02       9.105825264463e+02 
       3.215563993846e-02       9.066293352480e+02 
       3.230638072620e-02       9.026774921456e+02 
       3.245754402068e-02       8.987269408812e+02 
       3.260914061403e-02       8.947788756934e+02 
       3.276118162942e-02       8.908316032819e+02 
       3.291367853362e-02       8.868907358501e+02 
       3.306664315032e-02       8.829499296787e+02 
       3.322008767393e-02       8.790111441780e+02 
       3.337402468420e-02       8.750786465721e+02 
       3.352846716144e-02       8.711496917240e+02 
       3.368342850259e-02       8.672193986869e+02 
       3.383892253799e-02       8.632966125514e+02 
       3.399496354914e-02       8.593774563219e+02 
       3.415156628722e-02       8.554613353898e+02 
       3.430874599266e-02       8.515491358747e+02 
       3.446651841573e-02       8.476459926165e+02 
       3.462489983816e-02       8.437436454451e+02 
       3.478390709596e-02       8.398471090874e+02 
       3.494355760347e-02       8.359538049681e+02 
       3.510386937867e-02       8.320670428186e+02 
       3.526486106997e-02       8.281835303408e+02 
       3.542655198438e-02       8.243085856770e+02 
       3.558896211737e-02       8.204375534711e+02 
       3.575211218438e-02       8.165693237780e+02 
       3.591602365412e-02       8.127100641080e+02 
       3.608071878385e-02       8.088531411185e+02 
       3.624622065672e-02       8.050049445607e+02 
       3.641255322133e-02       8.011628127163e+02 
       3.657974133371e-02       7.973234921784e+02 
       3.674781080174e-02       7.934933730779e+02 
       3.691678843252e-02       7.896674192805e+02 
       3.708670208247e-02       7.858435215983e+02 
       3.725758071075e-02       7.820296080665e+02 
       3.742945443605e-02       7.782235493099e+02 
       3.760235459706e-02       7.744198083000e+02 
       3.777631381688e-02       7.706244691158e+02 
       3.795136607180e-02       7.668326815701e+02 
       3.812754676461e-02       7.630463322848e+02 
       3.830489280294e-02       7.592667636033e+02 
       3.848344268310e-02       7.554944667371e+02 
       3.866323657963e-02       7.517247505959e+02 
       3.884431644140e-02       7.479647118338e+02 
       3.902672609446e-02       7.442087286577e+02 
       3.921051135253e-02       7.404563103781e+02 
       3.939572013557e-02       7.367087693829e+02 
       3.958240259735e-02       7.329678671748e+02 
       3.977061126268e-02       7.292319339136e+02 
       3.996040117524e-02       7.255028142811e+02 
       4.015183005710e-02       7.217741834880e+02 
       4.034495848086e-02       7.180529983256e+02 
       4.053985005579e-02       7.143366479076e+02 
       4.073657162917e-02       7.106246762647e+02 
       4.093519350459e-02       7.069155609255e+02 
       4.113578967862e-02       7.032124622509e+02 
       4.133843809796e-02       6.995127066947e+02 
       4.154322093909e-02       6.958145097837e+02 
       4.175022491289e-02       6.921201676764e+02 
       4.195954159683e-02       6.884263255849e+02 
       4.217126779774e-02       6.847387999430e+02 
       4.238550594873e-02       6.810519519799e+02 
       4.260236454389e-02       6.773671378023e+02 
       4.282195861535e-02       6.736833916267e+02 
       4.304441025756e-02       6.700021530172e+02 
       4.326984920439e-02       6.663190750123e+02 
       4.349841346569e-02       6.626381928016e+02 
       4.373025003045e-02       6.589554393676e+02 
       4.396551564516e-02       6.552718948319e+02 
       4.420437767706e-02       6.515885727545e+02 
       4.444701507340e-02       6.479029077201e+02 
       4.469361942959e-02       6.442151982935e+02 
       4.494439618135e-02       6.405238711412e+02 
       4.519956593800e-02       6.368272779412e+02 
       4.545936597719e-02       6.331255593860e+02 
       4.572405192478e-02       6.294207369946e+02 
       4.599389964723e-02       6.257064080673e+02 
       4.626920738928e-02       6.219874258167e+02 
       4.655029819509e-02       6.182585245724e+02 
       4.683752265814e-02       6.145223082673e+02 
       4.713126205384e-02       6.107714675247e+02 
       4.743193191882e-02       6.070138572871e+02 
       4.773998615383e-02       6.032378871413e+02 
       4.805592174215e-02       5.994480559044e+02 
       4.838028419476e-02       5.956416317457e+02 
       4.871367385660e-02       5.918176291958e+02 
       4.905675323735e-02       5.879726265275e+02 
       4.941025556620e-02       5.841046874877e+02 
       4.977499481519e-02       5.802119983382e+02 
       5.015187749221e-02       5.762913739052e+02 
       5.054191657596e-02       5.723393126935e+02 
       5.094624805550e-02       5.683526510367e+02 
       5.136615065107e-02       5.643287409151e+02 
       5.180306943849e-02       5.602625650210e+02 
       5.225864428458e-02       5.561483968286e+02 
       5.273474423734e-02       5.519812366452e+02 
       5.323350931534e-02       5.477544833290e+02 
       5.375740152168e-02       5.434612409505e+02 
       5.430926738696e-02       5.390878438877e+02 
       5.489241493690e-02       5.346286853051e+02 
       5.551070869125e-02       5.300690901206e+02 
       5.616868710997e-02       5.253928587291e+02 
       5.687170773049e-02       5.205771988792e+02 
       5.762612587817e-02       5.156018734401e+02 
       5.843951280896e-02       5.104302930477e+02 
       5.932091747682e-02       5.050235756921e+02 
       6.028117086684e-02       4.993305239536e+02 
       6.133321936070e-02       4.932759158849e+02 
       6.249244755566e-02       4.867696093370e+02 
       6.377690149308e-02       4.796835802083e+02 
       6.520723856982e-02       4.718547957581e+02 
       6.680610661045e-02       4.630629641022e+02 
       6.859652549373e-02       4.530380765313e+02 
       7.059883994590e-02       4.414600843332e+02 
       7.282619964945e-02       4.280007459288e+02 
       7.527955183929e-02       4.124049576288e+02 
       7.794445682165e-02       3.946000397836e+02 
       8.079223724450e-02       3.747973085166e+02 
       8.378578683304e-02       3.535221294303e+02 
       8.688723076695e-02       3.315449250162e+02 
       9.006380103903e-02       3.097421675454e+02 
       9.329032222250e-02       2.889477066719e+02 
       9.654899390797e-02       2.698391692190e+02 
       9.982791520261e-02       2.528786689817e+02 
       1.031194144092e-01       2.382942195803e+02 
       1.064186593647e-01       2.261037322269e+02 
       1.097226501005e-01       2.161425235321e+02 
       1.130295406014e-01       2.081118056520e+02 
       1.163382010183e-01       2.016219915388e+02 
       1.196479420177e-01       1.962332531377e+02 
       1.229583437685e-01       1.914961718370e+02 
       1.262691507850e-01       1.869906381629e+02 
       1.295802076103e-01       1.823603953130e+02 
       1.328914196047e-01       1.773423930579e+02 
       1.362027290859e-01       1.717834683909e+02 
       1.395141008268e-01       1.656451427733e+02 
       1.428255132474e-01       1.589942415160e+02 
       1.461369530655e-01       1.519792724165e+02 
       1.494484120491e-01       1.448027142757e+02 
       1.527598850445e-01       1.376876779186e+02 
       1.560713687784e-01       1.308496000240e+02 
       1.593828611298e-01       1.244720249719e+02 
       1.626943606876e-01       1.186913725132e+02 
       1.660058664806e-01       1.135891986531e+02 
       1.693173778135e-01       1.091907679227e+02 
       1.726288941659e-01       1.054696166127e+02 
       1.759404151310e-01       1.023563472341e+02 
       1.792519403775e-01       9.974856518750e+01 
       1.825634696254e-01       9.752317804863e+01 
       1.858750026320e-01       9.554843230431e+01 
       1.891865391814e-01       9.371108871150e+01 
       1.924980790794e-01       9.189054837489e+01 
       1.958096221485e-01       8.998081498985e+01 
       1.991211682254e-01       8.791499812424e+01 
       2.024327171590e-01       8.566041740699e+01 
       2.057442688090e-01       8.321947516027e+01 
       2.090558230444e-01       8.062506756096e+01 
       2.123673797428e-01       7.793263481333e+01 
       2.156789387896e-01       7.520827285418e+01 
       2.189905000773e-01       7.251983973369e+01 
       2.223020635049e-01       6.992867770034e+01 
       2.256136289773e-01       6.748518759145e+01 
       2.289251964053e-01       6.522562626763e+01 
       2.322367657044e-01       6.317323447630e+01 
       2.355483367953e-01       6.133697411109e+01 
       2.388599096028e-01       5.971218952636e+01 
       2.421714840561e-01       5.828146165230e+01 
       2.454830600881e-01       5.701603226599e+01 
       2.487946376354e-01       5.587922030894e+01 
       2.521062166378e-01       5.482999948567e+01 
       2.554177970385e-01       5.382854651367e+01 
       2.587293787832e-01       5.283908146557e+01 
       2.620409618209e-01       5.183381507218e+01 
       2.653525461027e-01       5.079389938199e+01 
       2.686641315825e-01       4.970948600467e+01 
       2.719757182160e-01       4.857930585995e+01 
       2.752873059616e-01       4.740899405322e+01 
       2.785988947792e-01       4.621091135264e+01 
       2.819104846310e-01       4.500179895759e+01 
       2.852220754805e-01       4.380181670929e+01 
       2.885336672934e-01       4.263133134549e+01 
       2.918452600367e-01       4.150904800177e+01 
       2.951568536787e-01       4.044942838074e+01 
       2.984684481895e-01       3.946133686516e+01 
       3.017800435404e-01       3.854789289173e+01 
       3.050916397037e-01       3.770691986506e+01 
       3.084032366532e-01       3.693240162165e+01 
       3.117148343637e-01       3.621546793541e+01 
       3.150264328110e-01       3.554589107724e+01 
       3.183380319722e-01       3.491256380370e+01 
       3.216496318249e-01       3.430413359830e+01 
       3.249612323480e-01       3.370979088479e+01 
       3.282728335210e-01       3.311994721096e+01 
       3.315844353244e-01       3.252711755084e+01 
       3.348960377394e-01       3.192671017079e+01 
       3.382076407480e-01       3.131737318700e+01 
       3.415192443327e-01       3.070070492753e+01 
       3.448308484770e-01       3.008047595806e+01 
       3.481424531647e-01       2.946174235401e+01 
       3.514540583805e-01       2.884992975462e+01 
       3.547656641095e-01       2.825026366097e+01 
       3.580772703373e-01       2.766742230891e+01 
       3.613888770502e-01       2.710541549284e+01 
       3.647004842350e-01       2.656737073587e+01 
       3.680120918788e-01       2.605535878549e+01 
       3.713236999693e-01       2.557008365709e+01 
       3.746353084945e-01       2.511076771039e+01 
       3.779469174431e-01       2.467500048115e+01 
       3.812585268040e-01       2.425935839102e+01 
       3.845701365664e-01       2.385981461559e+01 
       3.878817467200e-01       2.347250097778e+01 
       3.911933572548e-01       2.309400515454e+01 
       3.945049681613e-01       2.272173075491e+01 
       3.978165794300e-01       2.235381693474e+01 
       4.011281910520e-01       2.198891736697e+01 
       4.044398030185e-01       2.162624535021e+01 
       4.077514153212e-01       2.126550320793e+01 
       4.110630279518e-01       2.090685355883e+01 
       4.143746409026e-01       2.055115858283e+01 
       4.176862541657e-01       2.019976799785e+01 
       4.209978677339e-01       1.985429471999e+01 
       4.243094816000e-01       1.951636194452e+01 
       4.276210957569e-01       1.918725720447e+01 
       4.309327101981e-01       1.886778175063e+01 
       4.342443249169e-01       1.855826837540e+01 
       4.375559399070e-01       1.825867483118e+01 
       4.408675551624e-01       1.796882644064e+01 
       4.441791706769e-01       1.768842306489e+01 
       4.474907864450e-01       1.741708447526e+01 
       4.508024024608e-01       1.715425965128e+01 
       4.541140187191e-01       1.689909487898e+01 
       4.574256352146e-01       1.665054062330e+01 
       4.607372519420e-01       1.640737713698e+01 
       4.640488688964e-01       1.616856458003e+01 
       4.673604860730e-01       1.593321833170e+01 
       4.706721034671e-01       1.570090454265e+01 
       4.739837210740e-01       1.547142162646e+01 
       4.772953388895e-01       1.524481872852e+01 
       4.806069569090e-01       1.502119917748e+01 
       4.839185751284e-01       1.480067893802e+01 
       4.872301935437e-01       1.458340257217e+01 
       4.905418121508e-01       1.436954413276e+01 
       4.938534309459e-01       1.415957242097e+01 
       4.971650499252e-01       1.395391153196e+01 
       5.004766690850e-01       1.375296713292e+01 
       5.037882884218e-01       1.355711467351e+01 
       5.070999079321e-01       1.336646222972e+01 
       5.104115276124e-01       1.318085585840e+01 
       5.137231474596e-01       1.299994034410e+01 
       5.170347674704e-01       1.282332232083e+01 
       5.203463876416e-01       1.265057709914e+01 
       5.236580079702e-01       1.248142112264e+01 
       5.269696284532e-01       1.231561436209e+01 
       5.302812490877e-01       1.215293145141e+01 
       5.335928698709e-01       1.199310255269e+01 
       5.369044908001e-01       1.183581505894e+01 
       5.402161118725e-01       1.168082445195e+01 
       5.435277330855e-01       1.152794025709e+01 
       5.468393544365e-01       1.137714549738e+01 
       5.501509759231e-01       1.122853046742e+01 
       5.534625975428e-01       1.108227190715e+01 
       5.567742192932e-01       1.093855054319e+01 
       5.600858411721e-01       1.079745549471e+01 
       5.633974631770e-01       1.065897265259e+01 
       5.667090853059e-01       1.052303429702e+01 
       5.700207075565e-01       1.038957349020e+01 
       5.733323299267e-01       1.025857437944e+01 
       5.766439524145e-01       1.013007766651e+01 
       5.799555750179e-01       1.000413248821e+01 
       5.832671977348e-01       9.880723463259e+00 
       5.865788205633e-01       9.759779779053e+00 
       5.898904435016e-01       9.641120930624e+00 
       5.932020665478e-01       9.524549399283e+00 
       5.965136897002e-01       9.409897801035e+00 
       5.998253129568e-01       9.297053274430e+00 
       6.031369363161e-01       9.185993816901e+00 
       6.064485597764e-01       9.076724893214e+00 
       6.097601833359e-01       8.969225098512e+00 
       6.130718069931e-01       8.863447202298e+00 
       6.163834307464e-01       8.759285596114e+00 
       6.196950545942e-01       8.656639130667e+00 
       6.230066785351e-01       8.555454732852e+00 
       6.263183025675e-01       8.455740526931e+00 
       6.296299266901e-01       8.357566238190e+00 
       6.329415509014e-01       8.261011225276e+00 
       6.362531751999e-01       8.166123127140e+00 
       6.395647995844e-01       8.072885517604e+00 
       6.428764240535e-01       7.981230912337e+00 
       6.461880486059e-01       7.891071306171e+00 
       6.494996732404e-01       7.802325208823e+00 
       6.528112979556e-01       7.714975640971e+00 
       6.561229227504e-01       7.629035155870e+00 
       6.594345476236e-01       7.544515438970e+00 
       6.627461725739e-01       7.461407924442e+00 
       6.660577976002e-01       7.379650374472e+00 
       6.693694227015e-01       7.299143250914e+00 
       6.726810478765e-01       7.219805533571e+00 
       6.759926731242e-01       7.141550501169e+00 
       6.793042984435e-01       7.064398500201e+00 
       6.826159238334e-01       6.988344909986e+00 
       6.859275492929e-01       6.913437506168e+00 
       6.892391748209e-01       6.839683472193e+00 
       6.925508004165e-01       6.767049774468e+00 
       6.958624260787e-01       6.695468607339e+00 
       6.991740518066e-01       6.624898462076e+00 
       7.024856775992e-01       6.555280693994e+00 
       7.057973034555e-01       6.486648521233e+00 
       7.091089293748e-01       6.419022369756e+00 
       7.124205553562e-01       6.352439748569e+00 
       7.157321813987e-01       6.286899207503e+00 
       7.190438075015e-01       6.222362710830e+00 
       7.223554336638e-01       6.158777040058e+00 
       7.256670598848e-01       6.096069148228e+00 
       7.289786861636e-01       6.034208842226e+00 
       7.322903124996e-01       5.973191698814e+00 
       7.356019388919e-01       5.913036216065e+00 
       7.389135653397e-01       5.853761048712e+00 
       7.422251918423e-01       5.795362884470e+00 
       7.455368183990e-01       5.737802195097e+00 
       7.488484450091e-01       5.681024419319e+00 
       7.521600716718e-01       5.624974470674e+00 
       7.554716983865e-01       5.569638984185e+00 
       8.197934407889e-01       4.630610950527e+00 
       9.096668178817e-01       3.652433394804e+00 
       1.048088787439e+00       2.633760268701e+00 
       1.272276487151e+00       1.672345742821e+00 
       1.594770707954e+00       9.761351792070e-01 
       2.007488917547e+00       5.589469207634e-01 
       2.527277510503e+00       3.173354842148e-01 
       3.181653879348e+00       1.788100784693e-01 
       4.005464920244e+00       1.000658382385e-01 
       5.042581574146e+00       5.564966034638e-02 
       6.348234084737e+00       3.077137622777e-02 
       7.991953209294e+00       1.692608067415e-02 
       1.006127298505e+01       9.265258419560e-03 
       1.266639223588e+01       5.049145826170e-03 
       1.594604306150e+01       2.740086923077e-03 
       2.007487882768e+01       1.481255733823e-03 
       2.527277509486e+01       7.978219459781e-04 
       3.181653879348e+01       4.282165817700e-04 
       4.005464920244e+01       2.290661111324e-04 
       5.042581574146e+01       1.221227827842e-04 
       6.348234084737e+01       6.488214227229e-05 
       7.991953209294e+01       3.434249042539e-05 
       1.006127298505e+02       1.809980939133e-05 
       1.266639223588e+02       9.489654191343e-06 
       1.594604306150e+02       4.942312319222e-06 
       2.007487882768e+02       2.551188495236e-06 
       2.527277509486e+02       1.301275238436e-06 
       3.181653879348e+02       6.534044524478e-07 
       4.005464920244e+02       3.218440262568e-07 
       5.042581574146e+02       1.553272990012e-07 
       6.348234084737e+02       7.375745938137e-08 
       7.991953209294e+02       3.479765339150e-08 
       1.006127298505e+03       1.643946241167e-08 
