# Matter power spectrum P(k) at redshift z=3.5
# for k=1.04575e-05 to 1006.15 h/Mpc,
# number of wavenumbers equal to 625
#    1:k (h/Mpc)              2:P (Mpc/h)^3        
       1.045749810485e-05       3.191379925751e+00 
       2.373043761528e-05       7.215864914693e+00 
       3.705205197341e-05       1.123809729216e+01 
       5.046040160262e-05       1.527428601531e+01 
       6.399420676399e-05       1.933835705708e+01 
       7.769321405898e-05       2.344352812406e+01 
       9.159857522556e-05       2.760289584621e+01 
       1.057532435558e-04       3.182975619073e+01 
       1.202023933008e-04       3.613783013240e+01 
       1.349938674647e-04       4.054145010078e+01 
       1.501786593808e-04       4.505573183087e+01 
       1.658114333596e-04       4.969674285631e+01 
       1.819510894196e-04       5.448167414609e+01 
       1.986613765579e-04       5.942901879550e+01 
       2.160115580438e-04       6.455875958488e+01 
       2.340771306401e-04       6.989256650973e+01 
       2.529405972213e-04       7.545400373797e+01 
       2.726922886571e-04       8.126874465929e+01 
       2.934312256600e-04       8.736479063518e+01 
       3.152660040981e-04       9.377268768600e+01 
       3.383156775180e-04       1.005257320392e+02 
       3.627105977775e-04       1.076601504838e+02 
       3.885931583209e-04       1.152152375530e+02 
       4.161183645581e-04       1.232334249462e+02 
       4.454541324261e-04       1.317602514894e+02 
       4.767811907995e-04       1.408441960162e+02 
       5.102924387431e-04       1.505363268856e+02 
       5.461915893473e-04       1.608897198799e+02 
       5.846909251320e-04       1.719585957413e+02 
       6.260080050474e-04       1.837971364958e+02 
       6.703612104985e-04       1.964579572636e+02 
       7.179641068864e-04       2.099902436001e+02 
       7.690187318622e-04       2.244376080284e+02 
       8.237080952403e-04       2.398357776859e+02 
       8.821883665213e-04       2.562102801515e+02 
       9.445813962622e-04       2.735743400837e+02 
       1.010968318642e-03       2.919272347123e+02 
       1.081384969221e-03       3.112533162074e+02 
       1.155819700313e-03       3.315218639027e+02 
       1.234213899658e-03       3.526878230987e+02 
       1.316465168833e-03       3.746933590613e+02 
       1.402432774394e-03       3.974700613254e+02 
       1.491944724558e-03       4.209415614378e+02 
       1.584805697329e-03       4.450262751549e+02 
       1.680805061300e-03       4.696400347061e+02 
       1.779724358910e-03       4.946984522248e+02 
       1.881343813733e-03       5.201188701994e+02 
       1.985447627100e-03       5.458218692108e+02 
       2.091828006459e-03       5.717323792599e+02 
       2.200287998256e-03       5.977803942833e+02 
       2.310643277916e-03       6.239005759298e+02 
       2.422723085604e-03       6.500347697665e+02 
       2.536370500476e-03       6.761299098137e+02 
       2.651442230081e-03       7.021383363313e+02 
       2.767808065318e-03       7.280175502391e+02 
       2.885350122018e-03       7.537301112009e+02 
       3.003961962113e-03       7.792429568125e+02 
       3.123547662764e-03       8.045272420102e+02 
       3.244020881646e-03       8.295578026223e+02 
       3.365303950641e-03       8.543127891863e+02 
       3.487327018288e-03       8.787733246017e+02 
       3.610027252458e-03       9.029231555088e+02 
       3.733348108622e-03       9.267485367959e+02 
       3.857238664757e-03       9.502376649637e+02 
       3.981653021215e-03       9.733806841749e+02 
       4.106549762154e-03       9.961695970491e+02 
       4.231891474164e-03       1.018597636891e+03 
       4.357644317282e-03       1.040659822770e+03 
       4.483777643502e-03       1.062351931638e+03 
       4.610263657980e-03       1.083671272739e+03 
       4.737077118433e-03       1.104615665004e+03 
       4.864195068510e-03       1.125184024728e+03 
       4.991596601329e-03       1.145376072469e+03 
       5.119262649698e-03       1.165191763589e+03 
       5.247175799933e-03       1.184632183998e+03 
       5.375320126495e-03       1.203698293902e+03 
       5.503681045008e-03       1.222391890627e+03 
       5.632245181484e-03       1.240715370788e+03 
       5.761000255846e-03       1.258670903881e+03 
       5.889934978076e-03       1.276261270632e+03 
       6.019038955502e-03       1.293489446783e+03 
       6.148302609931e-03       1.310358495178e+03 
       6.277717103485e-03       1.326871981934e+03 
       6.407274272154e-03       1.343033644702e+03 
       6.536966566162e-03       1.358846548570e+03 
       6.666786996400e-03       1.374314810789e+03 
       6.796729086234e-03       1.389442121776e+03 
       6.926786828089e-03       1.404232414021e+03 
       7.056954644300e-03       1.418690089494e+03 
       7.187227351743e-03       1.432818947184e+03 
       7.317600129859e-03       1.446622883518e+03 
       7.448068491705e-03       1.460106065145e+03 
       7.578628257697e-03       1.473272770895e+03 
       7.709275531791e-03       1.486126415206e+03 
       7.840006679834e-03       1.498672103079e+03 
       7.970818309857e-03       1.510913418257e+03 
       8.101707254141e-03       1.522853791820e+03 
       8.232670552846e-03       1.534498163956e+03 
       8.363705439076e-03       1.545850359725e+03 
       8.494809325229e-03       1.556913339701e+03 
       8.625979790500e-03       1.567691965983e+03 
       8.757214569446e-03       1.578190121132e+03 
       8.888511541496e-03       1.588411499747e+03 
       9.019868721331e-03       1.598359646997e+03 
       9.151284250039e-03       1.608038814671e+03 
       9.282756386994e-03       1.617454299017e+03 
       9.414283502372e-03       1.626607283375e+03 
       9.545864070270e-03       1.635501314917e+03 
       9.677496662351e-03       1.644140758717e+03 
       9.809179941995e-03       1.652529369467e+03 
       9.940912658886e-03       1.660670086259e+03 
       1.007269364402e-02       1.668566770925e+03 
       1.020452180510e-02       1.676222875681e+03 
       1.033639612222e-02       1.683641437202e+03 
       1.046831564399e-02       1.690826391850e+03 
       1.060027948378e-02       1.697779799058e+03 
       1.073228681639e-02       1.704505890409e+03 
       1.086433687490e-02       1.711007626095e+03 
       1.099642894770e-02       1.717287973675e+03 
       1.112856237583e-02       1.723350302774e+03 
       1.126073655044e-02       1.729197105189e+03 
       1.139295091047e-02       1.734832434684e+03 
       1.152520494046e-02       1.740258277254e+03 
       1.165749816853e-02       1.745477248800e+03 
       1.178983016452e-02       1.750493889297e+03 
       1.192220053825e-02       1.755309263754e+03 
       1.205460893787e-02       1.759926694301e+03 
       1.218705504840e-02       1.764349533849e+03 
       1.231953859028e-02       1.768580642248e+03 
       1.245205931810e-02       1.772620503039e+03 
       1.258461701939e-02       1.776474702190e+03 
       1.271721151347e-02       1.780144068808e+03 
       1.284984265044e-02       1.783631640673e+03 
       1.298251031021e-02       1.786938982937e+03 
       1.311521440158e-02       1.790070763861e+03 
       1.324795486143e-02       1.793028155293e+03 
       1.338073165393e-02       1.795813283262e+03 
       1.351354476986e-02       1.798429646067e+03 
       1.364639422595e-02       1.800879047257e+03 
       1.377928006424e-02       1.803163644462e+03 
       1.391220235156e-02       1.805286143674e+03 
       1.404516117903e-02       1.807249027087e+03 
       1.417815666155e-02       1.809054781943e+03 
       1.431118893742e-02       1.810704102035e+03 
       1.444425816794e-02       1.812201723992e+03 
       1.457736453706e-02       1.813547467317e+03 
       1.471050825103e-02       1.814745082510e+03 
       1.484368953822e-02       1.815795597582e+03 
       1.497690864875e-02       1.816702276601e+03 
       1.511016585436e-02       1.817465986290e+03 
       1.524346144820e-02       1.818090367195e+03 
       1.537679574464e-02       1.818576559863e+03 
       1.551016907917e-02       1.818926689601e+03 
       1.564358180828e-02       1.819143332926e+03 
       1.577703430938e-02       1.819227800944e+03 
       1.591052698073e-02       1.819182607552e+03 
       1.604406024142e-02       1.819009720570e+03 
       1.617763453133e-02       1.818711089361e+03 
       1.631125031118e-02       1.818288196429e+03 
       1.644490806251e-02       1.817743468189e+03 
       1.657860828775e-02       1.817078862588e+03 
       1.671235151029e-02       1.816296230904e+03 
       1.684613827459e-02       1.815397511503e+03 
       1.697996914622e-02       1.814382986027e+03 
       1.711384471207e-02       1.813256023672e+03 
       1.724776558040e-02       1.812019895932e+03 
       1.738173238109e-02       1.810674956875e+03 
       1.751574576578e-02       1.809221226579e+03 
       1.764980640804e-02       1.807662422319e+03 
       1.778391500363e-02       1.806000061697e+03 
       1.791807227070e-02       1.804236082650e+03 
       1.805227895006e-02       1.802371246119e+03 
       1.818653580541e-02       1.800408486405e+03 
       1.832084362365e-02       1.798348097184e+03 
       1.845520321520e-02       1.796192743982e+03 
       1.858961541424e-02       1.793942959096e+03 
       1.872408107911e-02       1.791601979891e+03 
       1.885860109264e-02       1.789170722828e+03 
       1.899317636251e-02       1.786648962174e+03 
       1.912780782161e-02       1.784041191884e+03 
       1.926249642850e-02       1.781345730323e+03 
       1.939724316775e-02       1.778569529925e+03 
       1.953204905044e-02       1.775705540549e+03 
       1.966691511458e-02       1.772765690230e+03 
       1.980184242558e-02       1.769742437283e+03 
       1.993683207674e-02       1.766642323259e+03 
       2.007188518977e-02       1.763465900525e+03 
       2.020700291530e-02       1.760211318962e+03 
       2.034218643342e-02       1.756883620979e+03 
       2.047743695426e-02       1.753484266202e+03 
       2.061275571856e-02       1.750013532812e+03 
       2.074814399829e-02       1.746472410666e+03 
       2.088360309724e-02       1.742862546671e+03 
       2.101913435170e-02       1.739185287165e+03 
       2.115473913110e-02       1.735441819679e+03 
       2.129041883873e-02       1.731637327908e+03 
       2.142617491241e-02       1.727765932929e+03 
       2.156200882525e-02       1.723834717982e+03 
       2.169792208640e-02       1.719842086788e+03 
       2.183391624183e-02       1.715789873204e+03 
       2.196999287514e-02       1.711680822174e+03 
       2.210615360838e-02       1.707511961962e+03 
       2.224240010293e-02       1.703291556294e+03 
       2.237873406036e-02       1.699012999825e+03 
       2.251515722336e-02       1.694682266159e+03 
       2.265167137665e-02       1.690303346252e+03 
       2.278827834800e-02       1.685870071493e+03 
       2.292498000920e-02       1.681387021975e+03 
       2.306177827707e-02       1.676857833895e+03 
       2.319867511457e-02       1.672279308949e+03 
       2.333567253186e-02       1.667656536149e+03 
       2.347277258747e-02       1.662986797648e+03 
       2.360997738941e-02       1.658275436777e+03 
       2.374728909641e-02       1.653519760301e+03 
       2.388470991917e-02       1.648725916802e+03 
       2.402224212160e-02       1.643890077966e+03 
       2.415988802217e-02       1.639014253199e+03 
       2.429764999526e-02       1.634097431160e+03 
       2.443553047256e-02       1.629146827575e+03 
       2.457353194453e-02       1.624161787975e+03 
       2.471165696187e-02       1.619139170943e+03 
       2.484990813710e-02       1.614082540554e+03 
       2.498828814611e-02       1.608994332688e+03 
       2.512679972984e-02       1.603871208655e+03 
       2.526544569592e-02       1.598719237841e+03 
       2.540422892050e-02       1.593538286032e+03 
       2.554315234997e-02       1.588326314908e+03 
       2.568221900292e-02       1.583085371681e+03 
       2.582143197196e-02       1.577816439194e+03 
       2.596079442580e-02       1.572522654359e+03 
       2.610030961129e-02       1.567204200863e+03 
       2.623998085549e-02       1.561864034145e+03 
       2.637981156794e-02       1.556494712544e+03 
       2.651980524290e-02       1.551105739701e+03 
       2.665996546168e-02       1.545692360858e+03 
       2.680029589511e-02       1.540260916450e+03 
       2.694080030602e-02       1.534805748918e+03 
       2.708148255186e-02       1.529334358714e+03 
       2.722234658737e-02       1.523844319708e+03 
       2.736339646738e-02       1.518333774271e+03 
       2.750463634970e-02       1.512804653107e+03 
       2.764607049807e-02       1.507264655098e+03 
       2.778770328530e-02       1.501703395430e+03 
       2.792953919641e-02       1.496134899449e+03 
       2.807158283200e-02       1.490545884122e+03 
       2.821383891169e-02       1.484943101684e+03 
       2.835631227763e-02       1.479328582585e+03 
       2.849900789825e-02       1.473703396186e+03 
       2.864193087208e-02       1.468068882936e+03 
       2.878508643170e-02       1.462417832977e+03 
       2.892847994792e-02       1.456761324709e+03 
       2.907211693401e-02       1.451091140148e+03 
       2.921600305018e-02       1.445421379767e+03 
       2.936014410820e-02       1.439733497830e+03 
       2.950454607619e-02       1.434041984228e+03 
       2.964921508358e-02       1.428342222614e+03 
       2.979415742637e-02       1.422639696937e+03 
       2.993937957245e-02       1.416927894955e+03 
       3.008488816723e-02       1.411210916089e+03 
       3.023069003948e-02       1.405489297030e+03 
       3.037679220740e-02       1.399763112418e+03 
       3.052320188494e-02       1.394032994190e+03 
       3.066992648838e-02       1.388301304459e+03 
       3.081697364318e-02       1.382568760976e+03 
       3.096435119115e-02       1.376826555247e+03 
       3.111206719787e-02       1.371085706443e+03 
       3.126012996051e-02       1.365345709059e+03 
       3.140854801586e-02       1.359608244296e+03 
       3.155733014887e-02       1.353864946572e+03 
       3.170648540141e-02       1.348122261314e+03 
       3.185602308155e-02       1.342380811987e+03 
       3.200595277315e-02       1.336644537369e+03 
       3.215628434598e-02       1.330903617867e+03 
       3.230702796621e-02       1.325167479709e+03 
       3.245819410741e-02       1.319433024586e+03 
       3.260979356215e-02       1.313696323829e+03 
       3.276183745398e-02       1.307967312707e+03 
       3.291433725013e-02       1.302242241095e+03 
       3.306730477471e-02       1.296517998546e+03 
       3.322075222260e-02       1.290793859943e+03 
       3.337469217403e-02       1.285079796450e+03 
       3.352913760980e-02       1.279372559582e+03 
       3.368410192736e-02       1.273663930591e+03 
       3.383959895760e-02       1.267962364181e+03 
       3.399564298254e-02       1.262266202439e+03 
       3.415224875396e-02       1.256573805692e+03 
       3.430943151287e-02       1.250891118340e+03 
       3.446720701016e-02       1.245207705992e+03 
       3.462559152820e-02       1.239537306388e+03 
       3.478460190367e-02       1.233869232430e+03 
       3.494425555159e-02       1.228209941129e+03 
       3.510457049068e-02       1.222554549494e+03 
       3.526556537007e-02       1.216912706290e+03 
       3.542725949757e-02       1.211272268328e+03 
       3.558967286947e-02       1.205639850911e+03 
       3.575282620204e-02       1.200013126542e+03 
       3.591674096486e-02       1.194396158899e+03 
       3.608143941613e-02       1.188787340530e+03 
       3.624694463996e-02       1.183185520703e+03 
       3.641328058594e-02       1.177594108100e+03 
       3.658047211114e-02       1.172008407605e+03 
       3.674854502456e-02       1.166432578639e+03 
       3.691752613441e-02       1.160861445650e+03 
       3.708744329831e-02       1.155299453096e+03 
       3.725832547669e-02       1.149745266064e+03 
       3.743020278953e-02       1.144200237500e+03 
       3.760310657689e-02       1.138662281552e+03 
       3.777706946333e-02       1.133138032930e+03 
       3.795212542663e-02       1.127614463734e+03 
       3.812830987117e-02       1.122101890073e+03 
       3.830565970624e-02       1.116597254553e+03 
       3.848421342989e-02       1.111104013944e+03 
       3.866401121852e-02       1.105615682079e+03 
       3.884509502293e-02       1.100132490985e+03 
       3.902750867120e-02       1.094662881430e+03 
       3.921129797920e-02       1.089199108428e+03 
       3.939651086917e-02       1.083739247335e+03 
       3.958319749728e-02       1.078287673756e+03 
       3.977141039084e-02       1.072846063199e+03 
       3.996120459624e-02       1.067410833485e+03 
       4.015263783837e-02       1.061982072031e+03 
       4.034577069283e-02       1.056557311355e+03 
       4.054066677207e-02       1.051141924222e+03 
       4.073739292676e-02       1.045729131668e+03 
       4.093601946408e-02       1.040324456378e+03 
       4.113662038441e-02       1.034928157001e+03 
       4.133927363850e-02       1.029534881393e+03 
       4.154406140720e-02       1.024142425537e+03 
       4.175107040600e-02       1.018768473400e+03 
       4.196039221729e-02       1.013377612140e+03 
       4.217212365321e-02       1.008000805876e+03 
       4.238636715250e-02       1.002625669545e+03 
       4.260323121533e-02       9.972501646448e+02 
       4.282283088035e-02       9.918843521515e+02 
       4.304528824899e-02       9.865114681077e+02 
       4.327073306268e-02       9.811455653380e+02 
       4.349930333937e-02       9.757806320714e+02 
       4.373114607684e-02       9.704103827477e+02 
       4.396641803108e-02       9.650413796208e+02 
       4.420528657961e-02       9.596711092487e+02 
       4.444793068082e-02       9.542968890628e+02 
       4.469454194227e-02       9.489193661541e+02 
       4.494532581288e-02       9.435352138443e+02 
       4.520050291638e-02       9.381495222747e+02 
       4.546031054620e-02       9.327531927888e+02 
       4.572500434546e-02       9.273500288507e+02 
       4.599486019958e-02       9.219350611469e+02 
       4.627017637418e-02       9.165105763121e+02 
       4.655127593643e-02       9.110745523488e+02 
       4.683850950528e-02       9.056270866797e+02 
       4.713225838436e-02       9.001606188613e+02 
       4.743293814168e-02       8.946776940272e+02 
       4.774100271297e-02       8.891753137747e+02 
       4.805694912064e-02       8.836503423835e+02 
       4.838132291952e-02       8.781027735539e+02 
       4.871472450393e-02       8.725306295617e+02 
       4.905781643925e-02       8.669230785156e+02 
       4.941133201783e-02       8.612867737668e+02 
       4.977608528353e-02       8.556126292176e+02 
       5.015298282618e-02       8.498995433459e+02 
       5.054303771845e-02       8.441397494999e+02 
       5.094738605757e-02       8.383299093278e+02 
       5.136730668884e-02       8.324672441033e+02 
       5.180424483333e-02       8.265441497443e+02 
       5.225984052739e-02       8.205501980409e+02 
       5.273596301788e-02       8.144817645624e+02 
       5.323475255774e-02       8.083250616879e+02 
       5.375867142783e-02       8.020706436434e+02 
       5.431056648953e-02       7.957040820888e+02 
       5.489374616450e-02       7.892116721355e+02 
       5.551207544878e-02       7.825746662853e+02 
       5.617009337762e-02       7.757672308997e+02 
       5.687315818582e-02       7.687609699362e+02 
       5.762762604582e-02       7.615181934242e+02 
       5.844106924229e-02       7.539949051299e+02 
       5.932253797381e-02       7.461295701886e+02 
       6.028286471725e-02       7.378434079149e+02 
       6.133499760901e-02       7.290332051689e+02 
       6.249432323971e-02       7.195611361361e+02 
       6.377888977286e-02       7.092437131201e+02 
       6.520935658723e-02       6.978342445678e+02 
       6.680837282307e-02       6.850117017775e+02 
       6.859895815143e-02       6.703733034280e+02 
       7.060145446358e-02       6.534434630671e+02 
       7.282900509302e-02       6.337345418604e+02 
       7.528254764851e-02       6.108616976859e+02 
       7.794763165265e-02       5.847099419476e+02 
       8.079557122545e-02       5.555841178201e+02 
       8.378925639194e-02       5.242556810789e+02 
       8.689081350409e-02       4.918607059619e+02 
       9.006747864852e-02       4.596992001151e+02 
       9.329408122598e-02       4.290059062670e+02 
       9.655282505597e-02       4.007905402586e+02 
       9.983181243343e-02       3.757407451487e+02 
       1.031233738652e-01       3.542027560537e+02 
       1.064226786357e-01       3.362030769794e+02 
       1.097267276976e-01       3.215037814975e+02 
       1.130336756109e-01       3.096643578855e+02 
       1.163423928821e-01       3.001075655302e+02 
       1.196521903954e-01       2.921811495096e+02 
       1.229626484529e-01       2.852174131354e+02 
       1.262735116499e-01       2.785915279590e+02 
       1.295846245788e-01       2.717738259558e+02 
       1.328958926300e-01       2.643716959818e+02 
       1.362072581392e-01       2.561566396032e+02 
       1.395186858906e-01       2.470713372523e+02 
       1.428301543108e-01       2.372143045333e+02 
       1.461416501217e-01       2.268077264546e+02 
       1.494531650939e-01       2.161532404018e+02 
       1.527646940752e-01       2.055842804437e+02 
       1.560762337931e-01       1.954226637576e+02 
       1.593877821275e-01       1.859430357481e+02 
       1.626993376673e-01       1.773504503924e+02 
       1.660108994417e-01       1.697668083156e+02 
       1.693224667555e-01       1.632309973487e+02 
       1.726340390885e-01       1.577044387260e+02 
       1.759456160339e-01       1.530836734937e+02 
       1.792571972603e-01       1.492164541453e+02 
       1.825687824880e-01       1.459189659622e+02 
       1.858803714740e-01       1.429946526558e+02 
       1.891919640029e-01       1.402740274101e+02 
       1.925035598800e-01       1.375769325694e+02 
       1.958151589280e-01       1.347444962318e+02 
       1.991267609837e-01       1.316767682076e+02 
       2.024383658960e-01       1.283246257066e+02 
       2.057499735245e-01       1.246913213490e+02 
       2.090615837384e-01       1.208265634296e+02 
       2.123731964151e-01       1.168128902032e+02 
       2.156848114401e-01       1.127496668069e+02 
       2.189964287058e-01       1.087387571600e+02 
       2.223080481113e-01       1.048721250778e+02 
       2.256196695617e-01       1.012250407940e+02 
       2.289312929674e-01       9.785273350403e+01 
       2.322429182442e-01       9.479011317545e+01 
       2.355545453127e-01       9.205023582472e+01 
       2.388661740978e-01       8.962677577371e+01 
       2.421778045285e-01       8.749369958693e+01 
       2.454894365379e-01       8.560781730619e+01 
       2.488010700625e-01       8.391418238882e+01 
       2.521127050422e-01       8.235169176940e+01 
       2.554243414200e-01       8.086006700038e+01 
       2.587359791419e-01       7.938582250786e+01 
       2.620476181567e-01       7.788725754558e+01 
       2.653592584155e-01       7.633592151798e+01 
       2.686708998722e-01       7.471710411235e+01 
       2.719825424828e-01       7.302885399122e+01 
       2.752941862052e-01       7.127966805125e+01 
       2.786058309997e-01       6.948808981699e+01 
       2.819174768282e-01       6.767939591617e+01 
       2.852291236545e-01       6.588378513141e+01 
       2.885407714441e-01       6.413202173730e+01 
       2.918524201640e-01       6.245219277023e+01 
       2.951640697827e-01       6.086606725291e+01 
       2.984757202702e-01       5.938708101340e+01 
       3.017873715976e-01       5.802006905627e+01 
       3.050990237374e-01       5.676172193123e+01 
       3.084106766634e-01       5.560295383593e+01 
       3.117223303504e-01       5.453062222551e+01 
       3.150339847742e-01       5.352917535579e+01 
       3.183456399118e-01       5.258197345800e+01 
       3.216572957409e-01       5.167204313185e+01 
       3.249689522404e-01       5.078298259334e+01 
       3.282806093897e-01       4.990036743940e+01 
       3.315922671695e-01       4.901298507381e+01 
       3.349039255608e-01       4.811393249063e+01 
       3.382155845457e-01       4.720121544255e+01 
       3.415272441067e-01       4.627711392945e+01 
       3.448389042272e-01       4.534739274625e+01 
       3.481505648911e-01       4.441966676856e+01 
       3.514622260831e-01       4.350211292210e+01 
       3.547738877882e-01       4.260265763610e+01 
       3.580855499922e-01       4.172836056763e+01 
       3.613972126813e-01       4.088513184954e+01 
       3.647088758422e-01       4.007790781381e+01 
       3.680205394621e-01       3.930981644548e+01 
       3.713322035287e-01       3.858179028348e+01 
       3.746438680301e-01       3.789277195377e+01 
       3.779555329547e-01       3.723912936177e+01 
       3.812671982916e-01       3.661567626656e+01 
       3.845788640301e-01       3.601638226609e+01 
       3.878905301597e-01       3.543534999377e+01 
       3.912021966706e-01       3.486747002984e+01 
       3.945138635530e-01       3.430883969941e+01 
       3.978255307977e-01       3.375661697962e+01 
       4.011371983957e-01       3.320892593615e+01 
       4.044488663382e-01       3.266440058691e+01 
       4.077605346168e-01       3.212264010599e+01 
       4.110722032234e-01       3.158393896648e+01 
       4.143838721501e-01       3.104958265274e+01 
       4.176955413892e-01       3.052154137070e+01 
       4.210072109333e-01       3.000236378770e+01 
       4.243188807752e-01       2.949445725708e+01 
       4.276305509081e-01       2.899977869209e+01 
       4.309422213251e-01       2.851955220956e+01 
       4.342538920198e-01       2.805427345451e+01 
       4.375655629858e-01       2.760387687191e+01 
       4.408772342170e-01       2.716813062686e+01 
       4.441889057074e-01       2.674657992495e+01 
       4.475005774513e-01       2.633864976534e+01 
       4.508122494430e-01       2.594346016898e+01 
       4.541239216771e-01       2.555979294483e+01 
       4.574355941484e-01       2.518603685602e+01 
       4.607472668516e-01       2.482038458512e+01 
       4.640589397819e-01       2.446120088389e+01 
       4.673706129343e-01       2.410720312244e+01 
       4.706822863041e-01       2.375770247832e+01 
       4.739939598869e-01       2.341242807093e+01 
       4.773056336780e-01       2.307145145745e+01 
       4.806173076733e-01       2.273490766933e+01 
       4.839289818685e-01       2.240296288847e+01 
       4.872406562596e-01       2.207587009143e+01 
       4.905523308424e-01       2.175397822308e+01 
       4.938640056133e-01       2.143780782349e+01 
       4.971756805683e-01       2.112802612042e+01 
       5.004873557039e-01       2.082547706862e+01 
       5.037990310164e-01       2.053053602064e+01 
       5.071107065024e-01       2.024333281376e+01 
       5.104223821585e-01       1.996383791607e+01 
       5.137340579814e-01       1.969135558119e+01 
       5.170457339678e-01       1.942529580806e+01 
       5.203574101147e-01       1.916510374186e+01 
       5.236690864190e-01       1.891027310238e+01 
       5.269807628778e-01       1.866047002770e+01 
       5.302924394880e-01       1.841534551543e+01 
       5.336041162469e-01       1.817451423714e+01 
       5.369157931517e-01       1.793751465840e+01 
       5.402274701998e-01       1.770392443436e+01 
       5.435391473885e-01       1.747344328887e+01 
       5.468508247152e-01       1.724612510970e+01 
       5.501625021775e-01       1.702205422345e+01 
       5.534741797728e-01       1.680156483060e+01 
       5.567858574989e-01       1.658486625346e+01 
       5.600975353534e-01       1.637210124217e+01 
       5.634092133340e-01       1.616326066262e+01 
       5.667208914385e-01       1.595824192973e+01 
       5.700325696648e-01       1.575694810008e+01 
       5.733442480106e-01       1.555935250275e+01 
       5.766559264741e-01       1.536551885970e+01 
       5.799676050531e-01       1.517551984838e+01 
       5.832792837456e-01       1.498934564364e+01 
       5.865909625498e-01       1.480687088189e+01 
       5.899026414637e-01       1.462780801227e+01 
       5.932143204855e-01       1.445194087733e+01 
       5.965259996135e-01       1.427892311544e+01 
       5.998376788458e-01       1.410862153175e+01 
       6.031493581807e-01       1.394100388535e+01 
       6.064610376165e-01       1.377607669643e+01 
       6.097727171517e-01       1.361381549625e+01 
       6.130843967845e-01       1.345412607849e+01 
       6.163960765134e-01       1.329687388535e+01 
       6.197077563368e-01       1.314189464444e+01 
       6.230194362533e-01       1.298911439415e+01 
       6.263311162613e-01       1.283853932155e+01 
       6.296427963595e-01       1.269028071311e+01 
       6.329544765463e-01       1.254445665920e+01 
       6.362661568205e-01       1.240114391158e+01 
       6.395778371805e-01       1.226031575661e+01 
       6.428895176252e-01       1.212187104112e+01 
       6.462011981532e-01       1.198566539551e+01 
       6.495128787633e-01       1.185159877271e+01 
       6.528245594541e-01       1.171963320508e+01 
       6.561362402245e-01       1.158978325909e+01 
       6.594479210732e-01       1.146207716859e+01 
       6.627596019991e-01       1.133649484108e+01 
       6.660712830010e-01       1.121294427873e+01 
       6.693829640778e-01       1.109128583453e+01 
       6.726946452283e-01       1.097137340648e+01 
       6.760063264516e-01       1.085310542344e+01 
       6.793180077465e-01       1.073647012492e+01 
       6.826296891120e-01       1.062149009779e+01 
       6.859413705470e-01       1.050826112888e+01 
       6.892530520506e-01       1.039675419419e+01 
       6.925647336217e-01       1.028693608485e+01 
       6.958764152595e-01       1.017870728592e+01 
       6.991880969629e-01       1.007199200154e+01 
       7.024997787310e-01       9.966731438595e+00 
       7.058114605629e-01       9.862932299591e+00 
       7.091231424578e-01       9.760663314809e+00 
       7.124348244147e-01       9.659953218077e+00 
       7.157465064327e-01       9.560803475550e+00 
       7.190581885111e-01       9.463185945983e+00 
       7.223698706489e-01       9.366994240063e+00 
       7.256815528454e-01       9.272129387537e+00 
       7.289932350998e-01       9.178544798771e+00 
       7.323049174113e-01       9.086220896943e+00 
       7.356165997791e-01       8.995207878262e+00 
       7.389282822025e-01       8.905514110514e+00 
       7.422399646806e-01       8.817139495697e+00 
       7.455516472128e-01       8.730032314555e+00 
       7.488633297984e-01       8.644103235069e+00 
       7.521750124367e-01       8.559272520204e+00 
       7.554866951269e-01       8.475516812457e+00 
       8.198102721918e-01       7.053455165442e+00 
       9.096865378917e-01       5.570411058459e+00 
       1.048113480481e+00       4.023588312679e+00 
       1.272309008191e+00       2.560789722399e+00 
       1.594812285659e+00       1.498757335849e+00 
       2.007541292717e+00       8.605796285767e-01 
       2.527343447222e+00       4.899317116189e-01 
       3.181736888759e+00       2.768297844044e-01 
       4.005569422901e+00       1.553478851481e-01 
       5.042713135196e+00       8.663218844401e-02 
       6.348399710287e+00       4.803554047204e-02 
       7.992161719507e+00       2.649540915252e-02 
       1.006153548386e+01       1.454350670562e-02 
       1.266672270229e+01       7.947412815711e-03 
       1.594645909407e+01       4.324802995249e-03 
       2.007540258166e+01       2.344351888737e-03 
       2.527343446205e+01       1.266145834958e-03 
       3.181736888759e+01       6.814223970547e-04 
       4.005569422901e+01       3.654947103281e-04 
       5.042713135196e+01       1.953711177143e-04 
       6.348399710287e+01       1.040641877285e-04 
       7.992161719507e+01       5.521672206313e-05 
       1.006153548386e+02       2.916720038158e-05 
       1.266672270229e+02       1.532223712348e-05 
       1.594645909407e+02       7.992113199785e-06 
       2.007540258166e+02       4.128982521497e-06 
       2.527343446205e+02       2.105761931048e-06 
       3.181736888759e+02       1.055738134697e-06 
       4.005569422901e+02       5.182067283650e-07 
       5.042713135196e+02       2.486185861425e-07 
       6.348399710287e+02       1.170109375839e-07 
       7.992161719507e+02       5.452537368115e-08 
       1.006153548386e+03       2.537532347914e-08 
