# Matter power spectrum P(k) at redshift z=5.5
# for k=1.04587e-05 to 1006.18 h/Mpc,
# number of wavenumbers equal to 625
#    1:k (h/Mpc)              2:P (Mpc/h)^3        
       1.045870268866e-05       1.706357781966e+00 
       2.373187310368e-05       3.820202646005e+00 
       3.705372380217e-05       5.917834469530e+00 
       5.046231721908e-05       8.013443853969e+00 
       6.399637571182e-05       1.011670588298e+01 
       7.769564809544e-05       1.223579329678e+01 
       9.160128847324e-05       1.437828095676e+01 
       1.057562526912e-04       1.655154696786e+01 
       1.202057177832e-04       1.876300012632e+01 
       1.349975298089e-04       2.102023516667e+01 
       1.501826854778e-04       2.333115514683e+01 
       1.658158528514e-04       2.570407835755e+01 
       1.819559361320e-04       2.814783919779e+01 
       1.986666889987e-04       3.067188745974e+01 
       2.160173799711e-04       3.328638931858e+01 
       2.340835117070e-04       3.600233048875e+01 
       2.529475937013e-04       3.883162360200e+01 
       2.726999642530e-04       4.178721719346e+01 
       2.934396523958e-04       4.488320696486e+01 
       3.152752632892e-04       4.813494393866e+01 
       3.383258608066e-04       5.155913755258e+01 
       3.627218082115e-04       5.517394429019e+01 
       3.886055114391e-04       5.899903561115e+01 
       4.161319894287e-04       6.305562989042e+01 
       4.454691725620e-04       6.736647491294e+01 
       4.767978048485e-04       7.195576158164e+01 
       5.103108008224e-04       7.684894425045e+01 
       5.462118888683e-04       8.207244624559e+01 
       5.847133659379e-04       8.765322384216e+01 
       6.260328036873e-04       9.361816928624e+01 
       6.703885934819e-04       9.999334192198e+01 
       7.179943068205e-04       1.068030313863e+02 
       7.690519824771e-04       1.140686795667e+02 
       8.237446254462e-04       1.218077208933e+02 
       8.822283938101e-04       1.300324141820e+02 
       9.446251199277e-04       1.387487924269e+02 
       1.011015913410e-03       1.479558312654e+02 
       1.081436579913e-03       1.576449640723e+02 
       1.155875438088e-03       1.678000106474e+02 
       1.234273840199e-03       1.783975657402e+02 
       1.316529352574e-03       1.894077985675e+02 
       1.402501208648e-03       2.007955952922e+02 
       1.492017387150e-03       2.125219193410e+02 
       1.584882541238e-03       2.245452309626e+02 
       1.680886019781e-03       2.368228672556e+02 
       1.779809350608e-03       2.493122645015e+02 
       1.881432747435e-03       2.619719530410e+02 
       1.985540405887e-03       2.747623282265e+02 
       2.091924531146e-03       2.876461649219e+02 
       2.200388170099e-03       3.005889510298e+02 
       2.310747000640e-03       3.135587864494e+02 
       2.422830266832e-03       3.265269115727e+02 
       2.536481052668e-03       3.394675867840e+02 
       2.651556071079e-03       3.523575603718e+02 
       2.767925118590e-03       3.651761190488e+02 
       2.885470316688e-03       3.779049609398e+02 
       3.004085232829e-03       3.905279393133e+02 
       3.123673949470e-03       4.030309724196e+02 
       3.244150129282e-03       4.154018071947e+02 
       3.365436108819e-03       4.276298557258e+02 
       3.487462040940e-03       4.397060356368e+02 
       3.610165097499e-03       4.516225963453e+02 
       3.733488737610e-03       4.633730514803e+02 
       3.857382042578e-03       4.749518823473e+02 
       3.981799115783e-03       4.863545231099e+02 
       4.106698544138e-03       4.975773078210e+02 
       4.232042916729e-03       5.086171456181e+02 
       4.357798395862e-03       5.194718012024e+02 
       4.483934335582e-03       5.301393842369e+02 
       4.610422942912e-03       5.406187462390e+02 
       4.737238977254e-03       5.509089796018e+02 
       4.864359483792e-03       5.610097183321e+02 
       4.991763557034e-03       5.709209943408e+02 
       5.119432131054e-03       5.806429613266e+02 
       5.247347793315e-03       5.901763317642e+02 
       5.375494619326e-03       5.995217544148e+02 
       5.503858025663e-03       6.086802842174e+02 
       5.632424639206e-03       6.176532693058e+02 
       5.761182180674e-03       6.264419302506e+02 
       5.890119360774e-03       6.350477831626e+02 
       6.019225787498e-03       6.434724319195e+02 
       6.148491883262e-03       6.517175103658e+02 
       6.277908810746e-03       6.597849043003e+02 
       6.407468406454e-03       6.676765955646e+02 
       6.537163121081e-03       6.753942118555e+02 
       6.666985965954e-03       6.829399191869e+02 
       6.796930464837e-03       6.903156117137e+02 
       6.926990610529e-03       6.975233829097e+02 
       7.057160825703e-03       7.045654950423e+02 
       7.187435927554e-03       7.114439237119e+02 
       7.317811095817e-03       7.181606889537e+02 
       7.448281843819e-03       7.247179521984e+02 
       7.578843992230e-03       7.311179160450e+02 
       7.709493645242e-03       7.373623452329e+02 
       7.840227168919e-03       7.434538438440e+02 
       7.971041171497e-03       7.493942527310e+02 
       8.101932485448e-03       7.551853487278e+02 
       8.232898151108e-03       7.608296426473e+02 
       8.363935401752e-03       7.663291013194e+02 
       8.495041649929e-03       7.716852464521e+02 
       8.626214474983e-03       7.769005439010e+02 
       8.757451611607e-03       7.819769734395e+02 
       8.888750939360e-03       7.869164203387e+02 
       9.020110473045e-03       7.917206905375e+02 
       9.151528353863e-03       7.963919857005e+02 
       9.283002841297e-03       8.009319364909e+02 
       9.414532305625e-03       8.053426040841e+02 
       9.546115221039e-03       8.096256435832e+02 
       9.677750159296e-03       8.137829860165e+02 
       9.809435783860e-03       8.178165111958e+02 
       9.941170844498e-03       8.217277212896e+02 
       1.007295417229e-02       8.255185621201e+02 
       1.020478467499e-02       8.291907808944e+02 
       1.033666133280e-02       8.327459153880e+02 
       1.046858319436e-02       8.361859531910e+02 
       1.060054937313e-02       8.395119475183e+02 
       1.073255904397e-02       8.427260194868e+02 
       1.086461144000e-02       8.458296653555e+02 
       1.099670584968e-02       8.488243793883e+02 
       1.112884161410e-02       8.517118393675e+02 
       1.126101812447e-02       8.544948689868e+02 
       1.139323481977e-02       8.571726387279e+02 
       1.152549118459e-02       8.597474957838e+02 
       1.165778674710e-02       8.622207095827e+02 
       1.179012107718e-02       8.645945429261e+02 
       1.192249378470e-02       8.668694609891e+02 
       1.205490451785e-02       8.690472872938e+02 
       1.218735296169e-02       8.711297391847e+02 
       1.231983883670e-02       8.731177543612e+02 
       1.245236189750e-02       8.750127540058e+02 
       1.258492193166e-02       8.768159203013e+02 
       1.271751875856e-02       8.785291219629e+02 
       1.285015222831e-02       8.801530439610e+02 
       1.298282222086e-02       8.816887689891e+02 
       1.311552864504e-02       8.831383929235e+02 
       1.324827143776e-02       8.845027377541e+02 
       1.338105056325e-02       8.857827790060e+02 
       1.351386601230e-02       8.869802590254e+02 
       1.364671780167e-02       8.880961477377e+02 
       1.377960597344e-02       8.891312987358e+02 
       1.391253059447e-02       8.900870874892e+02 
       1.404549175590e-02       8.909649053248e+02 
       1.417848957267e-02       8.917660597626e+02 
       1.431152418312e-02       8.924910496393e+02 
       1.444459574855e-02       8.931415663018e+02 
       1.457770445296e-02       8.937182392204e+02 
       1.471085050263e-02       8.942225064168e+02 
       1.484403412595e-02       8.946549786783e+02 
       1.497725557307e-02       8.950170901535e+02 
       1.511051511578e-02       8.953097903444e+02 
       1.524381304722e-02       8.955344491559e+02 
       1.537714968181e-02       8.956916753457e+02 
       1.551052535508e-02       8.957826308797e+02 
       1.564394042353e-02       8.958084687969e+02 
       1.577739526460e-02       8.957699003568e+02 
       1.591089027659e-02       8.956682059713e+02 
       1.604442587860e-02       8.955043139618e+02 
       1.617800251057e-02       8.952791844476e+02 
       1.631162063321e-02       8.949935690096e+02 
       1.644528072812e-02       8.946486672852e+02 
       1.657898329774e-02       8.942454547551e+02 
       1.671272886552e-02       8.937847133348e+02 
       1.684651797591e-02       8.932676629325e+02 
       1.698035119453e-02       8.926942755962e+02 
       1.711422910829e-02       8.920662245778e+02 
       1.724815232551e-02       8.913851402258e+02 
       1.738212147607e-02       8.906511434765e+02 
       1.751613721165e-02       8.898643387805e+02 
       1.765020020586e-02       8.890265429108e+02 
       1.778431115448e-02       8.881384297600e+02 
       1.791847077570e-02       8.872010797208e+02 
       1.805267981035e-02       8.862147834930e+02 
       1.818693902218e-02       8.851808304332e+02 
       1.832124919813e-02       8.840998579487e+02 
       1.845561114863e-02       8.829726814193e+02 
       1.859002570791e-02       8.817998075111e+02 
       1.872449373435e-02       8.805827194403e+02 
       1.885901611081e-02       8.793219540383e+02 
       1.899359374499e-02       8.780173929860e+02 
       1.912822756984e-02       8.766712991398e+02 
       1.926291854395e-02       8.752826339374e+02 
       1.939766765193e-02       8.738547626464e+02 
       1.953247590490e-02       8.723849398113e+02 
       1.966734434090e-02       8.708782750063e+02 
       1.980227402539e-02       8.693312299768e+02 
       1.993726605171e-02       8.677471529669e+02 
       2.007232154161e-02       8.661259230089e+02 
       2.020744164576e-02       8.644675368512e+02 
       2.034262754430e-02       8.627736872473e+02 
       2.047788044740e-02       8.610452419820e+02 
       2.061320159585e-02       8.592822511853e+02 
       2.074859226165e-02       8.574855482677e+02 
       2.088405374866e-02       8.556557078611e+02 
       2.101958739320e-02       8.537932984033e+02 
       2.115519456477e-02       8.518993573393e+02 
       2.129087666668e-02       8.499754927880e+02 
       2.142663513683e-02       8.480196004082e+02 
       2.156247144836e-02       8.460350465505e+02 
       2.169838711048e-02       8.440209030674e+02 
       2.183438366922e-02       8.419781224696e+02 
       2.197046270824e-02       8.399080855056e+02 
       2.210662584963e-02       8.378092215855e+02 
       2.224287475484e-02       8.356850808178e+02 
       2.237921112549e-02       8.335341137728e+02 
       2.251563670433e-02       8.313577889898e+02 
       2.265215327615e-02       8.291574019913e+02 
       2.278876266879e-02       8.269320906621e+02 
       2.292546675407e-02       8.246826850224e+02 
       2.306226744892e-02       8.224106096343e+02 
       2.319916671634e-02       8.201152103144e+02 
       2.333616656658e-02       8.177992096681e+02 
       2.347326905821e-02       8.154594638631e+02 
       2.361047629933e-02       8.131003079314e+02 
       2.374779044875e-02       8.107199942209e+02 
       2.388521371723e-02       8.083214472464e+02 
       2.402274836877e-02       8.059028273566e+02 
       2.416039672191e-02       8.034651966829e+02 
       2.429816115111e-02       8.010084298926e+02 
       2.443604408816e-02       7.985341871764e+02 
       2.457404802358e-02       7.960444117913e+02 
       2.471217550818e-02       7.935364051355e+02 
       2.485042915456e-02       7.910113536818e+02 
       2.498881163869e-02       7.884728244811e+02 
       2.512732570161e-02       7.859189526041e+02 
       2.526597415106e-02       7.833479758261e+02 
       2.540475986326e-02       7.807647341324e+02 
       2.554368578474e-02       7.781662901295e+02 
       2.568275493415e-02       7.755549615308e+02 
       2.582197040423e-02       7.729299171399e+02 
       2.596133536380e-02       7.702931476349e+02 
       2.610085305981e-02       7.676446930438e+02 
       2.624052681944e-02       7.649860472073e+02 
       2.638036005234e-02       7.623138943908e+02 
       2.652035625289e-02       7.596318558454e+02 
       2.666051900254e-02       7.569386516843e+02 
       2.680085197223e-02       7.542369943000e+02 
       2.694135892492e-02       7.515241267269e+02 
       2.708204371819e-02       7.488037490291e+02 
       2.722291030693e-02       7.460744272943e+02 
       2.736396274610e-02       7.433358737847e+02 
       2.750520519366e-02       7.405885964344e+02 
       2.764664191349e-02       7.378363488971e+02 
       2.778827727855e-02       7.350741475094e+02 
       2.793011577402e-02       7.323086433785e+02 
       2.807216200067e-02       7.295336534224e+02 
       2.821442067826e-02       7.267523324591e+02 
       2.835689664913e-02       7.239664982702e+02 
       2.849959488188e-02       7.211748400867e+02 
       2.864252047521e-02       7.183792682857e+02 
       2.878567866189e-02       7.155752722795e+02 
       2.892907481292e-02       7.127697326072e+02 
       2.907271444176e-02       7.099579529401e+02 
       2.921660320883e-02       7.071448308617e+02 
       2.936074692610e-02       7.043270759601e+02 
       2.950515156188e-02       7.015060566781e+02 
       2.964982324585e-02       6.986814294156e+02 
       2.979476827423e-02       6.958553873562e+02 
       2.993999311512e-02       6.930250919117e+02 
       3.008550441418e-02       6.901942385118e+02 
       3.023130900043e-02       6.873603143341e+02 
       3.037741389232e-02       6.845256018793e+02 
       3.052382630406e-02       6.816879222380e+02 
       3.067055365219e-02       6.788504622363e+02 
       3.081760356246e-02       6.760129933263e+02 
       3.096498387696e-02       6.731711567979e+02 
       3.111270266157e-02       6.703311470810e+02 
       3.126076821374e-02       6.674904797338e+02 
       3.140918907061e-02       6.646513855458e+02 
       3.155797401743e-02       6.618115122169e+02 
       3.170713209641e-02       6.589722919650e+02 
       3.185667261596e-02       6.561319764940e+02 
       3.200660516032e-02       6.532954050768e+02 
       3.215693959961e-02       6.504575581569e+02 
       3.230768610036e-02       6.476206104719e+02 
       3.245885513658e-02       6.447870301165e+02 
       3.261045750122e-02       6.419533832276e+02 
       3.276250431825e-02       6.391226694705e+02 
       3.291500705534e-02       6.362915910945e+02 
       3.306797753706e-02       6.334655484498e+02 
       3.322142795876e-02       6.306394471845e+02 
       3.337537090114e-02       6.278155598431e+02 
       3.352981934552e-02       6.249946045996e+02 
       3.368478668986e-02       6.221770325071e+02 
       3.384028676558e-02       6.193629908426e+02 
       3.399633385529e-02       6.165501598046e+02 
       3.415294271131e-02       6.137416102425e+02 
       3.431012857529e-02       6.109331006094e+02 
       3.446790719873e-02       6.081314578759e+02 
       3.462629486465e-02       6.053320523677e+02 
       3.478530841041e-02       6.025364517934e+02 
       3.494496525174e-02       5.997426131676e+02 
       3.510528340807e-02       5.969538407607e+02 
       3.526628152931e-02       5.941683145477e+02 
       3.542797892406e-02       5.913874822768e+02 
       3.559039558943e-02       5.886094677373e+02 
       3.575355224254e-02       5.858355248400e+02 
       3.591747035388e-02       5.830657625709e+02 
       3.608217218258e-02       5.802987916201e+02 
       3.624768081372e-02       5.775386213631e+02 
       3.641402019791e-02       5.747799393746e+02 
       3.658121519328e-02       5.720255927064e+02 
       3.674929160994e-02       5.692783486642e+02 
       3.691827625726e-02       5.665321188365e+02 
       3.708819699408e-02       5.637919791828e+02 
       3.725908278209e-02       5.610547584316e+02 
       3.743096374260e-02       5.583223746966e+02 
       3.760387121707e-02       5.555934725804e+02 
       3.777783783152e-02       5.528712110775e+02 
       3.795289756526e-02       5.501511147107e+02 
       3.812908582426e-02       5.474347799433e+02 
       3.830643951954e-02       5.447229142993e+02 
       3.848499715090e-02       5.420170340344e+02 
       3.866479889662e-02       5.393126549134e+02 
       3.884588670944e-02       5.366150717134e+02 
       3.902830441954e-02       5.339206082850e+02 
       3.921209784497e-02       5.312278083163e+02 
       3.939731491028e-02       5.285402946054e+02 
       3.958400577404e-02       5.258564345516e+02 
       3.977222296617e-02       5.231763445746e+02 
       3.996202153575e-02       5.205010865974e+02 
       4.015345921057e-02       5.178264409084e+02 
       4.034659656927e-02       5.151586040723e+02 
       4.054149722753e-02       5.124903122653e+02 
       4.073822803946e-02       5.098263383011e+02 
       4.093685931587e-02       5.071670353670e+02 
       4.113746506103e-02       5.045099074646e+02 
       4.134012322983e-02       5.018545621895e+02 
       4.154491600750e-02       4.992013943362e+02 
       4.175193011424e-02       4.965536245390e+02 
       4.196125713745e-02       4.939044703014e+02 
       4.217299389463e-02       4.912568880351e+02 
       4.238724283028e-02       4.886103709742e+02 
       4.260411245072e-02       4.859658284762e+02 
       4.282371780122e-02       4.833241392833e+02 
       4.304618099031e-02       4.806811903752e+02 
       4.327163176708e-02       4.780393828191e+02 
       4.350020815775e-02       4.753978669455e+02 
       4.373205716898e-02       4.727561223561e+02 
       4.396733556642e-02       4.701130136167e+02 
       4.420621073802e-02       4.674688036940e+02 
       4.444886165352e-02       4.648249359701e+02 
       4.469547993279e-02       4.621780844939e+02 
       4.494627103816e-02       4.595290173549e+02 
       4.520145560801e-02       4.568768665212e+02 
       4.546127095178e-02       4.542212055318e+02 
       4.572597273011e-02       4.515624838826e+02 
       4.599583684769e-02       4.488981683105e+02 
       4.627116159134e-02       4.462285356003e+02 
       4.655227005160e-02       4.435533774815e+02 
       4.683951287327e-02       4.408711993620e+02 
       4.713327138864e-02       4.381807434502e+02 
       4.743396119761e-02       4.354827712867e+02 
       4.774203627142e-02       4.327745114932e+02 
       4.805799367218e-02       4.300552053202e+02 
       4.838237899930e-02       4.273237743992e+02 
       4.871579269720e-02       4.245800996483e+02 
       4.905889738787e-02       4.218225815323e+02 
       4.941242642776e-02       4.190464544981e+02 
       4.977719393363e-02       4.162535067575e+02 
       5.015410657858e-02       4.134408542412e+02 
       5.054417753067e-02       4.106054661206e+02 
       5.094854299694e-02       4.077454622366e+02 
       5.136848194969e-02       4.048584411057e+02 
       5.180543975749e-02       4.019414813787e+02 
       5.226105662883e-02       3.989898087727e+02 
       5.273720201245e-02       3.960000302781e+02 
       5.323601639930e-02       3.929675654133e+02 
       5.375996235226e-02       3.898857338842e+02 
       5.431188706854e-02       3.867496276360e+02 
       5.489509937185e-02       3.835507350859e+02 
       5.551346474179e-02       3.802793487785e+02 
       5.617152279776e-02       3.769238748277e+02 
       5.687463248261e-02       3.734695231591e+02 
       5.762915082883e-02       3.698980271053e+02 
       5.844265116553e-02       3.661888326919e+02 
       5.932418495502e-02       3.623090068727e+02 
       6.028458618874e-02       3.582236939680e+02 
       6.133680478464e-02       3.538802575526e+02 
       6.249622935711e-02       3.492116815162e+02 
       6.378091022415e-02       3.441276601364e+02 
       6.521150877653e-02       3.385105153771e+02 
       6.681067548996e-02       3.322022131361e+02 
       6.860142982411e-02       3.250087960211e+02 
       7.060411079172e-02       3.167006706808e+02 
       7.283185528068e-02       3.070428295513e+02 
       7.528559112848e-02       2.958522656773e+02 
       7.795085691325e-02       2.830765264499e+02 
       8.079895810153e-02       2.688679004722e+02 
       8.379278096530e-02       2.536036083645e+02 
       8.689445304763e-02       2.378361870865e+02 
       9.007121458982e-02       2.221948168343e+02 
       9.329789989106e-02       2.072776093831e+02 
       9.655671706137e-02       1.935705501803e+02 
       9.983577162977e-02       1.814047189520e+02 
       1.031273963392e-01       1.709443395412e+02 
       1.064267619422e-01       1.622004763474e+02 
       1.097308703261e-01       1.550559266324e+02 
       1.130378766348e-01       1.492964605361e+02 
       1.163466517351e-01       1.446419837684e+02 
       1.196565067322e-01       1.407770773860e+02 
       1.229670220633e-01       1.373792174240e+02 
       1.262779424058e-01       1.341472183886e+02 
       1.295891124024e-01       1.308253328093e+02 
       1.329004374736e-01       1.272251344857e+02 
       1.362118599737e-01       1.232365092926e+02 
       1.395233446982e-01       1.188323007531e+02 
       1.428348700805e-01       1.140602715873e+02 
       1.461464228466e-01       1.090272789773e+02 
       1.494579947697e-01       1.038784603192e+02 
       1.527695806991e-01       9.877406189450e+01 
       1.560811773634e-01       9.386841989485e+01 
       1.593927826428e-01       8.929340078439e+01 
       1.627043951269e-01       8.514674474554e+01 
       1.660160138450e-01       8.148694412700e+01 
       1.693276381019e-01       7.833205065798e+01 
       1.726392673776e-01       7.566309490173e+01 
       1.759509012655e-01       7.343012360827e+01 
       1.792625394340e-01       7.155971864087e+01 
       1.825741816036e-01       6.996354719650e+01 
       1.858858275314e-01       6.854714291362e+01 
       1.891974770017e-01       6.722914395281e+01 
       1.925091298202e-01       6.592314808150e+01 
       1.958207858093e-01       6.455295415270e+01 
       1.991324448060e-01       6.307075968114e+01 
       2.024441066592e-01       6.145318142522e+01 
       2.057557712284e-01       5.970170828349e+01 
       2.090674383828e-01       5.784039937154e+01 
       2.123791079999e-01       5.590855869759e+01 
       2.156907799652e-01       5.395389896078e+01 
       2.190024541712e-01       5.202522999749e+01 
       2.223141305169e-01       5.016641781458e+01 
       2.256258089072e-01       4.841332688733e+01 
       2.289374892528e-01       4.679256293296e+01 
       2.322491714695e-01       4.532027129622e+01 
       2.355608554777e-01       4.400307846748e+01 
       2.388725412025e-01       4.283761306052e+01 
       2.421842285728e-01       4.181137099227e+01 
       2.454959175218e-01       4.090366323854e+01 
       2.488076079858e-01       4.008822175603e+01 
       2.521192999049e-01       3.933562255331e+01 
       2.554309932221e-01       3.861712600491e+01 
       2.587426878832e-01       3.790734008808e+01 
       2.620543838372e-01       3.718615577108e+01 
       2.653660810352e-01       3.644010411812e+01 
       2.686777794310e-01       3.566212864043e+01 
       2.719894789806e-01       3.485109133605e+01 
       2.753011796421e-01       3.401141847658e+01 
       2.786128813755e-01       3.315192945543e+01 
       2.819245841430e-01       3.228445588074e+01 
       2.852362879082e-01       3.142354923780e+01 
       2.885479926366e-01       3.058384821315e+01 
       2.918596982953e-01       2.977868063737e+01 
       2.951714048528e-01       2.901854037773e+01 
       2.984831122790e-01       2.830970343480e+01 
       3.017948205451e-01       2.765442908178e+01 
       3.051065296236e-01       2.705117135699e+01 
       3.084182394883e-01       2.649556860560e+01 
       3.117299501138e-01       2.598131856642e+01 
       3.150416614762e-01       2.550099850243e+01 
       3.183533735524e-01       2.504665634187e+01 
       3.216650863200e-01       2.461018704920e+01 
       3.249767997580e-01       2.418380370428e+01 
       3.282885138458e-01       2.376064979259e+01 
       3.316002285640e-01       2.333531473517e+01 
       3.349119438938e-01       2.290457748630e+01 
       3.382236598170e-01       2.246739839597e+01 
       3.415353763164e-01       2.202498901835e+01 
       3.448470933753e-01       2.158000716508e+01 
       3.481588109776e-01       2.113611201343e+01 
       3.514705291079e-01       2.069718240332e+01 
       3.547822477513e-01       2.026696448368e+01 
       3.580939668936e-01       1.984885798299e+01 
       3.614056865210e-01       1.944561102776e+01 
       3.647174066201e-01       1.905963974845e+01 
       3.680291271783e-01       1.869233648325e+01 
       3.713408481831e-01       1.834422833180e+01 
       3.746525696226e-01       1.801471880579e+01 
       3.779642914855e-01       1.770212723052e+01 
       3.812760137606e-01       1.740395481784e+01 
       3.845877364372e-01       1.711733443230e+01 
       3.878994595049e-01       1.683947173611e+01 
       3.912111829539e-01       1.656795839047e+01 
       3.945229067745e-01       1.630088531966e+01 
       3.978346309573e-01       1.603689929635e+01 
       4.011463554934e-01       1.577511214690e+01 
       4.044580803740e-01       1.551494447519e+01 
       4.077698055907e-01       1.525612575321e+01 
       4.110815311354e-01       1.499882891838e+01 
       4.143932570001e-01       1.474365489876e+01 
       4.177049831772e-01       1.449155200605e+01 
       4.210167096593e-01       1.424370267459e+01 
       4.243284364393e-01       1.400126520527e+01 
       4.276401635102e-01       1.376516747246e+01 
       4.309518908652e-01       1.353596870171e+01 
       4.342636184979e-01       1.331391558882e+01 
       4.375753464019e-01       1.309897489536e+01 
       4.408870745711e-01       1.289105285483e+01 
       4.441988029994e-01       1.268990455613e+01 
       4.475105316813e-01       1.249524816918e+01 
       4.508222606109e-01       1.230668998322e+01 
       4.541339897830e-01       1.212363564714e+01 
       4.574457191922e-01       1.194532243265e+01 
       4.607574488333e-01       1.177088328365e+01 
       4.640691787015e-01       1.159954701613e+01 
       4.673809087918e-01       1.143072090011e+01 
       4.706926390996e-01       1.126403921131e+01 
       4.740043696202e-01       1.109941517005e+01 
       4.773161003493e-01       1.093684468252e+01 
       4.806278312825e-01       1.077641385346e+01 
       4.839395624156e-01       1.061820849057e+01 
       4.872512937445e-01       1.046233037548e+01 
       4.905630252652e-01       1.030894159210e+01 
       4.938747569739e-01       1.015829274555e+01 
       4.971864888668e-01       1.001072579126e+01 
       5.004982209402e-01       9.866568500536e+00 
       5.038099531906e-01       9.726070404411e+00 
       5.071216856144e-01       9.589296703780e+00 
       5.104334182084e-01       9.456140780468e+00 
       5.137451509691e-01       9.326341049757e+00 
       5.170568838934e-01       9.199624922607e+00 
       5.203686169781e-01       9.075697160584e+00 
       5.236803502202e-01       8.954344102822e+00 
       5.269920836168e-01       8.835394483850e+00 
       5.303038171648e-01       8.718691674687e+00 
       5.336155508615e-01       8.604027742473e+00 
       5.369272847041e-01       8.491199885086e+00 
       5.402390186900e-01       8.380007592292e+00 
       5.435507528165e-01       8.270327932826e+00 
       5.468624870810e-01       8.162135154555e+00 
       5.501742214810e-01       8.055499473318e+00 
       5.534859560142e-01       7.950552185049e+00 
       5.567976906780e-01       7.847464139840e+00 
       5.601094254703e-01       7.746248411519e+00 
       5.634211603886e-01       7.646905595898e+00 
       5.667328954309e-01       7.549382533910e+00 
       5.700446305949e-01       7.453633914172e+00 
       5.733563658786e-01       7.359654942845e+00 
       5.766681012798e-01       7.267470010625e+00 
       5.799798367965e-01       7.177115202221e+00 
       5.832915724268e-01       7.088582844436e+00 
       5.866033081687e-01       7.001814564805e+00 
       5.899150440204e-01       6.916690471718e+00 
       5.932267799799e-01       6.833055100611e+00 
       5.965385160456e-01       6.750804143192e+00 
       5.998502522156e-01       6.669849044893e+00 
       6.031619884883e-01       6.590172506256e+00 
       6.064737248618e-01       6.511784104802e+00 
       6.097854613347e-01       6.434662307984e+00 
       6.130971979052e-01       6.358774991403e+00 
       6.164089345718e-01       6.284046835500e+00 
       6.197206713330e-01       6.210407103714e+00 
       6.230324081872e-01       6.137815346917e+00 
       6.263441451329e-01       6.066280421063e+00 
       6.296558821688e-01       5.995848276748e+00 
       6.329676192933e-01       5.926578297671e+00 
       6.362793565052e-01       5.858504781600e+00 
       6.395910938029e-01       5.791615558129e+00 
       6.429028311853e-01       5.725861257573e+00 
       6.462145686510e-01       5.661177353080e+00 
       6.495263061988e-01       5.597510280236e+00 
       6.528380438273e-01       5.534845011271e+00 
       6.561497815353e-01       5.473189569161e+00 
       6.594615193217e-01       5.412554912415e+00 
       6.627732571853e-01       5.352932947893e+00 
       6.660849951249e-01       5.294278948260e+00 
       6.693967331393e-01       5.236524490059e+00 
       6.727084712276e-01       5.179604745280e+00 
       6.760202093885e-01       5.123469099393e+00 
       6.793319476211e-01       5.068111698081e+00 
       6.826436859243e-01       5.013551006565e+00 
       6.859554242970e-01       4.959813581150e+00 
       6.892671627382e-01       4.906897995781e+00 
       6.925789012470e-01       4.854789451785e+00 
       6.958906398224e-01       4.803438030589e+00 
       6.992023784635e-01       4.752806870320e+00 
       7.025141171693e-01       4.702868852520e+00 
       7.058258559389e-01       4.653632389004e+00 
       7.091375947714e-01       4.605119133531e+00 
       7.124493336659e-01       4.557349023064e+00 
       7.157610726216e-01       4.510329121309e+00 
       7.190728116376e-01       4.464031280468e+00 
       7.223845507131e-01       4.418412611146e+00 
       7.256962898473e-01       4.373426576008e+00 
       7.290080290393e-01       4.329040900079e+00 
       7.323197682885e-01       4.285266865544e+00 
       7.356315075939e-01       4.242112722766e+00 
       7.389432469549e-01       4.199586861988e+00 
       7.422549863707e-01       4.157689026458e+00 
       7.455667258406e-01       4.116393998176e+00 
       7.488784653638e-01       4.075660438999e+00 
       7.521902049397e-01       4.035451414409e+00 
       7.555019445675e-01       3.995752477171e+00 
       8.198273861387e-01       3.322065157524e+00 
       9.097065870030e-01       2.620294247706e+00 
       1.048138582151e+00       1.889461152499e+00 
       1.272342063204e+00       1.199734210312e+00 
       1.594854544745e+00       7.002707468264e-01 
       2.007594526158e+00       4.009843362511e-01 
       2.527410464444e+00       2.276530281604e-01 
       3.181821258443e+00       1.282763085139e-01 
       4.005675638041e+00       7.178604821981e-02 
       5.042846852135e+00       3.992241078938e-02 
       6.348568049939e+00       2.207497955349e-02 
       7.992373646572e+00       1.214256889278e-02 
       1.006180228422e+01       6.646799353564e-03 
       1.266705858406e+01       3.622195764581e-03 
       1.594688194416e+01       1.965730981680e-03 
       2.007593491838e+01       1.062660620048e-03 
       2.527410463427e+01       5.723721951498e-04 
       3.181821258443e+01       3.072191077775e-04 
       4.005675638041e+01       1.643490488412e-04 
       5.042846852135e+01       8.762639820137e-05 
       6.348568049939e+01       4.656006970258e-05 
       7.992373646572e+01       2.464948117411e-05 
       1.006180228422e+02       1.299509239084e-05 
       1.266705858406e+02       6.816530401060e-06 
       1.594688194416e+02       3.552653333902e-06 
       2.007593491838e+02       1.835956501926e-06 
       2.527410463427e+02       9.380599142257e-07 
       3.181821258443e+02       4.722374348601e-07 
       4.005675638041e+02       2.334730669630e-07 
       5.042846852135e+02       1.132654241074e-07 
       6.348568049939e+02       5.417136008319e-08 
       7.992373646572e+02       2.580889251407e-08 
       1.006180228422e+03       1.235060877431e-08 
