# Matter power spectrum P(k) at redshift z=4.5
# for k=1.04587e-05 to 1006.18 h/Mpc,
# number of wavenumbers equal to 625
#    1:k (h/Mpc)              2:P (Mpc/h)^3        
       1.045870268866e-05       2.381618161936e+00 
       2.373187310368e-05       5.331976576577e+00 
       3.705372380217e-05       8.259700052101e+00 
       5.046231721908e-05       1.118459165016e+01 
       6.399637571182e-05       1.412015156768e+01 
       7.769564809544e-05       1.707778297187e+01 
       9.160128847324e-05       2.006805404796e+01 
       1.057562526912e-04       2.310125789724e+01 
       1.202057177832e-04       2.618772978276e+01 
       1.349975298089e-04       2.933806354556e+01 
       1.501826854778e-04       3.256328239555e+01 
       1.658158528514e-04       3.587498780668e+01 
       1.819559361320e-04       3.928549994541e+01 
       1.986666889987e-04       4.280799604382e+01 
       2.160173799711e-04       4.645665075625e+01 
       2.340835117070e-04       5.024677979758e+01 
       2.529475937013e-04       5.419498895667e+01 
       2.726999642530e-04       5.831932564795e+01 
       2.934396523958e-04       6.263943298015e+01 
       3.152752632892e-04       6.717669983767e+01 
       3.383258608066e-04       7.195440301315e+01 
       3.627218082115e-04       7.699782957228e+01 
       3.886055114391e-04       8.233436917012e+01 
       4.161319894287e-04       8.799355661535e+01 
       4.454691725620e-04       9.400704461105e+01 
       4.767978048485e-04       1.004084798003e+02 
       5.103108008224e-04       1.072332491057e+02 
       5.462118888683e-04       1.145180647380e+02 
       5.847133659379e-04       1.223003525242e+02 
       6.260328036873e-04       1.306174157496e+02 
       6.703885934819e-04       1.395053605311e+02 
       7.179943068205e-04       1.489977885134e+02 
       7.690519824771e-04       1.591242955376e+02 
       8.237446254462e-04       1.699088599021e+02 
       8.822283938101e-04       1.813682235556e+02 
       9.446251199277e-04       1.935104418566e+02 
       1.011015913410e-03       2.063337433155e+02 
       1.081436579913e-03       2.198258744412e+02 
       1.155875438088e-03       2.339640211200e+02 
       1.234273840199e-03       2.487153678453e+02 
       1.316529352574e-03       2.640382217115e+02 
       1.402501208648e-03       2.798836046777e+02 
       1.492017387150e-03       2.961971357635e+02 
       1.584882541238e-03       3.129209877660e+02 
       1.680886019781e-03       3.299957775900e+02 
       1.779809350608e-03       3.473622378522e+02 
       1.881432747435e-03       3.649625733712e+02 
       1.985540405887e-03       3.827415172259e+02 
       2.091924531146e-03       4.006470425697e+02 
       2.200388170099e-03       4.186308368976e+02 
       2.310747000640e-03       4.366481856319e+02 
       2.422830266832e-03       4.546587387637e+02 
       2.536481052668e-03       4.726263761848e+02 
       2.651556071079e-03       4.905185163256e+02 
       2.767925118590e-03       5.083061309757e+02 
       2.885470316688e-03       5.259637211305e+02 
       3.004085232829e-03       5.434688175926e+02 
       3.123673949470e-03       5.608019080343e+02 
       3.244150129282e-03       5.779460749679e+02 
       3.365436108819e-03       5.948867436047e+02 
       3.487462040940e-03       6.116114405196e+02 
       3.610165097499e-03       6.281095374395e+02 
       3.733488737610e-03       6.443721509099e+02 
       3.857382042578e-03       6.603917321406e+02 
       3.981799115783e-03       6.761620543558e+02 
       4.106698544138e-03       6.916781469260e+02 
       4.232042916729e-03       7.069358560347e+02 
       4.357798395862e-03       7.219322388076e+02 
       4.483934335582e-03       7.366648564862e+02 
       4.610422942912e-03       7.511323208423e+02 
       4.737238977254e-03       7.653335918481e+02 
       4.864359483792e-03       7.792683841585e+02 
       4.991763557034e-03       7.929369605572e+02 
       5.119432131054e-03       8.063397358965e+02 
       5.247347793315e-03       8.194778859677e+02 
       5.375494619326e-03       8.323524776542e+02 
       5.503858025663e-03       8.449651264884e+02 
       5.632424639206e-03       8.573178434823e+02 
       5.761182180674e-03       8.694124566564e+02 
       5.890119360774e-03       8.812512012099e+02 
       6.019225787498e-03       8.928364349841e+02 
       6.148491883262e-03       9.041705568874e+02 
       6.277908810746e-03       9.152563137226e+02 
       6.407468406454e-03       9.260965808277e+02 
       6.537163121081e-03       9.366937342890e+02 
       6.666985965954e-03       9.470508866840e+02 
       6.796930464837e-03       9.571707624631e+02 
       6.926990610529e-03       9.670563615124e+02 
       7.057160825703e-03       9.767108749101e+02 
       7.187435927554e-03       9.861373211005e+02 
       7.317811095817e-03       9.953383155607e+02 
       7.448281843819e-03       1.004316942256e+03 
       7.578843992230e-03       1.013076393395e+03 
       7.709493645242e-03       1.021619243280e+03 
       7.840227168919e-03       1.029949221446e+03 
       7.971041171497e-03       1.038068997590e+03 
       8.101932485448e-03       1.045981133113e+03 
       8.232898151108e-03       1.053689210171e+03 
       8.363935401752e-03       1.061196032793e+03 
       8.495041649929e-03       1.068503799729e+03 
       8.626214474983e-03       1.075616008469e+03 
       8.757451611607e-03       1.082535472188e+03 
       8.888750939360e-03       1.089264873694e+03 
       9.020110473045e-03       1.095806784294e+03 
       9.151528353863e-03       1.102164317813e+03 
       9.283002841297e-03       1.108339797979e+03 
       9.414532305625e-03       1.114336139102e+03 
       9.546115221039e-03       1.120155689746e+03 
       9.677750159296e-03       1.125801174891e+03 
       9.809435783860e-03       1.131275243608e+03 
       9.941170844498e-03       1.136580016827e+03 
       1.007295417229e-02       1.141718222383e+03 
       1.020478467499e-02       1.146692309791e+03 
       1.033666133280e-02       1.151506410321e+03 
       1.046858319436e-02       1.156159716502e+03 
       1.060054937313e-02       1.160655327633e+03 
       1.073255904397e-02       1.164996198325e+03 
       1.086461144000e-02       1.169184417832e+03 
       1.099670584968e-02       1.173222072624e+03 
       1.112884161410e-02       1.177111529415e+03 
       1.126101812447e-02       1.180854541348e+03 
       1.139323481977e-02       1.184453925652e+03 
       1.152549118459e-02       1.187911091719e+03 
       1.165778674710e-02       1.191227875078e+03 
       1.179012107718e-02       1.194407423970e+03 
       1.192249378470e-02       1.197450391560e+03 
       1.205490451785e-02       1.200359304956e+03 
       1.218735296169e-02       1.203136542041e+03 
       1.231983883670e-02       1.205783405116e+03 
       1.245236189750e-02       1.208301863515e+03 
       1.258492193166e-02       1.210693557838e+03 
       1.271751875856e-02       1.212961077027e+03 
       1.285015222831e-02       1.215105377718e+03 
       1.298282222086e-02       1.217127967442e+03 
       1.311552864504e-02       1.219031753121e+03 
       1.324827143776e-02       1.220817887293e+03 
       1.338105056325e-02       1.222487733135e+03 
       1.351386601230e-02       1.224043717054e+03 
       1.364671780167e-02       1.225487193084e+03 
       1.377960597344e-02       1.226819375135e+03 
       1.391253059447e-02       1.228042219734e+03 
       1.404549175590e-02       1.229157566442e+03 
       1.417848957267e-02       1.230167226250e+03 
       1.431152418312e-02       1.231071912427e+03 
       1.444459574855e-02       1.231874025937e+03 
       1.457770445296e-02       1.232574450585e+03 
       1.471085050263e-02       1.233175190691e+03 
       1.484403412595e-02       1.233677107842e+03 
       1.497725557307e-02       1.234082202902e+03 
       1.511051511578e-02       1.234391807581e+03 
       1.524381304722e-02       1.234607833971e+03 
       1.537714968181e-02       1.234731143517e+03 
       1.551052535508e-02       1.234763362013e+03 
       1.564394042353e-02       1.234706099966e+03 
       1.577739526460e-02       1.234560361467e+03 
       1.591089027659e-02       1.234327930749e+03 
       1.604442587860e-02       1.234010108990e+03 
       1.617800251057e-02       1.233608237342e+03 
       1.631162063321e-02       1.233123372553e+03 
       1.644528072812e-02       1.232557183155e+03 
       1.657898329774e-02       1.231911030780e+03 
       1.671272886552e-02       1.231186007245e+03 
       1.684651797591e-02       1.230383809644e+03 
       1.698035119453e-02       1.229504413246e+03 
       1.711422910829e-02       1.228550135484e+03 
       1.724815232551e-02       1.227523233281e+03 
       1.738212147607e-02       1.226423880403e+03 
       1.751613721165e-02       1.225252236000e+03 
       1.765020020586e-02       1.224010806604e+03 
       1.778431115448e-02       1.222700530570e+03 
       1.791847077570e-02       1.221322903242e+03 
       1.805267981035e-02       1.219878329180e+03 
       1.818693902218e-02       1.218368592948e+03 
       1.832124919813e-02       1.216794575055e+03 
       1.845561114863e-02       1.215157406615e+03 
       1.859002570791e-02       1.213457789287e+03 
       1.872449373435e-02       1.211697767442e+03 
       1.885901611081e-02       1.209878090062e+03 
       1.899359374499e-02       1.207998595729e+03 
       1.912822756984e-02       1.206062407024e+03 
       1.926291854395e-02       1.204068099816e+03 
       1.939766765193e-02       1.202020312809e+03 
       1.953247590490e-02       1.199915274127e+03 
       1.966734434090e-02       1.197760021132e+03 
       1.980227402539e-02       1.195549696141e+03 
       1.993726605171e-02       1.193288912269e+03 
       2.007232154161e-02       1.190977513931e+03 
       2.020744164576e-02       1.188615505157e+03 
       2.034262754430e-02       1.186205228076e+03 
       2.047788044740e-02       1.183747887247e+03 
       2.061320159585e-02       1.181243561646e+03 
       2.074859226165e-02       1.178693414336e+03 
       2.088405374866e-02       1.176098247667e+03 
       2.101958739320e-02       1.173458855223e+03 
       2.115519456477e-02       1.170776683551e+03 
       2.129087666668e-02       1.168053955533e+03 
       2.142663513683e-02       1.165287795330e+03 
       2.156247144836e-02       1.162482845854e+03 
       2.169838711048e-02       1.159637851146e+03 
       2.183438366922e-02       1.156754132617e+03 
       2.197046270824e-02       1.153833610507e+03 
       2.210662584963e-02       1.150874141442e+03 
       2.224287475484e-02       1.147880614690e+03 
       2.237921112549e-02       1.144850928979e+03 
       2.251563670433e-02       1.141787111635e+03 
       2.265215327615e-02       1.138690956151e+03 
       2.278876266879e-02       1.135561301781e+03 
       2.292546675407e-02       1.132399298672e+03 
       2.306226744892e-02       1.129206914513e+03 
       2.319916671634e-02       1.125983275040e+03 
       2.333616656658e-02       1.122732123469e+03 
       2.347326905821e-02       1.119449153754e+03 
       2.361047629933e-02       1.116140337818e+03 
       2.374779044875e-02       1.112803279307e+03 
       2.388521371723e-02       1.109442003758e+03 
       2.402274836877e-02       1.106053992031e+03 
       2.416039672191e-02       1.102640710281e+03 
       2.429816115111e-02       1.099201993864e+03 
       2.443604408816e-02       1.095740122146e+03 
       2.457404802358e-02       1.092257764990e+03 
       2.471217550818e-02       1.088751224149e+03 
       2.485042915456e-02       1.085222127717e+03 
       2.498881163869e-02       1.081675364838e+03 
       2.512732570161e-02       1.078108378034e+03 
       2.526597415106e-02       1.074518753142e+03 
       2.540475986326e-02       1.070913116042e+03 
       2.554368578474e-02       1.067287436072e+03 
       2.568275493415e-02       1.063644882187e+03 
       2.582197040423e-02       1.059984315884e+03 
       2.596133536380e-02       1.056308457935e+03 
       2.610085305981e-02       1.052617345922e+03 
       2.624052681944e-02       1.048913017373e+03 
       2.638036005234e-02       1.045190933370e+03 
       2.652035625289e-02       1.041456029120e+03 
       2.666051900254e-02       1.037706548435e+03 
       2.680085197223e-02       1.033946193848e+03 
       2.694135892492e-02       1.030171173343e+03 
       2.708204371819e-02       1.026386545146e+03 
       2.722291030693e-02       1.022590334512e+03 
       2.736396274610e-02       1.018782133931e+03 
       2.750520519366e-02       1.014962622058e+03 
       2.764664191349e-02       1.011136926461e+03 
       2.778827727855e-02       1.007298213001e+03 
       2.793011577402e-02       1.003455579220e+03 
       2.807216200067e-02       9.996005429310e+02 
       2.821442067826e-02       9.957374080590e+02 
       2.835689664913e-02       9.918686532561e+02 
       2.849959488188e-02       9.879924671144e+02 
       2.864252047521e-02       9.841114610179e+02 
       2.878567866189e-02       9.802194388725e+02 
       2.892907481292e-02       9.763258226289e+02 
       2.907271444176e-02       9.724241519932e+02 
       2.921660320883e-02       9.685211464264e+02 
       2.936074692610e-02       9.646122718423e+02 
       2.950515156188e-02       9.606993964705e+02 
       2.964982324585e-02       9.567820407978e+02 
       2.979476827423e-02       9.528631911283e+02 
       2.993999311512e-02       9.489389738088e+02 
       3.008550441418e-02       9.450144208846e+02 
       3.023130900043e-02       9.410860947187e+02 
       3.037741389232e-02       9.371571090068e+02 
       3.052382630406e-02       9.332244724665e+02 
       3.067055365219e-02       9.292925409031e+02 
       3.081760356246e-02       9.253610002794e+02 
       3.096498387696e-02       9.214238778357e+02 
       3.111270266157e-02       9.174896430431e+02 
       3.126076821374e-02       9.135548926255e+02 
       3.140918907061e-02       9.096226708771e+02 
       3.155797401743e-02       9.056897626219e+02 
       3.170713209641e-02       9.017581181738e+02 
       3.185667261596e-02       8.978253410005e+02 
       3.200660516032e-02       8.938980486197e+02 
       3.215693959961e-02       8.899693724381e+02 
       3.230768610036e-02       8.860422887931e+02 
       3.245885513658e-02       8.821201606355e+02 
       3.261045750122e-02       8.781982913191e+02 
       3.276250431825e-02       8.742807813479e+02 
       3.291500705534e-02       8.703631153957e+02 
       3.306797753706e-02       8.664526790854e+02 
       3.322142795876e-02       8.625425023423e+02 
       3.337537090114e-02       8.586356927968e+02 
       3.352981934552e-02       8.547332231918e+02 
       3.368478668986e-02       8.508357111491e+02 
       3.384028676558e-02       8.469433574091e+02 
       3.399633385529e-02       8.430529855264e+02 
       3.415294271131e-02       8.391687912578e+02 
       3.431012857529e-02       8.352849716961e+02 
       3.446790719873e-02       8.314108640062e+02 
       3.462629486465e-02       8.275401330294e+02 
       3.478530841041e-02       8.236749228097e+02 
       3.494496525174e-02       8.198124372444e+02 
       3.510528340807e-02       8.159571904036e+02 
       3.526628152931e-02       8.121066922819e+02 
       3.542797892406e-02       8.082629255321e+02 
       3.559039558943e-02       8.044233219739e+02 
       3.575355224254e-02       8.005895972261e+02 
       3.591747035388e-02       7.967618982803e+02 
       3.608217218258e-02       7.929383350408e+02 
       3.624768081372e-02       7.891243749943e+02 
       3.641402019791e-02       7.853127637510e+02 
       3.658121519328e-02       7.815073875718e+02 
       3.674929160994e-02       7.777120401798e+02 
       3.691827625726e-02       7.739184008322e+02 
       3.708819699408e-02       7.701334055198e+02 
       3.725908278209e-02       7.663527263585e+02 
       3.743096374260e-02       7.625789867644e+02 
       3.760387121707e-02       7.588103400615e+02 
       3.777783783152e-02       7.550511034266e+02 
       3.795289756526e-02       7.512951623316e+02 
       3.812908582426e-02       7.475447170071e+02 
       3.830643951954e-02       7.438007291174e+02 
       3.848499715090e-02       7.400652675165e+02 
       3.866479889662e-02       7.363322268672e+02 
       3.884588670944e-02       7.326088369569e+02 
       3.902830441954e-02       7.288900868904e+02 
       3.921209784497e-02       7.251739880172e+02 
       3.939731491028e-02       7.214654934676e+02 
       3.958400577404e-02       7.177623807171e+02 
       3.977222296617e-02       7.140648056428e+02 
       3.996202153575e-02       7.103742386010e+02 
       4.015345921057e-02       7.066849072791e+02 
       4.034659656927e-02       7.030052809119e+02 
       4.054149722753e-02       6.993254442178e+02 
       4.073822803946e-02       6.956519114548e+02 
       4.093685931587e-02       6.919851705108e+02 
       4.113746506103e-02       6.883218068231e+02 
       4.134012322983e-02       6.846612910803e+02 
       4.154491600750e-02       6.810041516352e+02 
       4.175193011424e-02       6.773547700696e+02 
       4.196125713745e-02       6.737039057807e+02 
       4.217299389463e-02       6.700555705078e+02 
       4.238724283028e-02       6.664090726844e+02 
       4.260411245072e-02       6.627656336858e+02 
       4.282371780122e-02       6.591264310077e+02 
       4.304618099031e-02       6.554858470332e+02 
       4.327163176708e-02       6.518471321354e+02 
       4.350020815775e-02       6.482091127993e+02 
       4.373205716898e-02       6.445710575957e+02 
       4.396733556642e-02       6.409313795157e+02 
       4.420621073802e-02       6.372904207563e+02 
       4.444886165352e-02       6.336501166782e+02 
       4.469547993279e-02       6.300058934263e+02 
       4.494627103816e-02       6.263587741236e+02 
       4.520145560801e-02       6.227075321186e+02 
       4.546127095178e-02       6.190515546102e+02 
       4.572597273011e-02       6.153914083007e+02 
       4.599583684769e-02       6.117236019224e+02 
       4.627116159134e-02       6.080484666737e+02 
       4.655227005160e-02       6.043656863155e+02 
       4.683951287327e-02       6.006731767214e+02 
       4.713327138864e-02       5.969691794672e+02 
       4.743396119761e-02       5.932546981045e+02 
       4.774203627142e-02       5.895259059119e+02 
       4.805799367218e-02       5.857817436645e+02 
       4.838237899930e-02       5.820206921154e+02 
       4.871579269720e-02       5.782425618547e+02 
       4.905889738787e-02       5.744451463263e+02 
       4.941242642776e-02       5.706219219658e+02 
       4.977719393363e-02       5.667753089989e+02 
       5.015410657858e-02       5.629013401907e+02 
       5.054417753067e-02       5.589958875477e+02 
       5.094854299694e-02       5.550563672304e+02 
       5.136848194969e-02       5.510795003274e+02 
       5.180543975749e-02       5.470612820806e+02 
       5.226105662883e-02       5.429952045843e+02 
       5.273720201245e-02       5.388766174644e+02 
       5.323601639930e-02       5.346992447965e+02 
       5.375996235226e-02       5.304539556294e+02 
       5.431188706854e-02       5.261339918974e+02 
       5.489509937185e-02       5.217276718867e+02 
       5.551346474179e-02       5.172216581474e+02 
       5.617152279776e-02       5.125999893220e+02 
       5.687463248261e-02       5.078423187898e+02 
       5.762915082883e-02       5.029235147964e+02 
       5.844265116553e-02       4.978152783328e+02 
       5.932418495502e-02       4.924724629237e+02 
       6.028458618874e-02       4.868472591138e+02 
       6.133680478464e-02       4.808677751146e+02 
       6.249622935711e-02       4.744427240922e+02 
       6.378091022415e-02       4.674495154991e+02 
       6.521150877653e-02       4.597287774695e+02 
       6.681067548996e-02       4.510667633689e+02 
       6.860142982411e-02       4.412009457401e+02 
       7.060411079172e-02       4.298202610460e+02 
       7.283185528068e-02       4.166070853863e+02 
       7.528559112848e-02       4.013171360310e+02 
       7.795085691325e-02       3.838846692938e+02 
       8.079895810153e-02       3.645188981253e+02 
       8.379278096530e-02       3.437333972554e+02 
       8.689445304763e-02       3.222807156218e+02 
       9.007121458982e-02       3.010132816801e+02 
       9.329789989106e-02       2.807400267564e+02 
       9.655671706137e-02       2.621188498244e+02 
       9.983577162977e-02       2.455952435489e+02 
       1.031273963392e-01       2.313895918239e+02 
       1.064267619422e-01       2.195153342625e+02 
       1.097308703261e-01       2.098113253433e+02 
       1.130378766348e-01       2.019866946654e+02 
       1.163466517351e-01       1.956611696841e+02 
       1.196565067322e-01       1.904068812524e+02 
       1.229670220633e-01       1.857874053270e+02 
       1.262779424058e-01       1.813946281817e+02 
       1.295891124024e-01       1.768826205672e+02 
       1.329004374736e-01       1.719966358725e+02 
       1.362118599737e-01       1.665874732613e+02 
       1.395233446982e-01       1.606187105303e+02 
       1.428348700805e-01       1.541547491239e+02 
       1.461464228466e-01       1.473399337925e+02 
       1.494579947697e-01       1.403705220767e+02 
       1.527695806991e-01       1.334627122757e+02 
       1.560811773634e-01       1.268250430106e+02 
       1.593927826428e-01       1.206354802811e+02 
       1.627043951269e-01       1.150257685309e+02 
       1.660160138450e-01       1.100748856848e+02 
       1.693276381019e-01       1.058068882055e+02 
       1.726392673776e-01       1.021960294633e+02 
       1.759509012655e-01       9.917472271951e+01 
       1.792625394340e-01       9.664357506342e+01 
       1.825741816036e-01       9.448330270785e+01 
       1.858858275314e-01       9.256618392431e+01 
       1.891974770017e-01       9.078229743023e+01 
       1.925091298202e-01       8.901499115565e+01 
       1.958207858093e-01       8.716126884782e+01 
       1.991324448060e-01       8.515665723379e+01 
       2.024441066592e-01       8.296955052857e+01 
       2.057557712284e-01       8.060193920898e+01 
       2.090674383828e-01       7.808637007775e+01 
       2.123791079999e-01       7.547582870388e+01 
       2.156907799652e-01       7.283476492080e+01 
       2.190024541712e-01       7.022904952012e+01 
       2.223141305169e-01       6.771784482885e+01 
       2.256258089072e-01       6.534959550607e+01 
       2.289374892528e-01       6.316013965404e+01 
       2.322491714695e-01       6.117126790548e+01 
       2.355608554777e-01       5.939191265288e+01 
       2.388725412025e-01       5.781745976098e+01 
       2.421842285728e-01       5.643105716614e+01 
       2.454959175218e-01       5.520473289880e+01 
       2.488076079858e-01       5.410302344396e+01 
       2.521192999049e-01       5.308622863477e+01 
       2.554309932221e-01       5.211551644366e+01 
       2.587426878832e-01       5.115664813157e+01 
       2.620543838372e-01       5.018246426323e+01 
       2.653660810352e-01       4.917478083993e+01 
       2.686777794310e-01       4.812410005223e+01 
       2.719894789806e-01       4.702885367606e+01 
       2.753011796421e-01       4.589503557750e+01 
       2.786128813755e-01       4.473454109220e+01 
       2.819245841430e-01       4.356331958005e+01 
       2.852362879082e-01       4.240102975937e+01 
       2.885479926366e-01       4.126739556820e+01 
       2.918596982953e-01       4.018041127252e+01 
       2.951714048528e-01       3.915423346098e+01 
       2.984831122790e-01       3.819731062393e+01 
       3.017948205451e-01       3.731270708031e+01 
       3.051065296236e-01       3.649831535626e+01 
       3.084182394883e-01       3.574825315576e+01 
       3.117299501138e-01       3.505402200356e+01 
       3.150416614762e-01       3.440558481468e+01 
       3.183533735524e-01       3.379223039915e+01 
       3.216650863200e-01       3.320301017450e+01 
       3.249767997580e-01       3.262741602648e+01 
       3.282885138458e-01       3.205620714015e+01 
       3.316002285640e-01       3.148206756150e+01 
       3.349119438938e-01       3.090066492194e+01 
       3.382236598170e-01       3.031059001624e+01 
       3.415353763164e-01       2.971347202084e+01 
       3.448470933753e-01       2.911290829397e+01 
       3.481588109776e-01       2.851382115585e+01 
       3.514705291079e-01       2.792145226366e+01 
       3.547822477513e-01       2.734085248613e+01 
       3.580939668936e-01       2.677660139054e+01 
       3.614056865210e-01       2.623241663110e+01 
       3.647174066201e-01       2.571154454965e+01 
       3.680291271783e-01       2.521586953019e+01 
       3.713408481831e-01       2.474610302013e+01 
       3.746525696226e-01       2.430143111696e+01 
       3.779642914855e-01       2.387959638420e+01 
       3.812760137606e-01       2.347721875782e+01 
       3.845877364372e-01       2.309043291169e+01 
       3.878994595049e-01       2.271547242990e+01 
       3.912111829539e-01       2.234907967889e+01 
       3.945229067745e-01       2.198868825838e+01 
       3.978346309573e-01       2.163246709658e+01 
       4.011463554934e-01       2.127921655015e+01 
       4.044580803740e-01       2.092816139741e+01 
       4.077698055907e-01       2.057892860564e+01 
       4.110815311354e-01       2.023175710396e+01 
       4.143932570001e-01       1.988745514395e+01 
       4.177049831772e-01       1.954729874474e+01 
       4.210167096593e-01       1.921288919363e+01 
       4.243284364393e-01       1.888578190549e+01 
       4.276401635102e-01       1.856723202489e+01 
       4.309518908652e-01       1.825799417135e+01 
       4.342636184979e-01       1.795839607993e+01 
       4.375753464019e-01       1.766839927652e+01 
       4.408870745711e-01       1.738787156017e+01 
       4.441988029994e-01       1.711648406635e+01 
       4.475105316813e-01       1.685385899200e+01 
       4.508222606109e-01       1.659946006152e+01 
       4.541339897830e-01       1.635249063328e+01 
       4.574457191922e-01       1.611191824037e+01 
       4.607574488333e-01       1.587657335245e+01 
       4.640691787015e-01       1.564541900215e+01 
       4.673809087918e-01       1.541765025675e+01 
       4.706926390996e-01       1.519277842720e+01 
       4.740043696202e-01       1.497068487210e+01 
       4.773161003493e-01       1.475136190323e+01 
       4.806278312825e-01       1.453492967211e+01 
       4.839395624156e-01       1.432149902982e+01 
       4.872512937445e-01       1.411121090738e+01 
       4.905630252652e-01       1.390428305304e+01 
       4.938747569739e-01       1.370105089309e+01 
       4.971864888668e-01       1.350197973352e+01 
       5.004982209402e-01       1.330750786417e+01 
       5.038099531906e-01       1.311797332826e+01 
       5.071216856144e-01       1.293346477533e+01 
       5.104334182084e-01       1.275383575008e+01 
       5.137451509691e-01       1.257873661922e+01 
       5.170568838934e-01       1.240779719073e+01 
       5.203686169781e-01       1.224061965664e+01 
       5.236803502202e-01       1.207691754026e+01 
       5.269920836168e-01       1.191645650200e+01 
       5.303038171648e-01       1.175902864390e+01 
       5.336155508615e-01       1.160435146988e+01 
       5.369272847041e-01       1.145215101361e+01 
       5.402390186900e-01       1.130215943863e+01 
       5.435507528165e-01       1.115420748129e+01 
       5.468624870810e-01       1.100826290978e+01 
       5.501742214810e-01       1.086441959622e+01 
       5.534859560142e-01       1.072285325491e+01 
       5.567976906780e-01       1.058379700036e+01 
       5.601094254703e-01       1.044726597430e+01 
       5.634211603886e-01       1.031326183778e+01 
       5.667328954309e-01       1.018171390136e+01 
       5.700446305949e-01       1.005255846392e+01 
       5.733563658786e-01       9.925791941207e+00 
       5.766681012798e-01       9.801445133824e+00 
       5.799798367965e-01       9.679567313157e+00 
       5.832915724268e-01       9.560148844543e+00 
       5.866033081687e-01       9.443109250269e+00 
       5.899150440204e-01       9.328288636902e+00 
       5.932267799799e-01       9.215476326172e+00 
       5.965385160456e-01       9.104531221551e+00 
       5.998502522156e-01       8.995335413615e+00 
       6.031619884883e-01       8.887863580677e+00 
       6.064737248618e-01       8.782130247635e+00 
       6.097854613347e-01       8.678105445380e+00 
       6.130971979052e-01       8.575745732069e+00 
       6.164089345718e-01       8.474950698269e+00 
       6.197206713330e-01       8.375623320725e+00 
       6.230324081872e-01       8.277710156788e+00 
       6.263441451329e-01       8.181223111638e+00 
       6.296558821688e-01       8.086223102908e+00 
       6.329676192933e-01       7.992791731305e+00 
       6.362793565052e-01       7.900973533308e+00 
       6.395910938029e-01       7.810753436000e+00 
       6.429028311853e-01       7.722064535604e+00 
       6.462145686510e-01       7.634818746751e+00 
       6.495263061988e-01       7.548945528693e+00 
       6.528380438273e-01       7.464423492239e+00 
       6.561497815353e-01       7.381263569987e+00 
       6.594615193217e-01       7.299481136105e+00 
       6.627732571853e-01       7.219063968139e+00 
       6.660849951249e-01       7.139953300680e+00 
       6.693967331393e-01       7.062055874195e+00 
       6.727084712276e-01       6.985283983184e+00 
       6.760202093885e-01       6.909570847637e+00 
       6.793319476211e-01       6.834906717155e+00 
       6.826436859243e-01       6.761317793852e+00 
       6.859554242970e-01       6.688839371346e+00 
       6.892671627382e-01       6.617468840578e+00 
       6.925789012470e-01       6.547188186416e+00 
       6.958906398224e-01       6.477927926330e+00 
       6.992023784635e-01       6.409639757661e+00 
       7.025141171693e-01       6.342286556033e+00 
       7.058258559389e-01       6.275879205969e+00 
       7.091375947714e-01       6.210448101166e+00 
       7.124493336659e-01       6.146018944091e+00 
       7.157610726216e-01       6.082601923907e+00 
       7.190728116376e-01       6.020159034005e+00 
       7.223845507131e-01       5.958631804208e+00 
       7.256962898473e-01       5.897958329180e+00 
       7.290080290393e-01       5.838094644084e+00 
       7.323197682885e-01       5.779055587766e+00 
       7.356315075939e-01       5.720853449355e+00 
       7.389432469549e-01       5.663498163486e+00 
       7.422549863707e-01       5.606990413192e+00 
       7.455667258406e-01       5.551295550125e+00 
       7.488784653638e-01       5.496357754331e+00 
       7.521902049397e-01       5.442128172128e+00 
       7.555019445675e-01       5.388586098786e+00 
       8.198273861387e-01       4.479998950993e+00 
       9.097065870030e-01       3.533563579256e+00 
       1.048138582151e+00       2.547964883903e+00 
       1.272342063204e+00       1.617831239128e+00 
       1.594854544745e+00       9.442968155897e-01 
       2.007594526158e+00       5.407123422219e-01 
       2.527410464444e+00       3.069798929363e-01 
       3.181821258443e+00       1.729742168951e-01 
       4.005675638041e+00       9.679966318708e-02 
       5.042846852135e+00       5.383310724825e-02 
       6.348568049939e+00       2.976681116734e-02 
       7.992373646572e+00       1.637349963490e-02 
       1.006180228422e+01       8.962765627664e-03 
       1.266705858406e+01       4.884266577958e-03 
       1.594688194416e+01       2.650623164310e-03 
       2.007593491838e+01       1.432891139106e-03 
       2.527410463427e+01       7.717715810519e-04 
       3.181821258443e+01       4.142335455034e-04 
       4.005675638041e+01       2.215865191425e-04 
       5.042846852135e+01       1.181348518695e-04 
       6.348568049939e+01       6.276311029381e-05 
       7.992373646572e+01       3.322126651760e-05 
       1.006180228422e+02       1.750886683085e-05 
       1.266705858406e+02       9.179915455175e-06 
       1.594688194416e+02       4.780918576325e-06 
       2.007593491838e+02       2.467926076566e-06 
       2.527410463427e+02       1.258801039473e-06 
       3.181821258443e+02       6.320915664520e-07 
       4.005675638041e+02       3.113525983445e-07 
       5.042846852135e+02       1.502649174027e-07 
       6.348568049939e+02       7.135480375313e-08 
       7.992373646572e+02       3.366498427516e-08 
       1.006180228422e+03       1.590486913197e-08 
