# Matter power spectrum P(k) at redshift z=4
# for k=1.04587e-05 to 1006.18 h/Mpc,
# number of wavenumbers equal to 625
#    1:k (h/Mpc)              2:P (Mpc/h)^3        
       1.045870268866e-05       2.878778755260e+00 
       2.373187310368e-05       6.445020823025e+00 
       3.705372380217e-05       9.983900745012e+00 
       5.046231721908e-05       1.351935427336e+01 
       6.399637571182e-05       1.706769838616e+01 
       7.769564809544e-05       2.064271526843e+01 
       9.160128847324e-05       2.425717763210e+01 
       1.057562526912e-04       2.792352550831e+01 
       1.202057177832e-04       3.165424963502e+01 
       1.349975298089e-04       3.546215305180e+01 
       1.501826854778e-04       3.936055736570e+01 
       1.658158528514e-04       4.336348275941e+01 
       1.819559361320e-04       4.748581760267e+01 
       1.986666889987e-04       5.174348555389e+01 
       2.160173799711e-04       5.615361509163e+01 
       2.340835117070e-04       6.073471307436e+01 
       2.529475937013e-04       6.550684449231e+01 
       2.726999642530e-04       7.049181561794e+01 
       2.934396523958e-04       7.571335972965e+01 
       3.152752632892e-04       8.119731845539e+01 
       3.383258608066e-04       8.697181304740e+01 
       3.627218082115e-04       9.306739195878e+01 
       3.886055114391e-04       9.951714194453e+01 
       4.161319894287e-04       1.063567391187e+02 
       4.454691725620e-04       1.136244156275e+02 
       4.767978048485e-04       1.213608094120e+02 
       5.103108008224e-04       1.296086576706e+02 
       5.462118888683e-04       1.384122954138e+02 
       5.847133659379e-04       1.478169171518e+02 
       6.260328036873e-04       1.578675679531e+02 
       6.703885934819e-04       1.686078477505e+02 
       7.179943068205e-04       1.800783358293e+02 
       7.690519824771e-04       1.923147830953e+02 
       8.237446254462e-04       2.053461730705e+02 
       8.822283938101e-04       2.191927766408e+02 
       9.446251199277e-04       2.338644121597e+02 
       1.011015913410e-03       2.493590808731e+02 
       1.081436579913e-03       2.656621872665e+02 
       1.155875438088e-03       2.827464522874e+02 
       1.234273840199e-03       3.005725915296e+02 
       1.316529352574e-03       3.190906672456e+02 
       1.402501208648e-03       3.382419971792e+02 
       1.492017387150e-03       3.579614042812e+02 
       1.584882541238e-03       3.781795514212e+02 
       1.680886019781e-03       3.988251925746e+02 
       1.779809350608e-03       4.198271637270e+02 
       1.881432747435e-03       4.411160001552e+02 
       1.985540405887e-03       4.626252022577e+02 
       2.091924531146e-03       4.842920973250e+02 
       2.200388170099e-03       5.060584257450e+02 
       2.310747000640e-03       5.278702197547e+02 
       2.422830266832e-03       5.496787535117e+02 
       2.536481052668e-03       5.714404039567e+02 
       2.651556071079e-03       5.931158124478e+02 
       2.767925118590e-03       6.146699429280e+02 
       2.885470316688e-03       6.360720013879e+02 
       3.004085232829e-03       6.572948585047e+02 
       3.123673949470e-03       6.783149324213e+02 
       3.244150129282e-03       6.991117423691e+02 
       3.365436108819e-03       7.196675955897e+02 
       3.487462040940e-03       7.399672944546e+02 
       3.610165097499e-03       7.599978317948e+02 
       3.733488737610e-03       7.797482798121e+02 
       3.857382042578e-03       7.992093067641e+02 
       3.981799115783e-03       8.183731739443e+02 
       4.106698544138e-03       8.372336646597e+02 
       4.232042916729e-03       8.557855585470e+02 
       4.357798395862e-03       8.740251088544e+02 
       4.483934335582e-03       8.919491844838e+02 
       4.610422942912e-03       9.095559266238e+02 
       4.737238977254e-03       9.268438949625e+02 
       4.864359483792e-03       9.438125570396e+02 
       4.991763557034e-03       9.604620398417e+02 
       5.119432131054e-03       9.767926507075e+02 
       5.247347793315e-03       9.928056224213e+02 
       5.375494619326e-03       1.008502062256e+03 
       5.503858025663e-03       1.023883753537e+03 
       5.632424639206e-03       1.038952972453e+03 
       5.761182180674e-03       1.053711787176e+03 
       5.890119360774e-03       1.068162770511e+03 
       6.019225787498e-03       1.082308653064e+03 
       6.148491883262e-03       1.096152221375e+03 
       6.277908810746e-03       1.109696687117e+03 
       6.407468406454e-03       1.122945421016e+03 
       6.537163121081e-03       1.135901203645e+03 
       6.666985965954e-03       1.148567664010e+03 
       6.796930464837e-03       1.160948064575e+03 
       6.926990610529e-03       1.173045845687e+03 
       7.057160825703e-03       1.184864865403e+03 
       7.187435927554e-03       1.196408457643e+03 
       7.317811095817e-03       1.207680035465e+03 
       7.448281843819e-03       1.218683226791e+03 
       7.578843992230e-03       1.229421758993e+03 
       7.709493645242e-03       1.239898625856e+03 
       7.840227168919e-03       1.250118226495e+03 
       7.971041171497e-03       1.260083680286e+03 
       8.101932485448e-03       1.269797978730e+03 
       8.232898151108e-03       1.279265364628e+03 
       8.363935401752e-03       1.288489135452e+03 
       8.495041649929e-03       1.297471870970e+03 
       8.626214474983e-03       1.306217733044e+03 
       8.757451611607e-03       1.314730055800e+03 
       8.888750939360e-03       1.323012022674e+03 
       9.020110473045e-03       1.331066684652e+03 
       9.151528353863e-03       1.338897754639e+03 
       9.283002841297e-03       1.346507989738e+03 
       9.414532305625e-03       1.353900865686e+03 
       9.546115221039e-03       1.361079167632e+03 
       9.677750159296e-03       1.368046161129e+03 
       9.809435783860e-03       1.374806728959e+03 
       9.941170844498e-03       1.381360833792e+03 
       1.007295417229e-02       1.387712131843e+03 
       1.020478467499e-02       1.393864014242e+03 
       1.033666133280e-02       1.399819084229e+03 
       1.046858319436e-02       1.405580681007e+03 
       1.060054937313e-02       1.411150576258e+03 
       1.073255904397e-02       1.416532344022e+03 
       1.086461144000e-02       1.421728508599e+03 
       1.099670584968e-02       1.426741587482e+03 
       1.112884161410e-02       1.431574440724e+03 
       1.126101812447e-02       1.436229184398e+03 
       1.139323481977e-02       1.440709229192e+03 
       1.152549118459e-02       1.445016276584e+03 
       1.165778674710e-02       1.449152547569e+03 
       1.179012107718e-02       1.453121859803e+03 
       1.192249378470e-02       1.456924996052e+03 
       1.205490451785e-02       1.460565019196e+03 
       1.218735296169e-02       1.464044811095e+03 
       1.231983883670e-02       1.467365944830e+03 
       1.245236189750e-02       1.470530805668e+03 
       1.258492193166e-02       1.473541379061e+03 
       1.271751875856e-02       1.476400805348e+03 
       1.285015222831e-02       1.479110237908e+03 
       1.298282222086e-02       1.481671500632e+03 
       1.311552864504e-02       1.484088121563e+03 
       1.324827143776e-02       1.486361489753e+03 
       1.338105056325e-02       1.488493254239e+03 
       1.351386601230e-02       1.490486353668e+03 
       1.364671780167e-02       1.492342424400e+03 
       1.377960597344e-02       1.494062934054e+03 
       1.391253059447e-02       1.495650266828e+03 
       1.404549175590e-02       1.497106592956e+03 
       1.417848957267e-02       1.498434090501e+03 
       1.431152418312e-02       1.499633610820e+03 
       1.444459574855e-02       1.500708079474e+03 
       1.457770445296e-02       1.501658547526e+03 
       1.471085050263e-02       1.502487432031e+03 
       1.484403412595e-02       1.503195756470e+03 
       1.497725557307e-02       1.503785935302e+03 
       1.511051511578e-02       1.504259565779e+03 
       1.524381304722e-02       1.504618953507e+03 
       1.537714968181e-02       1.504865122988e+03 
       1.551052535508e-02       1.505000036264e+03 
       1.564394042353e-02       1.505025628126e+03 
       1.577739526460e-02       1.504943101950e+03 
       1.591089027659e-02       1.504754609086e+03 
       1.604442587860e-02       1.504461714349e+03 
       1.617800251057e-02       1.504066033850e+03 
       1.631162063321e-02       1.503568836434e+03 
       1.644528072812e-02       1.502972135596e+03 
       1.657898329774e-02       1.502277575202e+03 
       1.671272886552e-02       1.501486468649e+03 
       1.684651797591e-02       1.500600874329e+03 
       1.698035119453e-02       1.499620742421e+03 
       1.711422910829e-02       1.498548887183e+03 
       1.724815232551e-02       1.497388052520e+03 
       1.738212147607e-02       1.496138434719e+03 
       1.751613721165e-02       1.494800217273e+03 
       1.765020020586e-02       1.493376451058e+03 
       1.778431115448e-02       1.491868271757e+03 
       1.791847077570e-02       1.490277491468e+03 
       1.805267981035e-02       1.488604600639e+03 
       1.818693902218e-02       1.486851766506e+03 
       1.832124919813e-02       1.485020056448e+03 
       1.845561114863e-02       1.483110844985e+03 
       1.859002570791e-02       1.481124980236e+03 
       1.872449373435e-02       1.479064953369e+03 
       1.885901611081e-02       1.476931668503e+03 
       1.899359374499e-02       1.474724922271e+03 
       1.912822756984e-02       1.472448523556e+03 
       1.926291854395e-02       1.470100719175e+03 
       1.939766765193e-02       1.467687167765e+03 
       1.953247590490e-02       1.465203254804e+03 
       1.966734434090e-02       1.462657564244e+03 
       1.980227402539e-02       1.460044154161e+03 
       1.993726605171e-02       1.457368646119e+03 
       2.007232154161e-02       1.454630840603e+03 
       2.020744164576e-02       1.451830728612e+03 
       2.034262754430e-02       1.448971159469e+03 
       2.047788044740e-02       1.446053588736e+03 
       2.061320159585e-02       1.443078102640e+03 
       2.074859226165e-02       1.440046103703e+03 
       2.088405374866e-02       1.436958556001e+03 
       2.101958739320e-02       1.433816415663e+03 
       2.115519456477e-02       1.430621431865e+03 
       2.129087666668e-02       1.427376302069e+03 
       2.142663513683e-02       1.424077497213e+03 
       2.156247144836e-02       1.420730673460e+03 
       2.169838711048e-02       1.417334274436e+03 
       2.183438366922e-02       1.413889900337e+03 
       2.197046270824e-02       1.410399877875e+03 
       2.210662584963e-02       1.406861571320e+03 
       2.224287475484e-02       1.403280935982e+03 
       2.237921112549e-02       1.399655388319e+03 
       2.251563670433e-02       1.395987388976e+03 
       2.265215327615e-02       1.392279112894e+03 
       2.278876266879e-02       1.388529124568e+03 
       2.292546675407e-02       1.384738816766e+03 
       2.306226744892e-02       1.380910578209e+03 
       2.319916671634e-02       1.377043328243e+03 
       2.333616656658e-02       1.373141631132e+03 
       2.347326905821e-02       1.369200206378e+03 
       2.361047629933e-02       1.365226350109e+03 
       2.374779044875e-02       1.361217120247e+03 
       2.388521371723e-02       1.357177432615e+03 
       2.402274836877e-02       1.353104197066e+03 
       2.416039672191e-02       1.348999202248e+03 
       2.429816115111e-02       1.344862242366e+03 
       2.443604408816e-02       1.340696100513e+03 
       2.457404802358e-02       1.336504041646e+03 
       2.471217550818e-02       1.332281541223e+03 
       2.485042915456e-02       1.328030590606e+03 
       2.498881163869e-02       1.323757173889e+03 
       2.512732570161e-02       1.319458161624e+03 
       2.526597415106e-02       1.315130609205e+03 
       2.540475986326e-02       1.310782625665e+03 
       2.554368578474e-02       1.306409285535e+03 
       2.568275493415e-02       1.302014473930e+03 
       2.582197040423e-02       1.297596804549e+03 
       2.596133536380e-02       1.293159622470e+03 
       2.610085305981e-02       1.288702975764e+03 
       2.624052681944e-02       1.284229369357e+03 
       2.638036005234e-02       1.279733267400e+03 
       2.652035625289e-02       1.275220712985e+03 
       2.666051900254e-02       1.270689573808e+03 
       2.680085197223e-02       1.266144395011e+03 
       2.694135892492e-02       1.261580545649e+03 
       2.708204371819e-02       1.257004232709e+03 
       2.722291030693e-02       1.252413054601e+03 
       2.736396274610e-02       1.247806524599e+03 
       2.750520519366e-02       1.243185486097e+03 
       2.764664191349e-02       1.238556230056e+03 
       2.778827727855e-02       1.233910407781e+03 
       2.793011577402e-02       1.229259171971e+03 
       2.807216200067e-02       1.224592149297e+03 
       2.821442067826e-02       1.219914620738e+03 
       2.835689664913e-02       1.215229637095e+03 
       2.849959488188e-02       1.210534990411e+03 
       2.864252047521e-02       1.205833896070e+03 
       2.878567866189e-02       1.201118770862e+03 
       2.892907481292e-02       1.196401176704e+03 
       2.907271444176e-02       1.191673195728e+03 
       2.921660320883e-02       1.186943090385e+03 
       2.936074692610e-02       1.182205301003e+03 
       2.950515156188e-02       1.177462130338e+03 
       2.964982324585e-02       1.172713000509e+03 
       2.979476827423e-02       1.167961572718e+03 
       2.993999311512e-02       1.163203124254e+03 
       3.008550441418e-02       1.158443815721e+03 
       3.023130900043e-02       1.153679447902e+03 
       3.037741389232e-02       1.148913841602e+03 
       3.052382630406e-02       1.144143335634e+03 
       3.067055365219e-02       1.139373275726e+03 
       3.081760356246e-02       1.134603284942e+03 
       3.096498387696e-02       1.129826044839e+03 
       3.111270266157e-02       1.125051942670e+03 
       3.126076821374e-02       1.120276811173e+03 
       3.140918907061e-02       1.115504384352e+03 
       3.155797401743e-02       1.110730730515e+03 
       3.170713209641e-02       1.105958240943e+03 
       3.185667261596e-02       1.101183979693e+03 
       3.200660516032e-02       1.096416064671e+03 
       3.215693959961e-02       1.091646079088e+03 
       3.230768610036e-02       1.086877677382e+03 
       3.245885513658e-02       1.082114982859e+03 
       3.261045750122e-02       1.077352238873e+03 
       3.276250431825e-02       1.072594478218e+03 
       3.291500705534e-02       1.067836165043e+03 
       3.306797753706e-02       1.063086360455e+03 
       3.322142795876e-02       1.058336517847e+03 
       3.337537090114e-02       1.053590456345e+03 
       3.352981934552e-02       1.048849360883e+03 
       3.368478668986e-02       1.044113998991e+03 
       3.384028676558e-02       1.039384618947e+03 
       3.399633385529e-02       1.034657324957e+03 
       3.415294271131e-02       1.029937264891e+03 
       3.431012857529e-02       1.025217318048e+03 
       3.446790719873e-02       1.020508948942e+03 
       3.462629486465e-02       1.015804384222e+03 
       3.478530841041e-02       1.011106256869e+03 
       3.494496525174e-02       1.006411135155e+03 
       3.510528340807e-02       1.001724555779e+03 
       3.526628152931e-02       9.970434710380e+02 
       3.542797892406e-02       9.923703103283e+02 
       3.559039558943e-02       9.877019217149e+02 
       3.575355224254e-02       9.830404109307e+02 
       3.591747035388e-02       9.783859559923e+02 
       3.608217218258e-02       9.737362199897e+02 
       3.624768081372e-02       9.690979510870e+02 
       3.641402019791e-02       9.644622221863e+02 
       3.658121519328e-02       9.598338025551e+02 
       3.674929160994e-02       9.552173497806e+02 
       3.691827625726e-02       9.506026408781e+02 
       3.708819699408e-02       9.459981946576e+02 
       3.725908278209e-02       9.413986870529e+02 
       3.743096374260e-02       9.368073383688e+02 
       3.760387121707e-02       9.322218768100e+02 
       3.777783783152e-02       9.276475985270e+02 
       3.795289756526e-02       9.230769863448e+02 
       3.812908582426e-02       9.185127467876e+02 
       3.830643951954e-02       9.139560464706e+02 
       3.848499715090e-02       9.094094239271e+02 
       3.866479889662e-02       9.048653728530e+02 
       3.884588670944e-02       9.003327731210e+02 
       3.902830441954e-02       8.958054618593e+02 
       3.921209784497e-02       8.912809882959e+02 
       3.939731491028e-02       8.867654423577e+02 
       3.958400577404e-02       8.822560652093e+02 
       3.977222296617e-02       8.777530703481e+02 
       3.996202153575e-02       8.732582530481e+02 
       4.015345921057e-02       8.687645085880e+02 
       4.034659656927e-02       8.642822479481e+02 
       4.054149722753e-02       8.597992819386e+02 
       4.073822803946e-02       8.553236220079e+02 
       4.093685931587e-02       8.508558683214e+02 
       4.113746506103e-02       8.463918212967e+02 
       4.134012322983e-02       8.419308371668e+02 
       4.154491600750e-02       8.374735708523e+02 
       4.175193011424e-02       8.330254197754e+02 
       4.196125713745e-02       8.285750232979e+02 
       4.217299389463e-02       8.241273228192e+02 
       4.238724283028e-02       8.196814930353e+02 
       4.260411245072e-02       8.152390441755e+02 
       4.282371780122e-02       8.108014425219e+02 
       4.304618099031e-02       8.063617975963e+02 
       4.327163176708e-02       8.019241287785e+02 
       4.350020815775e-02       7.974870189697e+02 
       4.373205716898e-02       7.930495957992e+02 
       4.396733556642e-02       7.886099320558e+02 
       4.420621073802e-02       7.841684835554e+02 
       4.444886165352e-02       7.797276659491e+02 
       4.469547993279e-02       7.752818836618e+02 
       4.494627103816e-02       7.708324365838e+02 
       4.520145560801e-02       7.663778549114e+02 
       4.546127095178e-02       7.619174245612e+02 
       4.572597273011e-02       7.574518854790e+02 
       4.599583684769e-02       7.529769854665e+02 
       4.627116159134e-02       7.484931778499e+02 
       4.655227005160e-02       7.440001108191e+02 
       4.683951287327e-02       7.394952689811e+02 
       4.713327138864e-02       7.349765272761e+02 
       4.743396119761e-02       7.304451665976e+02 
       4.774203627142e-02       7.258965132612e+02 
       4.805799367218e-02       7.213293050754e+02 
       4.838237899930e-02       7.167417031219e+02 
       4.871579269720e-02       7.121335138330e+02 
       4.905889738787e-02       7.075020431749e+02 
       4.941242642776e-02       7.028392850935e+02 
       4.977719393363e-02       6.981482449571e+02 
       5.015410657858e-02       6.934240583420e+02 
       5.054417753067e-02       6.886616463568e+02 
       5.094854299694e-02       6.838578431739e+02 
       5.136848194969e-02       6.790086371089e+02 
       5.180543975749e-02       6.741090951936e+02 
       5.226105662883e-02       6.691512217417e+02 
       5.273720201245e-02       6.641293322662e+02 
       5.323601639930e-02       6.590357155608e+02 
       5.375996235226e-02       6.538591886180e+02 
       5.431188706854e-02       6.485915124373e+02 
       5.489509937185e-02       6.432184076997e+02 
       5.551346474179e-02       6.377235837192e+02 
       5.617152279776e-02       6.320875697801e+02 
       5.687463248261e-02       6.262855565738e+02 
       5.762915082883e-02       6.202868714165e+02 
       5.844265116553e-02       6.140569976790e+02 
       5.932418495502e-02       6.075406857957e+02 
       6.028458618874e-02       6.006793944210e+02 
       6.133680478464e-02       5.933848008727e+02 
       6.249622935711e-02       5.855444660238e+02 
       6.378091022415e-02       5.770069620230e+02 
       6.521150877653e-02       5.675749980419e+02 
       6.681067548996e-02       5.569837754110e+02 
       6.860142982411e-02       5.449083098868e+02 
       7.060411079172e-02       5.309638874335e+02 
       7.283185528068e-02       5.147566293989e+02 
       7.528559112848e-02       4.959801468919e+02 
       7.795085691325e-02       4.745473107730e+02 
       8.079895810153e-02       4.507140254034e+02 
       8.379278096530e-02       4.251128338463e+02 
       8.689445304763e-02       3.986703143251e+02 
       9.007121458982e-02       3.724413054125e+02 
       9.329789989106e-02       3.474280483921e+02 
       9.655671706137e-02       3.244450011594e+02 
       9.983577162977e-02       3.040468199146e+02 
       1.031273963392e-01       2.865083505991e+02 
       1.064267619422e-01       2.718479537301e+02 
       1.097308703261e-01       2.598688733110e+02 
       1.130378766348e-01       2.502118408191e+02 
       1.163466517351e-01       2.424073210121e+02 
       1.196565067322e-01       2.359264995691e+02 
       1.229670220633e-01       2.302288097980e+02 
       1.262779424058e-01       2.248094455935e+02 
       1.295891124024e-01       2.192397473848e+02 
       1.329004374736e-01       2.132039700046e+02 
       1.362118599737e-01       2.065175502643e+02 
       1.395233446982e-01       1.991349731109e+02 
       1.428348700805e-01       1.911363034330e+02 
       1.461464228466e-01       1.827005721775e+02 
       1.494579947697e-01       1.740710017594e+02 
       1.527695806991e-01       1.655160979705e+02 
       1.560811773634e-01       1.572944537453e+02 
       1.593927826428e-01       1.496270276615e+02 
       1.627043951269e-01       1.426775583623e+02 
       1.660160138450e-01       1.365440383563e+02 
       1.693276381019e-01       1.312566949166e+02 
       1.726392673776e-01       1.267837106498e+02 
       1.759509012655e-01       1.230413654300e+02 
       1.792625394340e-01       1.199066167530e+02 
       1.825741816036e-01       1.172314376512e+02 
       1.858858275314e-01       1.148575381995e+02 
       1.891974770017e-01       1.126485707611e+02 
       1.925091298202e-01       1.104597583637e+02 
       1.958207858093e-01       1.081634203794e+02 
       1.991324448060e-01       1.056794537604e+02 
       2.024441066592e-01       1.029686858888e+02 
       2.057557712284e-01       1.000336024276e+02 
       2.090674383828e-01       9.691452255292e+01 
       2.123791079999e-01       9.367730277652e+01 
       2.156907799652e-01       9.040187930931e+01 
       2.190024541712e-01       8.717003951775e+01 
       2.223141305169e-01       8.405527924657e+01 
       2.256258089072e-01       8.111768542878e+01 
       2.289374892528e-01       7.840183638321e+01 
       2.322491714695e-01       7.593477653085e+01 
       2.355608554777e-01       7.372761018554e+01 
       2.388725412025e-01       7.177468320657e+01 
       2.421842285728e-01       7.005503834838e+01 
       2.454959175218e-01       6.853401583781e+01 
       2.488076079858e-01       6.716759500239e+01 
       2.521192999049e-01       6.590647899715e+01 
       2.554309932221e-01       6.470251187601e+01 
       2.587426878832e-01       6.351314769200e+01 
       2.620543838372e-01       6.230469486265e+01 
       2.653660810352e-01       6.105458476615e+01 
       2.686777794310e-01       5.975099692908e+01 
       2.719894789806e-01       5.839202400703e+01 
       2.753011796421e-01       5.698507922469e+01 
       2.786128813755e-01       5.554494130890e+01 
       2.819245841430e-01       5.409143308506e+01 
       2.852362879082e-01       5.264893365207e+01 
       2.885479926366e-01       5.124197126910e+01 
       2.918596982953e-01       4.989287456572e+01 
       2.951714048528e-01       4.861922558693e+01 
       2.984831122790e-01       4.743153915085e+01 
       3.017948205451e-01       4.633359890827e+01 
       3.051065296236e-01       4.532281343897e+01 
       3.084182394883e-01       4.439187604762e+01 
       3.117299501138e-01       4.353022835363e+01 
       3.150416614762e-01       4.272543014473e+01 
       3.183533735524e-01       4.196415964187e+01 
       3.216650863200e-01       4.123283780327e+01 
       3.249767997580e-01       4.051841629895e+01 
       3.282885138458e-01       3.980940885397e+01 
       3.316002285640e-01       3.909674991416e+01 
       3.349119438938e-01       3.837504173717e+01 
       3.382236598170e-01       3.764254312564e+01 
       3.415353763164e-01       3.690128360737e+01 
       3.448470933753e-01       3.615571640945e+01 
       3.481588109776e-01       3.541197160251e+01 
       3.514705291079e-01       3.467654879220e+01 
       3.547822477513e-01       3.395572337268e+01 
       3.580939668936e-01       3.325519188172e+01 
       3.614056865210e-01       3.257955899382e+01 
       3.647174066201e-01       3.193287075045e+01 
       3.680291271783e-01       3.131746046118e+01 
       3.713408481831e-01       3.073421276598e+01 
       3.746525696226e-01       3.018212609632e+01 
       3.779642914855e-01       2.965838610750e+01 
       3.812760137606e-01       2.915880439275e+01 
       3.845877364372e-01       2.867857913193e+01 
       3.878994595049e-01       2.821302693789e+01 
       3.912111829539e-01       2.775811326282e+01 
       3.945229067745e-01       2.731064056185e+01 
       3.978346309573e-01       2.686834051051e+01 
       4.011463554934e-01       2.642972497762e+01 
       4.044580803740e-01       2.599382347642e+01 
       4.077698055907e-01       2.556018348886e+01 
       4.110815311354e-01       2.512909409983e+01 
       4.143932570001e-01       2.470156183242e+01 
       4.177049831772e-01       2.427917504525e+01 
       4.210167096593e-01       2.386391603660e+01 
       4.243284364393e-01       2.345772470833e+01 
       4.276401635102e-01       2.306215504749e+01 
       4.309518908652e-01       2.267814575313e+01 
       4.342636184979e-01       2.230610778379e+01 
       4.375753464019e-01       2.194598705808e+01 
       4.408870745711e-01       2.159762579858e+01 
       4.441988029994e-01       2.126061327560e+01 
       4.475105316813e-01       2.093447815692e+01 
       4.508222606109e-01       2.061856034966e+01 
       4.541339897830e-01       2.031186399393e+01 
       4.574457191922e-01       2.001311174617e+01 
       4.607574488333e-01       1.972084977925e+01 
       4.640691787015e-01       1.943378734266e+01 
       4.673809087918e-01       1.915093024777e+01 
       4.706926390996e-01       1.887166626063e+01 
       4.740043696202e-01       1.859585067085e+01 
       4.773161003493e-01       1.832347489614e+01 
       4.806278312825e-01       1.805468493970e+01 
       4.839395624156e-01       1.778962355938e+01 
       4.872512937445e-01       1.752846092808e+01 
       4.905630252652e-01       1.727147044965e+01 
       4.938747569739e-01       1.701906959421e+01 
       4.971864888668e-01       1.677183275779e+01 
       5.004982209402e-01       1.653030901286e+01 
       5.038099531906e-01       1.629491559155e+01 
       5.071216856144e-01       1.606576232450e+01 
       5.104334182084e-01       1.584267032282e+01 
       5.137451509691e-01       1.562520137882e+01 
       5.170568838934e-01       1.541289944155e+01 
       5.203686169781e-01       1.520526857137e+01 
       5.236803502202e-01       1.500195190176e+01 
       5.269920836168e-01       1.480266207359e+01 
       5.303038171648e-01       1.460713636175e+01 
       5.336155508615e-01       1.441502730579e+01 
       5.369272847041e-01       1.422599378860e+01 
       5.402390186900e-01       1.403970109962e+01 
       5.435507528165e-01       1.385594285408e+01 
       5.468624870810e-01       1.367467541078e+01 
       5.501742214810e-01       1.349601746117e+01 
       5.534859560142e-01       1.332018764142e+01 
       5.567976906780e-01       1.314747294996e+01 
       5.601094254703e-01       1.297789595763e+01 
       5.634211603886e-01       1.281145592772e+01 
       5.667328954309e-01       1.264806583002e+01 
       5.700446305949e-01       1.248764790080e+01 
       5.733563658786e-01       1.233019500830e+01 
       5.766681012798e-01       1.217574854684e+01 
       5.799798367965e-01       1.202436772330e+01 
       5.832915724268e-01       1.187604046796e+01 
       5.866033081687e-01       1.173066890308e+01 
       5.899150440204e-01       1.158805152810e+01 
       5.932267799799e-01       1.144792916523e+01 
       5.965385160456e-01       1.131012604279e+01 
       5.998502522156e-01       1.117449389649e+01 
       6.031619884883e-01       1.104100415766e+01 
       6.064737248618e-01       1.090967220981e+01 
       6.097854613347e-01       1.078046251491e+01 
       6.130971979052e-01       1.065332117664e+01 
       6.164089345718e-01       1.052812174429e+01 
       6.197206713330e-01       1.040474617015e+01 
       6.230324081872e-01       1.028312615886e+01 
       6.263441451329e-01       1.016327727864e+01 
       6.296558821688e-01       1.004527569825e+01 
       6.329676192933e-01       9.929221229283e+00 
       6.362793565052e-01       9.815171426113e+00 
       6.395910938029e-01       9.703105702483e+00 
       6.429028311853e-01       9.592941465034e+00 
       6.462145686510e-01       9.484570121795e+00 
       6.495263061988e-01       9.377902970789e+00 
       6.528380438273e-01       9.272914477432e+00 
       6.561497815353e-01       9.169617583794e+00 
       6.594615193217e-01       9.068030823551e+00 
       6.627732571853e-01       8.968140669857e+00 
       6.660849951249e-01       8.869872238312e+00 
       6.693967331393e-01       8.773111411818e+00 
       6.727084712276e-01       8.677748330501e+00 
       6.760202093885e-01       8.583699656270e+00 
       6.793319476211e-01       8.490954509248e+00 
       6.826436859243e-01       8.399544222142e+00 
       6.859554242970e-01       8.309513463944e+00 
       6.892671627382e-01       8.220858808060e+00 
       6.925789012470e-01       8.133557392982e+00 
       6.958906398224e-01       8.047523921862e+00 
       6.992023784635e-01       7.962697372717e+00 
       7.025141171693e-01       7.879031990950e+00 
       7.058258559389e-01       7.796541802008e+00 
       7.091375947714e-01       7.715263406917e+00 
       7.124493336659e-01       7.635230433703e+00 
       7.157610726216e-01       7.556454063568e+00 
       7.190728116376e-01       7.478887422089e+00 
       7.223845507131e-01       7.402458778609e+00 
       7.256962898473e-01       7.327089688117e+00 
       7.290080290393e-01       7.252726960171e+00 
       7.323197682885e-01       7.179388345265e+00 
       7.356315075939e-01       7.107088863536e+00 
       7.389432469549e-01       7.035842046240e+00 
       7.422549863707e-01       6.965647183020e+00 
       7.455667258406e-01       6.896462288805e+00 
       7.488784653638e-01       6.828217806832e+00 
       7.521902049397e-01       6.760852545949e+00 
       7.555019445675e-01       6.694341939253e+00 
       8.198273861387e-01       5.565661582075e+00 
       9.097065870030e-01       4.389934185415e+00 
       1.048138582151e+00       3.165520639323e+00 
       1.272342063204e+00       2.009978734152e+00 
       1.594854544745e+00       1.173199259546e+00 
       2.007594526158e+00       6.717887833461e-01 
       2.527410464444e+00       3.813979894547e-01 
       3.181821258443e+00       2.149072376996e-01 
       4.005675638041e+00       1.202663627944e-01 
       5.042846852135e+00       6.688364922704e-02 
       6.348568049939e+00       3.698305975833e-02 
       7.992373646572e+00       2.034284166955e-02 
       1.006180228422e+01       1.113553989122e-02 
       1.266705858406e+01       6.068300945086e-03 
       1.594688194416e+01       3.293163387529e-03 
       2.007593491838e+01       1.780223593120e-03 
       2.527410463427e+01       9.588349923713e-04 
       3.181821258443e+01       5.146244546006e-04 
       4.005675638041e+01       2.752787848446e-04 
       5.042846852135e+01       1.467514928894e-04 
       6.348568049939e+01       7.795959141091e-05 
       7.992373646572e+01       4.125904078648e-05 
       1.006180228422e+02       2.174018115207e-05 
       1.266705858406e+02       1.139437385236e-05 
       1.594688194416e+02       5.930950341945e-06 
       2.007593491838e+02       3.058980063135e-06 
       2.527410463427e+02       1.558265640173e-06 
       3.181821258443e+02       7.809637251684e-07 
       4.005675638041e+02       3.836170228914e-07 
       5.042846852135e+02       1.844233872805e-07 
       6.348568049939e+02       8.711387293375e-08 
       7.992373646572e+02       4.081334022344e-08 
       1.006180228422e+03       1.911679039804e-08 
