# Matter power spectrum P(k) at redshift z=5.5
# for k=1.04575e-05 to 1006.15 h/Mpc,
# number of wavenumbers equal to 625
#    1:k (h/Mpc)              2:P (Mpc/h)^3        
       1.045749810485e-05       1.707264050321e+00 
       2.373043761528e-05       3.822437400175e+00 
       3.705205197341e-05       5.921385018939e+00 
       5.046040160262e-05       8.018306328868e+00 
       6.399420676399e-05       1.012288196791e+01 
       7.769321405898e-05       1.224328909548e+01 
       9.159857522556e-05       1.438710656505e+01 
       1.057532435558e-04       1.656171612334e+01 
       1.202023933008e-04       1.877453016379e+01 
       1.349938674647e-04       2.103314699656e+01 
       1.501786593808e-04       2.334547317988e+01 
       1.658114333596e-04       2.571983057534e+01 
       1.819510894196e-04       2.816505720763e+01 
       1.986613765579e-04       3.069060641746e+01 
       2.160115580438e-04       3.330664804050e+01 
       2.340771306401e-04       3.602417142619e+01 
       2.529405972213e-04       3.885509272556e+01 
       2.726922886571e-04       4.181236395418e+01 
       2.934312256600e-04       4.491008395035e+01 
       3.152660040981e-04       4.816360671404e+01 
       3.383156775180e-04       5.158964367985e+01 
       3.627105977775e-04       5.520635285077e+01 
       3.885931583209e-04       5.903340583749e+01 
       4.161183645581e-04       6.309201949847e+01 
       4.454541324261e-04       6.740493797274e+01 
       4.767811907995e-04       7.199634504870e+01 
       5.102924387431e-04       7.689168471270e+01 
       5.461915893473e-04       8.211736400524e+01 
       5.846909251320e-04       8.770031679208e+01 
       6.260080050474e-04       9.366740416468e+01 
       6.703612104985e-04       1.000446443941e+02 
       7.179641068864e-04       1.068562736074e+02 
       7.690187318622e-04       1.141236655134e+02 
       8.237080952403e-04       1.218641679483e+02 
       8.821883665213e-04       1.300899370989e+02 
       9.445813962622e-04       1.388068793062e+02 
       1.010968318642e-03       1.480138243333e+02 
       1.081384969221e-03       1.577020357966e+02 
       1.155819700313e-03       1.678551451602e+02 
       1.234213899658e-03       1.784495381143e+02 
       1.316465168833e-03       1.894551613339e+02 
       1.402432774394e-03       2.008366675393e+02 
       1.491944724558e-03       2.125547790224e+02 
       1.584805697329e-03       2.245677194615e+02 
       1.680805061300e-03       2.368325895754e+02 
       1.779724358910e-03       2.493065988357e+02 
       1.881343813733e-03       2.619480715890e+02 
       1.985447627100e-03       2.747172073221e+02 
       2.091828006459e-03       2.875766174377e+02 
       2.200287998256e-03       3.004916391294e+02 
       2.310643277916e-03       3.134300793258e+02 
       2.422723085604e-03       3.263634148519e+02 
       2.536370500476e-03       3.392656800902e+02 
       2.651442230081e-03       3.521135907657e+02 
       2.767808065318e-03       3.648864103706e+02 
       2.885350122019e-03       3.775658458297e+02 
       3.003961962113e-03       3.901357821075e+02 
       3.123547662764e-03       4.025821893756e+02 
       3.244020881646e-03       4.148928856556e+02 
       3.365303950641e-03       4.270573722250e+02 
       3.487327018288e-03       4.390666719384e+02 
       3.610027252458e-03       4.509131540160e+02 
       3.733348108622e-03       4.625904629655e+02 
       3.857238664757e-03       4.740932232433e+02 
       3.981653021215e-03       4.854170191306e+02 
       4.106549762154e-03       4.965583415922e+02 
       4.231891474164e-03       5.075142622399e+02 
       4.357644317282e-03       5.182827083503e+02 
       4.483777643502e-03       5.288619542603e+02 
       4.610263657980e-03       5.392510145983e+02 
       4.737077118433e-03       5.494491413729e+02 
       4.864195068510e-03       5.594561245005e+02 
       4.991596601329e-03       5.692721463343e+02 
       5.119262649698e-03       5.788975046599e+02 
       5.247175799933e-03       5.883330493201e+02 
       5.375320126495e-03       5.975795590630e+02 
       5.503681045008e-03       6.066382141525e+02 
       5.632245181484e-03       6.155104760005e+02 
       5.761000255846e-03       6.241976749843e+02 
       5.889934978076e-03       6.327014288206e+02 
       6.019038955502e-03       6.410234359506e+02 
       6.148302609931e-03       6.491654211982e+02 
       6.277717103485e-03       6.571293473878e+02 
       6.407274272154e-03       6.649172742073e+02 
       6.536966566162e-03       6.725308982254e+02 
       6.666786996400e-03       6.799724486101e+02 
       6.796729086234e-03       6.872438765777e+02 
       6.926786828090e-03       6.943473274070e+02 
       7.056954644300e-03       7.012851091499e+02 
       7.187227351743e-03       7.080592417555e+02 
       7.317600129859e-03       7.146717842548e+02 
       7.448068491705e-03       7.211249347828e+02 
       7.578628257697e-03       7.274209326790e+02 
       7.709275531791e-03       7.335615692076e+02 
       7.840006679834e-03       7.395495890157e+02 
       7.970818309857e-03       7.453866703210e+02 
       8.101707254141e-03       7.510746525352e+02 
       8.232670552846e-03       7.566161322635e+02 
       8.363705439076e-03       7.620131221732e+02 
       8.494809325229e-03       7.672672068627e+02 
       8.625979790500e-03       7.723809177173e+02 
       8.757214569446e-03       7.773562824864e+02 
       8.888511541496e-03       7.821952300455e+02 
       9.019868721331e-03       7.868996113807e+02 
       9.151284250039e-03       7.914716651192e+02 
       9.282756386994e-03       7.959130554202e+02 
       9.414283502372e-03       8.002258774075e+02 
       9.545864070270e-03       8.044118115099e+02 
       9.677496662351e-03       8.084728141621e+02 
       9.809179941995e-03       8.124107877456e+02 
       9.940912658886e-03       8.162272511308e+02 
       1.007269364402e-02       8.199241730410e+02 
       1.020452180510e-02       8.235033098499e+02 
       1.033639612222e-02       8.269662157540e+02 
       1.046831564399e-02       8.303148821291e+02 
       1.060027948378e-02       8.335503765548e+02 
       1.073228681639e-02       8.366748258766e+02 
       1.086433687490e-02       8.396897245134e+02 
       1.099642894770e-02       8.425965708388e+02 
       1.112856237583e-02       8.453970315109e+02 
       1.126073655044e-02       8.480939590593e+02 
       1.139295091047e-02       8.506864684948e+02 
       1.152520494046e-02       8.531769460643e+02 
       1.165749816853e-02       8.555666439483e+02 
       1.178983016452e-02       8.578578098412e+02 
       1.192220053825e-02       8.600509945304e+02 
       1.205460893787e-02       8.621478555266e+02 
       1.218705504840e-02       8.641500649856e+02 
       1.231953859028e-02       8.660590524427e+02 
       1.245205931810e-02       8.678750827869e+02 
       1.258461701939e-02       8.696009174232e+02 
       1.271721151347e-02       8.712369888430e+02 
       1.284984265044e-02       8.727848092487e+02 
       1.298251031021e-02       8.742451686567e+02 
       1.311521440158e-02       8.756203730557e+02 
       1.324795486143e-02       8.769110201864e+02 
       1.338073165393e-02       8.781181635436e+02 
       1.351354476986e-02       8.792435460194e+02 
       1.364639422595e-02       8.802880123105e+02 
       1.377928006424e-02       8.812525958794e+02 
       1.391220235156e-02       8.821388192297e+02 
       1.404516117903e-02       8.829478234084e+02 
       1.417815666155e-02       8.836808662427e+02 
       1.431118893742e-02       8.843381959582e+02 
       1.444425816795e-02       8.849222774019e+02 
       1.457736453706e-02       8.854330230081e+02 
       1.471050825103e-02       8.858722937473e+02 
       1.484368953822e-02       8.862406197162e+02 
       1.497690864875e-02       8.865396081676e+02 
       1.511016585436e-02       8.867696750714e+02 
       1.524346144820e-02       8.869326383794e+02 
       1.537679574464e-02       8.870290724045e+02 
       1.551016907917e-02       8.870600271291e+02 
       1.564358180828e-02       8.870267824710e+02 
       1.577703430938e-02       8.869299921103e+02 
       1.591052698073e-02       8.867709023115e+02 
       1.604406024142e-02       8.865504873977e+02 
       1.617763453133e-02       8.862697107652e+02 
       1.631125031118e-02       8.859293131631e+02 
       1.644490806251e-02       8.855304930988e+02 
       1.657860828775e-02       8.850742119999e+02 
       1.671235151029e-02       8.845613924015e+02 
       1.684613827459e-02       8.839929748907e+02 
       1.697996914622e-02       8.833691186031e+02 
       1.711384471207e-02       8.826914735726e+02 
       1.724776558040e-02       8.819616354309e+02 
       1.738173238109e-02       8.811797895234e+02 
       1.751574576578e-02       8.803459577256e+02 
       1.764980640804e-02       8.794619487252e+02 
       1.778391500363e-02       8.785285070853e+02 
       1.791807227070e-02       8.775465886492e+02 
       1.805227895006e-02       8.765165599399e+02 
       1.818653580541e-02       8.754398592575e+02 
       1.832084362365e-02       8.743166349665e+02 
       1.845520321520e-02       8.731481827725e+02 
       1.858961541424e-02       8.719347748801e+02 
       1.872408107911e-02       8.706779798803e+02 
       1.885860109264e-02       8.693782554310e+02 
       1.899317636251e-02       8.680354893237e+02 
       1.912780782161e-02       8.666518752581e+02 
       1.926249642850e-02       8.652266062323e+02 
       1.939724316775e-02       8.637630521088e+02 
       1.953204905044e-02       8.622578053514e+02 
       1.966691511458e-02       8.607166532700e+02 
       1.980184242558e-02       8.591359462259e+02 
       1.993683207674e-02       8.575188770238e+02 
       2.007188518977e-02       8.558656927268e+02 
       2.020700291530e-02       8.541755270610e+02 
       2.034218643342e-02       8.524508208928e+02 
       2.047743695426e-02       8.506922980812e+02 
       2.061275571856e-02       8.489001011653e+02 
       2.074814399829e-02       8.470747143318e+02 
       2.088360309724e-02       8.452169462952e+02 
       2.101913435170e-02       8.433274543473e+02 
       2.115473913110e-02       8.414068401939e+02 
       2.129041883873e-02       8.394575932982e+02 
       2.142617491241e-02       8.374769066858e+02 
       2.156200882525e-02       8.354682051529e+02 
       2.169792208640e-02       8.334307270885e+02 
       2.183391624183e-02       8.313653695957e+02 
       2.196999287514e-02       8.292734741922e+02 
       2.210615360838e-02       8.271536091270e+02 
       2.224240010293e-02       8.250097853222e+02 
       2.237873406036e-02       8.228388093315e+02 
       2.251515722336e-02       8.206435836678e+02 
       2.265167137665e-02       8.184260492726e+02 
       2.278827834800e-02       8.161832265030e+02 
       2.292498000920e-02       8.139173341871e+02 
       2.306177827707e-02       8.116301440952e+02 
       2.319867511457e-02       8.093201148993e+02 
       2.333567253186e-02       8.069897080059e+02 
       2.347277258747e-02       8.046376140346e+02 
       2.360997738941e-02       8.022664265302e+02 
       2.374728909641e-02       7.998748396626e+02 
       2.388470991917e-02       7.974658212131e+02 
       2.402224212160e-02       7.950375429891e+02 
       2.415988802217e-02       7.925909609448e+02 
       2.429764999526e-02       7.901255732637e+02 
       2.443553047256e-02       7.876448908578e+02 
       2.457353194453e-02       7.851486050587e+02 
       2.471165696187e-02       7.826351624997e+02 
       2.484990813710e-02       7.801062818467e+02 
       2.498828814611e-02       7.775631582721e+02 
       2.512679972984e-02       7.750041811757e+02 
       2.526544569592e-02       7.724322533582e+02 
       2.540422892050e-02       7.698473175151e+02 
       2.554315234997e-02       7.672483549396e+02 
       2.568221900292e-02       7.646363811185e+02 
       2.582143197196e-02       7.620118528967e+02 
       2.596079442580e-02       7.593762807916e+02 
       2.610030961129e-02       7.567297268896e+02 
       2.623998085549e-02       7.540736057575e+02 
       2.637981156794e-02       7.514043531042e+02 
       2.651980524290e-02       7.487265157979e+02 
       2.665996546168e-02       7.460378025886e+02 
       2.680029589511e-02       7.433412452332e+02 
       2.694080030602e-02       7.406341007501e+02 
       2.708148255186e-02       7.379200039400e+02 
       2.722234658737e-02       7.351977621238e+02 
       2.736339646738e-02       7.324664710460e+02 
       2.750463634970e-02       7.297270256613e+02 
       2.764607049807e-02       7.269831650400e+02 
       2.778770328530e-02       7.242298271169e+02 
       2.792953919641e-02       7.214738065716e+02 
       2.807158283200e-02       7.187086919138e+02 
       2.821383891169e-02       7.159376863167e+02 
       2.835631227763e-02       7.131617846733e+02 
       2.849900789825e-02       7.103814835741e+02 
       2.864193087208e-02       7.075974166761e+02 
       2.878508643170e-02       7.048060975191e+02 
       2.892847994792e-02       7.020128666690e+02 
       2.907211693401e-02       6.992137789139e+02 
       2.921600305018e-02       6.964155738956e+02 
       2.936014410820e-02       6.936093349557e+02 
       2.950454607619e-02       6.908020220430e+02 
       2.964921508358e-02       6.879913959385e+02 
       2.979415742637e-02       6.851801006619e+02 
       2.993937957245e-02       6.823649830892e+02 
       3.008488816723e-02       6.795480389997e+02 
       3.023069003948e-02       6.767295054306e+02 
       3.037679220740e-02       6.739093942050e+02 
       3.052320188494e-02       6.710880258721e+02 
       3.066992648838e-02       6.682664938449e+02 
       3.081697364318e-02       6.654451771835e+02 
       3.096435119115e-02       6.626198006632e+02 
       3.111206719787e-02       6.597956771668e+02 
       3.126012996051e-02       6.569725601157e+02 
       3.140854801586e-02       6.541512488040e+02 
       3.155733014887e-02       6.513277182160e+02 
       3.170648540141e-02       6.485050541257e+02 
       3.185602308155e-02       6.456835522268e+02 
       3.200595277315e-02       6.428651017749e+02 
       3.215628434598e-02       6.400449750945e+02 
       3.230702796621e-02       6.372277005674e+02 
       3.245819410741e-02       6.344117789108e+02 
       3.260979356215e-02       6.315953217420e+02 
       3.276183745398e-02       6.287831030854e+02 
       3.291433725013e-02       6.259733114428e+02 
       3.306730477471e-02       6.231644194461e+02 
       3.322075222260e-02       6.203561139689e+02 
       3.337469217403e-02       6.175531876461e+02 
       3.352913760980e-02       6.147540403831e+02 
       3.368410192736e-02       6.119547364851e+02 
       3.383959895760e-02       6.091593089194e+02 
       3.399564298254e-02       6.063669924603e+02 
       3.415224875396e-02       6.035769654867e+02 
       3.430943151287e-02       6.007921024403e+02 
       3.446720701016e-02       5.980073695065e+02 
       3.462559152820e-02       5.952293813881e+02 
       3.478460190367e-02       5.924529770510e+02 
       3.494425555159e-02       5.896812491830e+02 
       3.510457049068e-02       5.869118643189e+02 
       3.526556537007e-02       5.841494692717e+02 
       3.542725949757e-02       5.813881882661e+02 
       3.558967286947e-02       5.786312289241e+02 
       3.575282620204e-02       5.758774712395e+02 
       3.591674096486e-02       5.731288250370e+02 
       3.608143941613e-02       5.703845386386e+02 
       3.624694463996e-02       5.676440580677e+02 
       3.641328058594e-02       5.649090155685e+02 
       3.658047211114e-02       5.621771508819e+02 
       3.674854502456e-02       5.594504749522e+02 
       3.691752613441e-02       5.567264683386e+02 
       3.708744329831e-02       5.540073091570e+02 
       3.725832547669e-02       5.512923234958e+02 
       3.743020278953e-02       5.485821634874e+02 
       3.760310657689e-02       5.458758235828e+02 
       3.777706946333e-02       5.431764968205e+02 
       3.795212542663e-02       5.404779227904e+02 
       3.812830987117e-02       5.377850502846e+02 
       3.830565970624e-02       5.350964306060e+02 
       3.848421342989e-02       5.324137012159e+02 
       3.866401121852e-02       5.297337533668e+02 
       3.884509502293e-02       5.270566930942e+02 
       3.902750867120e-02       5.243865904772e+02 
       3.921129797920e-02       5.217197005727e+02 
       3.939651086917e-02       5.190551009103e+02 
       3.958319749728e-02       5.163949202760e+02 
       3.977141039084e-02       5.137399271452e+02 
       3.996120459624e-02       5.110884214047e+02 
       4.015263783837e-02       5.084404268982e+02 
       4.034577069283e-02       5.057947526803e+02 
       4.054066677207e-02       5.031539907971e+02 
       4.073739292676e-02       5.005148739407e+02 
       4.093601946408e-02       4.978800552644e+02 
       4.113662038441e-02       4.952496183621e+02 
       4.133927363850e-02       4.926210167902e+02 
       4.154406140720e-02       4.899931996684e+02 
       4.175107040600e-02       4.873745789562e+02 
       4.196039221729e-02       4.847482397821e+02 
       4.217212365321e-02       4.821289639269e+02 
       4.238636715250e-02       4.795107979404e+02 
       4.260323121533e-02       4.768927737678e+02 
       4.282283088035e-02       4.742796754604e+02 
       4.304528824899e-02       4.716634692661e+02 
       4.327073306268e-02       4.690508489821e+02 
       4.349930333937e-02       4.664389164703e+02 
       4.373114607684e-02       4.638246501276e+02 
       4.396641803108e-02       4.612111528722e+02 
       4.420528657961e-02       4.585972012585e+02 
       4.444793068082e-02       4.559814838767e+02 
       4.469454194227e-02       4.533642608294e+02 
       4.494532581288e-02       4.507439363866e+02 
       4.520050291638e-02       4.481228986140e+02 
       4.546031054620e-02       4.454967504547e+02 
       4.572500434546e-02       4.428672893420e+02 
       4.599486019958e-02       4.402320889154e+02 
       4.627017637418e-02       4.375922274085e+02 
       4.655127593643e-02       4.349466837616e+02 
       4.683850950529e-02       4.322954565248e+02 
       4.713225838436e-02       4.296348882581e+02 
       4.743293814168e-02       4.269661798785e+02 
       4.774100271297e-02       4.242878200950e+02 
       4.805694912064e-02       4.215982959305e+02 
       4.838132291952e-02       4.188975745778e+02 
       4.871472450393e-02       4.161846279089e+02 
       4.905781643925e-02       4.134542842750e+02 
       4.941133201783e-02       4.107096229331e+02 
       4.977608528353e-02       4.079463083495e+02 
       5.015298282618e-02       4.051637514373e+02 
       5.054303771845e-02       4.023582059305e+02 
       5.094738605757e-02       3.995280058968e+02 
       5.136730668884e-02       3.966717632464e+02 
       5.180424483333e-02       3.937858149944e+02 
       5.225984052739e-02       3.908650721956e+02 
       5.273596301788e-02       3.879077390650e+02 
       5.323475255774e-02       3.849071408301e+02 
       5.375867142783e-02       3.818586315480e+02 
       5.431056648953e-02       3.787551649870e+02 
       5.489374616450e-02       3.755900564684e+02 
       5.551207544878e-02       3.723541222159e+02 
       5.617009337762e-02       3.690347970999e+02 
       5.687315818582e-02       3.656182133807e+02 
       5.762762604582e-02       3.620860619371e+02 
       5.844106924229e-02       3.584169619744e+02 
       5.932253797381e-02       3.545811084183e+02 
       6.028286471725e-02       3.505405438621e+02 
       6.133499760901e-02       3.462456714250e+02 
       6.249432323972e-02       3.416306362602e+02 
       6.377888977286e-02       3.366080897572e+02 
       6.520935658723e-02       3.310611013831e+02 
       6.680837282307e-02       3.248378244741e+02 
       6.859895815143e-02       3.177479649318e+02 
       7.060145446358e-02       3.095672053195e+02 
       7.282900509303e-02       3.000671922065e+02 
       7.528254764851e-02       2.890711486891e+02 
       7.794763165265e-02       2.765313300052e+02 
       8.079557122545e-02       2.625970353581e+02 
       8.378925639194e-02       2.476380677596e+02 
       8.689081350409e-02       2.321960016314e+02 
       9.006747864852e-02       2.168853731922e+02 
       9.329408122598e-02       2.022882912880e+02 
       9.655282505597e-02       1.888797294131e+02 
       9.983181243343e-02       1.769802017006e+02 
       1.031233738652e-01       1.667499382467e+02 
       1.064226786357e-01       1.581982470321e+02 
       1.097267276976e-01       1.512096982165e+02 
       1.130336756109e-01       1.455749163541e+02 
       1.163423928821e-01       1.410201081432e+02 
       1.196521903954e-01       1.372371045428e+02 
       1.229626484529e-01       1.339113837804e+02 
       1.262735116499e-01       1.307485675568e+02 
       1.295846245788e-01       1.274999635254e+02 
       1.328958926300e-01       1.239813003330e+02 
       1.362072581392e-01       1.200854074650e+02 
       1.395186858906e-01       1.157858524507e+02 
       1.428301543108e-01       1.111288131621e+02 
       1.461416501217e-01       1.062185845237e+02 
       1.494531650939e-01       1.011964994193e+02 
       1.527646940752e-01       9.621838884028e+01 
       1.560762337931e-01       9.143478394852e+01 
       1.593877821275e-01       8.697372048370e+01 
       1.626993376673e-01       8.293065481754e+01 
       1.660108994417e-01       7.936218850469e+01 
       1.693224667555e-01       7.628587667361e+01 
       1.726340390885e-01       7.368329479013e+01 
       1.759456160339e-01       7.150563795436e+01 
       1.792571972603e-01       6.968138186170e+01 
       1.825687824880e-01       6.812447060821e+01 
       1.858803714740e-01       6.674283398457e+01 
       1.891919640029e-01       6.545727756360e+01 
       1.925035598800e-01       6.418362613118e+01 
       1.958151589280e-01       6.284771843161e+01 
       1.991267609837e-01       6.140301927885e+01 
       2.024383658960e-01       5.982660876136e+01 
       2.057499735246e-01       5.812009043631e+01 
       2.090615837384e-01       5.630669508650e+01 
       2.123731964151e-01       5.442487285014e+01 
       2.156848114401e-01       5.252097842748e+01 
       2.189964287058e-01       5.064239697942e+01 
       2.223080481113e-01       4.883191971027e+01 
       2.256196695617e-01       4.712454330545e+01 
       2.289312929674e-01       4.554585054164e+01 
       2.322429182442e-01       4.411203742326e+01 
       2.355545453127e-01       4.282905041264e+01 
       2.388661740978e-01       4.169384833756e+01 
       2.421778045285e-01       4.069425345452e+01 
       2.454894365379e-01       3.981006101609e+01 
       2.488010700625e-01       3.901567800809e+01 
       2.521127050422e-01       3.828263823542e+01 
       2.554243414200e-01       3.758286777695e+01 
       2.587359791419e-01       3.689151810675e+01 
       2.620476181567e-01       3.618917017662e+01 
       2.653592584155e-01       3.546262346368e+01 
       2.686708998722e-01       3.470505047300e+01 
       2.719825424828e-01       3.391553529067e+01 
       2.752941862052e-01       3.309805828134e+01 
       2.786058309997e-01       3.226120811416e+01 
       2.819174768282e-01       3.141673547003e+01 
       2.852291236545e-01       3.057865290988e+01 
       2.885407714441e-01       2.976121578854e+01 
       2.918524201640e-01       2.897745987769e+01 
       2.951640697827e-01       2.823744867990e+01 
       2.984757202702e-01       2.754740520726e+01 
       3.017873715976e-01       2.690952159464e+01 
       3.050990237374e-01       2.632225381886e+01 
       3.084106766634e-01       2.578136905245e+01 
       3.117223303504e-01       2.528074238773e+01 
       3.150339847742e-01       2.481314467044e+01 
       3.183456399118e-01       2.437085707357e+01 
       3.216572957409e-01       2.394596793085e+01 
       3.249689522404e-01       2.353093702133e+01 
       3.282806093897e-01       2.311901194719e+01 
       3.315922671695e-01       2.270501058687e+01 
       3.349039255608e-01       2.228574759857e+01 
       3.382155845457e-01       2.186028266014e+01 
       3.415272441067e-01       2.142968038649e+01 
       3.448389042272e-01       2.099661064338e+01 
       3.481505648911e-01       2.056458980650e+01 
       3.514622260831e-01       2.013741203536e+01 
       3.547738877882e-01       1.971873042190e+01 
       3.580855499922e-01       1.931181352393e+01 
       3.613972126813e-01       1.891939400184e+01 
       3.647088758422e-01       1.854373796065e+01 
       3.680205394621e-01       1.818628149687e+01 
       3.713322035287e-01       1.784748696223e+01 
       3.746438680301e-01       1.752681338305e+01 
       3.779555329547e-01       1.722259287616e+01 
       3.812671982916e-01       1.693240597959e+01 
       3.845788640301e-01       1.665347732089e+01 
       3.878905301597e-01       1.638308642625e+01 
       3.912021966706e-01       1.611881880467e+01 
       3.945138635530e-01       1.585890501406e+01 
       3.978255307977e-01       1.560204074542e+01 
       4.011371983957e-01       1.534731179634e+01 
       4.044488663382e-01       1.509412211077e+01 
       4.077605346168e-01       1.484227488273e+01 
       4.110722032234e-01       1.459190444947e+01 
       4.143838721501e-01       1.434360419494e+01 
       4.176955413892e-01       1.409828180482e+01 
       4.210072109333e-01       1.385711371535e+01 
       4.243188807752e-01       1.362120654285e+01 
       4.276305509081e-01       1.339147886774e+01 
       4.309422213251e-01       1.316845221515e+01 
       4.342538920198e-01       1.295239084344e+01 
       4.375655629858e-01       1.274325343350e+01 
       4.408772342170e-01       1.254092219725e+01 
       4.441889057074e-01       1.234519413409e+01 
       4.475005774513e-01       1.215579577039e+01 
       4.508122494430e-01       1.197231772784e+01 
       4.541239216771e-01       1.179420098024e+01 
       4.574355941484e-01       1.162068472022e+01 
       4.607472668516e-01       1.145096825894e+01 
       4.640589397819e-01       1.128426091693e+01 
       4.673706129343e-01       1.111998449512e+01 
       4.706822863041e-01       1.095781563964e+01 
       4.739939598869e-01       1.079763528709e+01 
       4.773056336780e-01       1.063946832211e+01 
       4.806173076733e-01       1.048336396090e+01 
       4.839289818685e-01       1.032944551807e+01 
       4.872406562596e-01       1.017777664551e+01 
       4.905523308424e-01       1.002853792959e+01 
       4.938640056133e-01       9.881967150441e+00 
       4.971756805683e-01       9.738371361809e+00 
       5.004873557039e-01       9.598136741336e+00 
       5.037990310164e-01       9.461439624613e+00 
       5.071107065024e-01       9.328332484304e+00 
       5.104223821585e-01       9.198803929854e+00 
       5.137340579814e-01       9.072533820005e+00 
       5.170457339678e-01       8.949243417480e+00 
       5.203574101147e-01       8.828682972621e+00 
       5.236690864190e-01       8.710614804370e+00 
       5.269807628778e-01       8.594884358671e+00 
       5.302924394880e-01       8.481335900823e+00 
       5.336041162469e-01       8.369777970186e+00 
       5.369157931517e-01       8.260008209593e+00 
       5.402274701998e-01       8.151829477085e+00 
       5.435391473885e-01       8.045101527509e+00 
       5.468508247152e-01       7.939850711910e+00 
       5.501625021775e-01       7.836112730213e+00 
       5.534741797728e-01       7.734043770304e+00 
       5.567858574989e-01       7.633736955345e+00 
       5.600975353534e-01       7.535258729103e+00 
       5.634092133340e-01       7.438604704695e+00 
       5.667208914385e-01       7.343725442405e+00 
       5.700325696648e-01       7.250577405791e+00 
       5.733442480106e-01       7.159147280792e+00 
       5.766559264741e-01       7.069463447561e+00 
       5.799676050531e-01       6.981563378774e+00 
       5.832792837456e-01       6.895431150283e+00 
       5.865909625498e-01       6.811017946177e+00 
       5.899026414637e-01       6.728189342032e+00 
       5.932143204856e-01       6.646842327545e+00 
       5.965259996135e-01       6.566822092379e+00 
       5.998376788458e-01       6.488063231553e+00 
       6.031493581807e-01       6.410551245946e+00 
       6.064610376165e-01       6.334290186147e+00 
       6.097727171517e-01       6.259265458220e+00 
       6.130843967845e-01       6.185437939988e+00 
       6.163960765134e-01       6.112740406244e+00 
       6.197077563368e-01       6.041099871331e+00 
       6.230194362533e-01       5.970480890414e+00 
       6.263311162613e-01       5.900888637680e+00 
       6.296427963595e-01       5.832372489078e+00 
       6.329544765463e-01       5.764984255081e+00 
       6.362661568205e-01       5.698759618423e+00 
       6.395778371805e-01       5.633688994455e+00 
       6.428895176252e-01       5.569722809358e+00 
       6.462011981532e-01       5.506794517520e+00 
       6.495128787633e-01       5.444859866021e+00 
       6.528245594541e-01       5.383898915687e+00 
       6.561362402245e-01       5.323919702440e+00 
       6.594479210732e-01       5.264934204921e+00 
       6.627596019991e-01       5.206932809462e+00 
       6.660712830010e-01       5.149872920426e+00 
       6.693829640778e-01       5.093690220514e+00 
       6.726946452283e-01       5.038318327694e+00 
       6.760063264516e-01       4.983709508006e+00 
       6.793180077465e-01       4.929858351383e+00 
       6.826296891120e-01       4.876775445357e+00 
       6.859413705470e-01       4.824502714782e+00 
       6.892530520506e-01       4.773029404209e+00 
       6.925647336217e-01       4.722337848203e+00 
       6.958764152595e-01       4.672383696732e+00 
       6.991880969629e-01       4.623131366049e+00 
       7.024997787310e-01       4.574553458316e+00 
       7.058114605629e-01       4.526653674184e+00 
       7.091231424578e-01       4.479461310932e+00 
       7.124348244147e-01       4.432991651018e+00 
       7.157465064327e-01       4.387245249795e+00 
       7.190581885111e-01       4.342207117681e+00 
       7.223698706489e-01       4.297829842264e+00 
       7.256815528454e-01       4.254066853189e+00 
       7.289932350998e-01       4.210897797052e+00 
       7.323049174113e-01       4.168313616318e+00 
       7.356165997791e-01       4.126334223529e+00 
       7.389282822025e-01       4.084967071157e+00 
       7.422399646806e-01       4.044210158059e+00 
       7.455516472129e-01       4.004040021101e+00 
       7.488633297984e-01       3.964415655963e+00 
       7.521750124367e-01       3.925300118274e+00 
       7.554866951269e-01       3.886682752943e+00 
       8.198102721918e-01       3.231357754743e+00 
       9.096865378917e-01       2.548731228104e+00 
       1.048113480481e+00       1.837839645991e+00 
       1.272309008191e+00       1.166953226089e+00 
       1.594812285659e+00       6.811302059023e-01 
       2.007541292717e+00       3.900213123039e-01 
       2.527343447222e+00       2.214275532412e-01 
       3.181736888759e+00       1.247694962373e-01 
       4.005569422901e+00       6.982376036718e-02 
       5.042713135196e+00       3.883071936538e-02 
       6.348399710287e+00       2.147141608577e-02 
       7.992161719507e+00       1.181055126227e-02 
       1.006153548386e+01       6.465054439537e-03 
       1.266672270229e+01       3.523177245406e-03 
       1.594645909407e+01       1.911984977303e-03 
       2.007540258166e+01       1.033606733593e-03 
       2.527343446205e+01       5.567231077508e-04 
       3.181736888759e+01       2.988190884026e-04 
       4.005569422901e+01       1.598566241358e-04 
       5.042713135196e+01       8.523164840768e-05 
       6.348399710287e+01       4.528843570998e-05 
       7.992161719507e+01       2.397636927392e-05 
       1.006153548386e+02       1.264056141273e-05 
       1.266672270229e+02       6.630709788711e-06 
       1.594645909407e+02       3.455931232553e-06 
       2.007540258166e+02       1.786070193482e-06 
       2.527343446205e+02       9.126702275226e-07 
       3.181736888759e+02       4.595227925810e-07 
       4.005569422901e+02       2.272297845159e-07 
       5.042713135196e+02       1.102728972422e-07 
       6.348399710287e+02       5.276518885742e-08 
       7.992161719507e+02       2.515509207992e-08 
       1.006153548386e+03       1.204877577776e-08 
