# Matter power spectrum P(k) at redshift z=4
# for k=1.04575e-05 to 1006.15 h/Mpc,
# number of wavenumbers equal to 625
#    1:k (h/Mpc)              2:P (Mpc/h)^3        
       1.045749810485e-05       2.880242507522e+00 
       2.373043761528e-05       6.448645155096e+00 
       3.705205197341e-05       9.989665046796e+00 
       5.046040160262e-05       1.352725235673e+01 
       6.399420676399e-05       1.707773322088e+01 
       7.769321405898e-05       2.065489696986e+01 
       9.159857522556e-05       2.427152302888e+01 
       1.057532435558e-04       2.794005737844e+01 
       1.202023933008e-04       3.167299667235e+01 
       1.349938674647e-04       3.548314995517e+01 
       1.501786593808e-04       3.938384463682e+01 
       1.658114333596e-04       4.338910686501e+01 
       1.819510894196e-04       4.751383107447e+01 
       1.986613765579e-04       5.177394702535e+01 
       2.160115580438e-04       5.618658938857e+01 
       2.340771306401e-04       6.077027130341e+01 
       2.529405972213e-04       6.554506397122e+01 
       2.726922886571e-04       7.053277979799e+01 
       2.934312256600e-04       7.575715795064e+01 
       3.152660040981e-04       8.124404549997e+01 
       3.383156775180e-04       8.702156825708e+01 
       3.627105977775e-04       9.312027826152e+01 
       3.885931583209e-04       9.957326415013e+01 
       4.161183645581e-04       1.064162015809e+02 
       4.454541324261e-04       1.136873191508e+02 
       4.767811907995e-04       1.214272465821e+02 
       5.102924387431e-04       1.296787077723e+02 
       5.461915893473e-04       1.384860163473e+02 
       5.846909251320e-04       1.478943361031e+02 
       6.260080050474e-04       1.579486691466e+02 
       6.703612104985e-04       1.686925575553e+02 
       7.179641068864e-04       1.801665044546e+02 
       7.690187318622e-04       1.924061634770e+02 
       8.237080952403e-04       2.054403931744e+02 
       8.821883665213e-04       2.192893164850e+02 
       9.445813962622e-04       2.339625678711e+02 
       1.010968318642e-03       2.494579361682e+02 
       1.081384969221e-03       2.657605780318e+02 
       1.155819700313e-03       2.828429394510e+02 
       1.234213899658e-03       3.006654296750e+02 
       1.316465168833e-03       3.191777851433e+02 
       1.402432774394e-03       3.383209808026e+02 
       1.491944724558e-03       3.580294860784e+02 
       1.584805697329e-03       3.782336166425e+02 
       1.680805061300e-03       3.988617797261e+02 
       1.779724358910e-03       4.198424776960e+02 
       1.881343813733e-03       4.411059448010e+02 
       1.985447627100e-03       4.625853929299e+02 
       2.091828006459e-03       4.842179113767e+02 
       2.200287998256e-03       5.059450183706e+02 
       2.310643277916e-03       5.277122791732e+02 
       2.422723085604e-03       5.494713868406e+02 
       2.536370500476e-03       5.711783543968e+02 
       2.651442230081e-03       5.927937568742e+02 
       2.767808065318e-03       6.142825675297e+02 
       2.885350122019e-03       6.356139604835e+02 
       3.003961962113e-03       6.567608634978e+02 
       3.123547662764e-03       6.776997654577e+02 
       3.244020881646e-03       6.984102844026e+02 
       3.365303950641e-03       7.188748512341e+02 
       3.487327018288e-03       7.390784151181e+02 
       3.610027252458e-03       7.590081361696e+02 
       3.733348108622e-03       7.786532700010e+02 
       3.857238664757e-03       7.980046857479e+02 
       3.981653021215e-03       8.170548554026e+02 
       4.106549762154e-03       8.357977836576e+02 
       4.231891474164e-03       8.542284784606e+02 
       4.357644317282e-03       8.723434226349e+02 
       4.483777643502e-03       8.901397148601e+02 
       4.610263657980e-03       9.076157261532e+02 
       4.737077118433e-03       9.247702383302e+02 
       4.864195068510e-03       9.416029358216e+02 
       4.991596601329e-03       9.581141540022e+02 
       5.119262649698e-03       9.743043996271e+02 
       5.247175799933e-03       9.901750938521e+02 
       5.375320126495e-03       1.005727523169e+03 
       5.503681045008e-03       1.020963642743e+03 
       5.632245181484e-03       1.035885885011e+03 
       5.761000255846e-03       1.050496469063e+03 
       5.889934978076e-03       1.064798108495e+03 
       6.019038955502e-03       1.078793665808e+03 
       6.148302609931e-03       1.092486055587e+03 
       6.277717103485e-03       1.105878596919e+03 
       6.407274272154e-03       1.118974771571e+03 
       6.536966566162e-03       1.131777468867e+03 
       6.666786996400e-03       1.144290392459e+03 
       6.796729086234e-03       1.156517021639e+03 
       6.926786828090e-03       1.168460816334e+03 
       7.056954644300e-03       1.180125596989e+03 
       7.187227351743e-03       1.191514821724e+03 
       7.317600129859e-03       1.202632019349e+03 
       7.448068491705e-03       1.213480953709e+03 
       7.578628257697e-03       1.224065429024e+03 
       7.709275531791e-03       1.234388543643e+03 
       7.840006679834e-03       1.244454776448e+03 
       7.970818309857e-03       1.254267343919e+03 
       8.101707254141e-03       1.263829305426e+03 
       8.232670552846e-03       1.273144985541e+03 
       8.363705439076e-03       1.282217734000e+03 
       8.494809325229e-03       1.291050195849e+03 
       8.625979790500e-03       1.299646594964e+03 
       8.757214569446e-03       1.308010316983e+03 
       8.888511541496e-03       1.316144585877e+03 
       9.019868721331e-03       1.324052499152e+03 
       9.151284250039e-03       1.331737803719e+03 
       9.282756386994e-03       1.339203286880e+03 
       9.414283502372e-03       1.346452459311e+03 
       9.545864070270e-03       1.353488133352e+03 
       9.677496662351e-03       1.360313577835e+03 
       9.809179941995e-03       1.366934087931e+03 
       9.940912658886e-03       1.373348499292e+03 
       1.007269364402e-02       1.379561599215e+03 
       1.020452180510e-02       1.385576450058e+03 
       1.033639612222e-02       1.391395646677e+03 
       1.046831564399e-02       1.397022527408e+03 
       1.060027948378e-02       1.402458875588e+03 
       1.073228681639e-02       1.407708268368e+03 
       1.086433687490e-02       1.412773221496e+03 
       1.099642894770e-02       1.417656255081e+03 
       1.112856237583e-02       1.422360214508e+03 
       1.126073655044e-02       1.426887215171e+03 
       1.139295091047e-02       1.431240660286e+03 
       1.152520494046e-02       1.435422242331e+03 
       1.165749816853e-02       1.439434168103e+03 
       1.178983016452e-02       1.443280229710e+03 
       1.192220053825e-02       1.446961351604e+03 
       1.205460893787e-02       1.450480318133e+03 
       1.218705504840e-02       1.453839937754e+03 
       1.231953859028e-02       1.457042612226e+03 
       1.245205931810e-02       1.460088785500e+03 
       1.258461701939e-02       1.462983104749e+03 
       1.271721151347e-02       1.465726300619e+03 
       1.284984265044e-02       1.468320922071e+03 
       1.298251031021e-02       1.470768306070e+03 
       1.311521440158e-02       1.473072341082e+03 
       1.324795486143e-02       1.475234043145e+03 
       1.338073165393e-02       1.477255200218e+03 
       1.351354476986e-02       1.479138742886e+03 
       1.364639422595e-02       1.480886154688e+03 
       1.377928006424e-02       1.482499196133e+03 
       1.391220235156e-02       1.483980296242e+03 
       1.404516117903e-02       1.485331349024e+03 
       1.417815666155e-02       1.486554477241e+03 
       1.431118893742e-02       1.487650216456e+03 
       1.444425816795e-02       1.488622668835e+03 
       1.457736453706e-02       1.489471708188e+03 
       1.471050825103e-02       1.490200452292e+03 
       1.484368953822e-02       1.490809800012e+03 
       1.497690864875e-02       1.491302458289e+03 
       1.511016585436e-02       1.491679127527e+03 
       1.524346144820e-02       1.491942870612e+03 
       1.537679574464e-02       1.492094659120e+03 
       1.551016907917e-02       1.492136259955e+03 
       1.564358180828e-02       1.492069829814e+03 
       1.577703430938e-02       1.491896473519e+03 
       1.591052698073e-02       1.491618290228e+03 
       1.604406024142e-02       1.491236918857e+03 
       1.617763453133e-02       1.490753983150e+03 
       1.631125031118e-02       1.490170736303e+03 
       1.644490806251e-02       1.489489193567e+03 
       1.657860828775e-02       1.488710976803e+03 
       1.671235151029e-02       1.487837640708e+03 
       1.684613827459e-02       1.486870770039e+03 
       1.697996914622e-02       1.485810634701e+03 
       1.711384471207e-02       1.484660014090e+03 
       1.724776558040e-02       1.483421594141e+03 
       1.738173238109e-02       1.482095689531e+03 
       1.751574576578e-02       1.480682342959e+03 
       1.764980640804e-02       1.479184595534e+03 
       1.778391500363e-02       1.477603705888e+03 
       1.791807227070e-02       1.475941283341e+03 
       1.805227895006e-02       1.474197946918e+03 
       1.818653580541e-02       1.472376119783e+03 
       1.832084362365e-02       1.470476054516e+03 
       1.845520321520e-02       1.468499932563e+03 
       1.858961541424e-02       1.466448216440e+03 
       1.872408107911e-02       1.464323545910e+03 
       1.885860109264e-02       1.462126696660e+03 
       1.899317636251e-02       1.459857481000e+03 
       1.912780782161e-02       1.457519589032e+03 
       1.926249642850e-02       1.455111673042e+03 
       1.939724316775e-02       1.452639397659e+03 
       1.953204905044e-02       1.450097039622e+03 
       1.966691511458e-02       1.447494331892e+03 
       1.980184242558e-02       1.444825140678e+03 
       1.993683207674e-02       1.442094840250e+03 
       2.007188518977e-02       1.439303844150e+03 
       2.020700291530e-02       1.436450704241e+03 
       2.034218643342e-02       1.433539523483e+03 
       2.047743695426e-02       1.430571521697e+03 
       2.061275571856e-02       1.427546943688e+03 
       2.074814399829e-02       1.424466604537e+03 
       2.088360309724e-02       1.421331868887e+03 
       2.101913435170e-02       1.418143837598e+03 
       2.115473913110e-02       1.414903534078e+03 
       2.129041883873e-02       1.411615133613e+03 
       2.142617491241e-02       1.408273930097e+03 
       2.156200882525e-02       1.404885676660e+03 
       2.169792208640e-02       1.401449090640e+03 
       2.183391624183e-02       1.397965693295e+03 
       2.196999287514e-02       1.394437731005e+03 
       2.210615360838e-02       1.390862797247e+03 
       2.224240010293e-02       1.387247642766e+03 
       2.237873406036e-02       1.383586897201e+03 
       2.251515722336e-02       1.379885436601e+03 
       2.265167137665e-02       1.376146531908e+03 
       2.278827834800e-02       1.372365164007e+03 
       2.292498000920e-02       1.368545067851e+03 
       2.306177827707e-02       1.364689228176e+03 
       2.319867511457e-02       1.360795044218e+03 
       2.333567253186e-02       1.356866651207e+03 
       2.347277258747e-02       1.352901857922e+03 
       2.360997738941e-02       1.348905024661e+03 
       2.374728909641e-02       1.344873942261e+03 
       2.388470991917e-02       1.340813606148e+03 
       2.402224212160e-02       1.336720952040e+03 
       2.415988802217e-02       1.332597569766e+03 
       2.429764999526e-02       1.328442619457e+03 
       2.443553047256e-02       1.324262010957e+03 
       2.457353194453e-02       1.320055232018e+03 
       2.471165696187e-02       1.315819635051e+03 
       2.484990813710e-02       1.311558145590e+03 
       2.498828814611e-02       1.307272751156e+03 
       2.512679972984e-02       1.302960751291e+03 
       2.526544569592e-02       1.298627026663e+03 
       2.540422892050e-02       1.294271471034e+03 
       2.554315234997e-02       1.289892382328e+03 
       2.568221900292e-02       1.285491473782e+03 
       2.582143197196e-02       1.281069493918e+03 
       2.596079442580e-02       1.276628989528e+03 
       2.610030961129e-02       1.272170052686e+03 
       2.623998085549e-02       1.267695095349e+03 
       2.637981156794e-02       1.263198097837e+03 
       2.651980524290e-02       1.258686708120e+03 
       2.665996546168e-02       1.254157078490e+03 
       2.680029589511e-02       1.249614291061e+03 
       2.694080030602e-02       1.245053757059e+03 
       2.708148255186e-02       1.240481596406e+03 
       2.722234658737e-02       1.235895768833e+03 
       2.736339646738e-02       1.231294772379e+03 
       2.750463634970e-02       1.226680123074e+03 
       2.764607049807e-02       1.222058086010e+03 
       2.778770328530e-02       1.217420172799e+03 
       2.792953919641e-02       1.212777796731e+03 
       2.807158283200e-02       1.208120178043e+03 
       2.821383891169e-02       1.203452701475e+03 
       2.835631227763e-02       1.198777050750e+03 
       2.849900789825e-02       1.194094066285e+03 
       2.864193087208e-02       1.189404778938e+03 
       2.878508643170e-02       1.184703364206e+03 
       2.892847994792e-02       1.179998809104e+03 
       2.907211693401e-02       1.175284451758e+03 
       2.921600305018e-02       1.170571635218e+03 
       2.936014410820e-02       1.165845373044e+03 
       2.950454607619e-02       1.161117350167e+03 
       2.964921508358e-02       1.156383824727e+03 
       2.979415742637e-02       1.151649251789e+03 
       2.993937957245e-02       1.146908313360e+03 
       3.008488816723e-02       1.142164350642e+03 
       3.023069003948e-02       1.137417809335e+03 
       3.037679220740e-02       1.132668667671e+03 
       3.052320188494e-02       1.127917474725e+03 
       3.066992648838e-02       1.123166084314e+03 
       3.081697364318e-02       1.118415120725e+03 
       3.096435119115e-02       1.113657403122e+03 
       3.111206719787e-02       1.108901855599e+03 
       3.126012996051e-02       1.104148077401e+03 
       3.140854801586e-02       1.099397407910e+03 
       3.155733014887e-02       1.094643068360e+03 
       3.170648540141e-02       1.089890273735e+03 
       3.185602308155e-02       1.085139510791e+03 
       3.200595277315e-02       1.080393941531e+03 
       3.215628434598e-02       1.075645644452e+03 
       3.230702796621e-02       1.070902210209e+03 
       3.245819410741e-02       1.066161130611e+03 
       3.260979356215e-02       1.061419221026e+03 
       3.276183745398e-02       1.056684517774e+03 
       3.291433725013e-02       1.051953972949e+03 
       3.306730477471e-02       1.047225013325e+03 
       3.322075222260e-02       1.042497141555e+03 
       3.337469217403e-02       1.037778377335e+03 
       3.352913760980e-02       1.033066047313e+03 
       3.368410192736e-02       1.028353534071e+03 
       3.383959895760e-02       1.023647622617e+03 
       3.399564298254e-02       1.018947022428e+03 
       3.415224875396e-02       1.014250351539e+03 
       3.430943151287e-02       1.009562445695e+03 
       3.446720701016e-02       1.004874846718e+03 
       3.462559152820e-02       1.000198663690e+03 
       3.478460190367e-02       9.955252232731e+02 
       3.494425555159e-02       9.908597349135e+02 
       3.510457049068e-02       9.861982761011e+02 
       3.526556537007e-02       9.815486457039e+02 
       3.542725949757e-02       9.769009740514e+02 
       3.558967286947e-02       9.722606405933e+02 
       3.575282620204e-02       9.676257902211e+02 
       3.591674096486e-02       9.629996200027e+02 
       3.608143941613e-02       9.583808580687e+02 
       3.624694463996e-02       9.537685865012e+02 
       3.641328058594e-02       9.491655417980e+02 
       3.658047211114e-02       9.445679307506e+02 
       3.674854502456e-02       9.399791199525e+02 
       3.691752613441e-02       9.353948918740e+02 
       3.708744329831e-02       9.308188876280e+02 
       3.725832547669e-02       9.262499896000e+02 
       3.743020278953e-02       9.216892817206e+02 
       3.760310657689e-02       9.171350785020e+02 
       3.777706946333e-02       9.125927392935e+02 
       3.795212542663e-02       9.080517562620e+02 
       3.812830987117e-02       9.035204198957e+02 
       3.830565970624e-02       8.989963122680e+02 
       3.848421342989e-02       8.944821841502e+02 
       3.866401121852e-02       8.899728013395e+02 
       3.884509502293e-02       8.854683415379e+02 
       3.902750867120e-02       8.809756399921e+02 
       3.921129797920e-02       8.764883975553e+02 
       3.939651086917e-02       8.720050666426e+02 
       3.958319749728e-02       8.675292235876e+02 
       3.977141039084e-02       8.630621463351e+02 
       3.996120459624e-02       8.586009644638e+02 
       4.015263783837e-02       8.541457439980e+02 
       4.034577069283e-02       8.496944579780e+02 
       4.054066677207e-02       8.452514630126e+02 
       4.073739292676e-02       8.408112512121e+02 
       4.093601946408e-02       8.363782996337e+02 
       4.113662038441e-02       8.319527208348e+02 
       4.133927363850e-02       8.275302571946e+02 
       4.154406140720e-02       8.231091047345e+02 
       4.175107040600e-02       8.187034114087e+02 
       4.196039221729e-02       8.142847453344e+02 
       4.217212365321e-02       8.098779478109e+02 
       4.238636715250e-02       8.054729914840e+02 
       4.260323121533e-02       8.010682689382e+02 
       4.282283088035e-02       7.966717873784e+02 
       4.304528824899e-02       7.922700636475e+02 
       4.327073306268e-02       7.878743374347e+02 
       4.349930333937e-02       7.834797183029e+02 
       4.373114607684e-02       7.790811464618e+02 
       4.396641803108e-02       7.746838283939e+02 
       4.420528657961e-02       7.702856996386e+02 
       4.444793068082e-02       7.658845450557e+02 
       4.469454194227e-02       7.614808234092e+02 
       4.494532581288e-02       7.570718391381e+02 
       4.520050291638e-02       7.526616117342e+02 
       4.546031054620e-02       7.482427420667e+02 
       4.572500434546e-02       7.438182654772e+02 
       4.599486019958e-02       7.393840966320e+02 
       4.627017637418e-02       7.349420508911e+02 
       4.655127593643e-02       7.304904212571e+02 
       4.683850950529e-02       7.260291967964e+02 
       4.713225838436e-02       7.215522531826e+02 
       4.743293814168e-02       7.170616058714e+02 
       4.774100271297e-02       7.125547084591e+02 
       4.805694912064e-02       7.080290375469e+02 
       4.838132291952e-02       7.034845303460e+02 
       4.871472450393e-02       6.989194657975e+02 
       4.905781643925e-02       6.943251658069e+02 
       4.941133201783e-02       6.897067905718e+02 
       4.977608528353e-02       6.850570574536e+02 
       5.015298282618e-02       6.803749678574e+02 
       5.054303771845e-02       6.756542275398e+02 
       5.094738605757e-02       6.708920291906e+02 
       5.136730668884e-02       6.660860037594e+02 
       5.180424483333e-02       6.612299978469e+02 
       5.225984052739e-02       6.563154190329e+02 
       5.273596301788e-02       6.513392362074e+02 
       5.323475255774e-02       6.462901766689e+02 
       5.375867142783e-02       6.411604140877e+02 
       5.431056648953e-02       6.359380512670e+02 
       5.489374616450e-02       6.306117970391e+02 
       5.551207544878e-02       6.251661617221e+02 
       5.617009337762e-02       6.195800149988e+02 
       5.687315818582e-02       6.138299791362e+02 
       5.762762604582e-02       6.078852583564e+02 
       5.844106924229e-02       6.017099208285e+02 
       5.932253797381e-02       5.952539187518e+02 
       6.028286471725e-02       5.884535082968e+02 
       6.133499760901e-02       5.812254729545e+02 
       6.249432323972e-02       5.734593021893e+02 
       6.377888977286e-02       5.650083669085e+02 
       6.520935658723e-02       5.556762725613e+02 
       6.680837282307e-02       5.452078644696e+02 
       6.859895815143e-02       5.332835915901e+02 
       7.060145446358e-02       5.195274177974e+02 
       7.282900509303e-02       5.035573681610e+02 
       7.528254764851e-02       4.850778384947e+02 
       7.794763165265e-02       4.640086536985e+02 
       8.079557122545e-02       4.406013220384e+02 
       8.378925639194e-02       4.154783607553e+02 
       8.689081350409e-02       3.895481739827e+02 
       9.006747864852e-02       3.638417564890e+02 
       9.329408122598e-02       3.393364306786e+02 
       9.655282505597e-02       3.168277801395e+02 
       9.983181243343e-02       2.968532561733e+02 
       1.031233738652e-01       2.796813898949e+02 
       1.064226786357e-01       2.653266178818e+02 
       1.097267276976e-01       2.535954463229e+02 
       1.130336756109e-01       2.441360606899e+02 
       1.163423928821e-01       2.364887987647e+02 
       1.196521903954e-01       2.301370436810e+02 
       1.229626484529e-01       2.245527266114e+02 
       1.262735116499e-01       2.192423583626e+02 
       1.295846245788e-01       2.137889013790e+02 
       1.328958926300e-01       2.078830557960e+02 
       1.362072581392e-01       2.013455059427e+02 
       1.395186858906e-01       1.941316556170e+02 
       1.428301543108e-01       1.863189991492e+02 
       1.461416501217e-01       1.780825576682e+02 
       1.494531650939e-01       1.696589766474e+02 
       1.527646940752e-01       1.613097615050e+02 
       1.560762337931e-01       1.532870906167e+02 
       1.593877821275e-01       1.458055152460e+02 
       1.626993376673e-01       1.390251894259e+02 
       1.660108994417e-01       1.330407014172e+02 
       1.693224667555e-01       1.278815963925e+02 
       1.726340390885e-01       1.235168817542e+02 
       1.759456160339e-01       1.198646123447e+02 
       1.792571972603e-01       1.168050149874e+02 
       1.825687824880e-01       1.141936321981e+02 
       1.858803714740e-01       1.118762121188e+02 
       1.891919640029e-01       1.097199905238e+02 
       1.925035598800e-01       1.075837635230e+02 
       1.958151589280e-01       1.053433619277e+02 
       1.991267609837e-01       1.029206537826e+02 
       2.024383658960e-01       1.002772862236e+02 
       2.057499735246e-01       9.741597438350e+01 
       2.090615837384e-01       9.437555869181e+01 
       2.123731964151e-01       9.122060679647e+01 
       2.156848114401e-01       8.802871766915e+01 
       2.189964287058e-01       8.487933294373e+01 
       2.223080481113e-01       8.184421807779e+01 
       2.256196695617e-01       7.898192264368e+01 
       2.289312929674e-01       7.633541682184e+01 
       2.322429182442e-01       7.393177494749e+01 
       2.355545453127e-01       7.178095312221e+01 
       2.388661740978e-01       6.987790631802e+01 
       2.421778045285e-01       6.820212921780e+01 
       2.454894365379e-01       6.671983022000e+01 
       2.488010700625e-01       6.538807761261e+01 
       2.521127050422e-01       6.415913802305e+01 
       2.554243414200e-01       6.298602180642e+01 
       2.587359791419e-01       6.182700716530e+01 
       2.620476181567e-01       6.064960527655e+01 
       2.653592584155e-01       5.943167647459e+01 
       2.686708998722e-01       5.816174646369e+01 
       2.719825424828e-01       5.683834319313e+01 
       2.752941862052e-01       5.546807123390e+01 
       2.786058309997e-01       5.406536670720e+01 
       2.819174768282e-01       5.264991752908e+01 
       2.852291236545e-01       5.124517162682e+01 
       2.885407714441e-01       4.987507237951e+01 
       2.918524201640e-01       4.856141477884e+01 
       2.951640697827e-01       4.732108757410e+01 
       2.984757202702e-01       4.616452437289e+01 
       3.017873715976e-01       4.509536263834e+01 
       3.050990237374e-01       4.411106042519e+01 
       3.084106766634e-01       4.320448411641e+01 
       3.117223303504e-01       4.236538248862e+01 
       3.150339847742e-01       4.158165518499e+01 
       3.183456399118e-01       4.084032922061e+01 
       3.216572957409e-01       4.012818680311e+01 
       3.249689522404e-01       3.943256364210e+01 
       3.282806093897e-01       3.874214897770e+01 
       3.315922671695e-01       3.804827614319e+01 
       3.349039255608e-01       3.734557454242e+01 
       3.382155845457e-01       3.663250148985e+01 
       3.415272441067e-01       3.591082129363e+01 
       3.448389042272e-01       3.518500539605e+01 
       3.481505648911e-01       3.446096927381e+01 
       3.514622260831e-01       3.374503704500e+01 
       3.547738877882e-01       3.304335938747e+01 
       3.580855499922e-01       3.236140025153e+01 
       3.613972126813e-01       3.170373166630e+01 
       3.647088758422e-01       3.107417231967e+01 
       3.680205394621e-01       3.047510260919e+01 
       3.713322035287e-01       2.990731628037e+01 
       3.746438680301e-01       2.936990039640e+01 
       3.779555329547e-01       2.886004901833e+01 
       3.812671982916e-01       2.837373056858e+01 
       3.845788640301e-01       2.790627013512e+01 
       3.878905301597e-01       2.745312452357e+01 
       3.912021966706e-01       2.701024533415e+01 
       3.945138635530e-01       2.657465533168e+01 
       3.978255307977e-01       2.614418922384e+01 
       4.011371983957e-01       2.571729555593e+01 
       4.044488663382e-01       2.529298533950e+01 
       4.077605346168e-01       2.487093145205e+01 
       4.110722032234e-01       2.445134641527e+01 
       4.143838721501e-01       2.403524205458e+01 
       4.176955413892e-01       2.362412290175e+01 
       4.210072109333e-01       2.321996720612e+01 
       4.243188807752e-01       2.282463495225e+01 
       4.276305509081e-01       2.243965048685e+01 
       4.309422213251e-01       2.206590404174e+01 
       4.342538920198e-01       2.170382808394e+01 
       4.375655629858e-01       2.135335378556e+01 
       4.408772342170e-01       2.101429170518e+01 
       4.441889057074e-01       2.068628789456e+01 
       4.475005774513e-01       2.036889804826e+01 
       4.508122494430e-01       2.006142802052e+01 
       4.541239216771e-01       1.976294030050e+01 
       4.574355941484e-01       1.947216842881e+01 
       4.607472668516e-01       1.918775817237e+01 
       4.640589397819e-01       1.890839584951e+01 
       4.673706129343e-01       1.863310723381e+01 
       4.706822863041e-01       1.836134771729e+01 
       4.739939598869e-01       1.809292690446e+01 
       4.773056336780e-01       1.782787552961e+01 
       4.806173076733e-01       1.756628400299e+01 
       4.839289818685e-01       1.730835684320e+01 
       4.872406562596e-01       1.705419608899e+01 
       4.905523308424e-01       1.680411331001e+01 
       4.938640056133e-01       1.655849770719e+01 
       4.971756805683e-01       1.631786958265e+01 
       5.004873557039e-01       1.608287544789e+01 
       5.037990310164e-01       1.585380568948e+01 
       5.071107065024e-01       1.563075654357e+01 
       5.104223821585e-01       1.541370170794e+01 
       5.137340579814e-01       1.520210757890e+01 
       5.170457339678e-01       1.499550875205e+01 
       5.203574101147e-01       1.479348158652e+01 
       5.236690864190e-01       1.459563448128e+01 
       5.269807628778e-01       1.440170316037e+01 
       5.302924394880e-01       1.421142810454e+01 
       5.336041162469e-01       1.402449093478e+01 
       5.369157931517e-01       1.384054710970e+01 
       5.402274701998e-01       1.365927355252e+01 
       5.435391473885e-01       1.348042942476e+01 
       5.468508247152e-01       1.330405999472e+01 
       5.501625021775e-01       1.313022816783e+01 
       5.534741797728e-01       1.295919088409e+01 
       5.567858574989e-01       1.279110876427e+01 
       5.600975353534e-01       1.262608974407e+01 
       5.634092133340e-01       1.246412695207e+01 
       5.667208914385e-01       1.230514068489e+01 
       5.700325696648e-01       1.214905347573e+01 
       5.733442480106e-01       1.199584602199e+01 
       5.766559264741e-01       1.184556561147e+01 
       5.799676050531e-01       1.169827253010e+01 
       5.832792837456e-01       1.155394437273e+01 
       5.865909625498e-01       1.141249459488e+01 
       5.899026414637e-01       1.127370095983e+01 
       5.932143204856e-01       1.113739103592e+01 
       5.965259996135e-01       1.100330301267e+01 
       5.998376788458e-01       1.087133053572e+01 
       6.031493581807e-01       1.074144569906e+01 
       6.064610376165e-01       1.061365787520e+01 
       6.097727171517e-01       1.048794268520e+01 
       6.130843967845e-01       1.036423227247e+01 
       6.163960765134e-01       1.024241672266e+01 
       6.197077563368e-01       1.012237156047e+01 
       6.230194362533e-01       1.000403846607e+01 
       6.263311162613e-01       9.887427014501e+00 
       6.296427963595e-01       9.772617027754e+00 
       6.329544765463e-01       9.659698336418e+00 
       6.362661568205e-01       9.548729219760e+00 
       6.395778371805e-01       9.439693387744e+00 
       6.428895176252e-01       9.332509869562e+00 
       6.462011981532e-01       9.227063670409e+00 
       6.495128787633e-01       9.123283855595e+00 
       6.528245594541e-01       9.021135146138e+00 
       6.561362402245e-01       8.920631681043e+00 
       6.594479210732e-01       8.821793832925e+00 
       6.627596019991e-01       8.724604045475e+00 
       6.660712830010e-01       8.628992611568e+00 
       6.693829640778e-01       8.534851194727e+00 
       6.726946452283e-01       8.442068047964e+00 
       6.760063264516e-01       8.350564035862e+00 
       6.793180077465e-01       8.260328989998e+00 
       6.826296891120e-01       8.171381884334e+00 
       6.859413705470e-01       8.083792626935e+00 
       6.892530520506e-01       7.997542363526e+00 
       6.925647336217e-01       7.912602367335e+00 
       6.958764152595e-01       7.828897745749e+00 
       6.991880969629e-01       7.746369752892e+00 
       7.024997787310e-01       7.664971654848e+00 
       7.058114605629e-01       7.584709529272e+00 
       7.091231424578e-01       7.505633172468e+00 
       7.124348244147e-01       7.427767746198e+00 
       7.157465064327e-01       7.351114316582e+00 
       7.190581885111e-01       7.275647761010e+00 
       7.223698706489e-01       7.201287956551e+00 
       7.256815528454e-01       7.127958517867e+00 
       7.289932350998e-01       7.055623905350e+00 
       7.323049174113e-01       6.984269015711e+00 
       7.356165997791e-01       6.913928117945e+00 
       7.389282822025e-01       6.844612494148e+00 
       7.422399646806e-01       6.776320341791e+00 
       7.455516472129e-01       6.709010866687e+00 
       7.488633297984e-01       6.642615575590e+00 
       7.521750124367e-01       6.577073533088e+00 
       7.554866951269e-01       6.512365976842e+00 
       8.198102721918e-01       5.414304824327e+00 
       9.096865378917e-01       4.270507658487e+00 
       1.048113480481e+00       3.079361985778e+00 
       1.272309008191e+00       1.955258704718e+00 
       1.594812285659e+00       1.141245561382e+00 
       2.007541292717e+00       6.534856547511e-01 
       2.527343447222e+00       3.710039404065e-01 
       3.181736888759e+00       2.090521331267e-01 
       4.005569422901e+00       1.169897216156e-01 
       5.042713135196e+00       6.506092957321e-02 
       6.348399710287e+00       3.597530446465e-02 
       7.992161719507e+00       1.978849021580e-02 
       1.006153548386e+01       1.083209999286e-02 
       1.266672270229e+01       5.902980521549e-03 
       1.594645909407e+01       3.203435432812e-03 
       2.007540258166e+01       1.731721968819e-03 
       2.527343446205e+01       9.327141006058e-04 
       3.181736888759e+01       5.006061614872e-04 
       4.005569422901e+01       2.677839561471e-04 
       5.042713135196e+01       1.427582160872e-04 
       6.348399710287e+01       7.584076200520e-05 
       7.992161719507e+01       4.013884662345e-05 
       1.006153548386e+02       2.115130117306e-05 
       1.266672270229e+02       1.108665091661e-05 
       1.594645909407e+02       5.771527154660e-06 
       2.007540258166e+02       2.977350263006e-06 
       2.527343446205e+02       1.517180255364e-06 
       3.181736888759e+02       7.607298760019e-07 
       4.005569422901e+02       3.739209981300e-07 
       5.042713135196e+02       1.799347946669e-07 
       6.348399710287e+02       8.510428218239e-08 
       7.992161719507e+02       3.993821757292e-08 
       1.006153548386e+03       1.874427787694e-08 
