# Matter power spectrum P(k) at redshift z=3.5
# for k=1.04575e-05 to 1006.15 h/Mpc,
# number of wavenumbers equal to 625
#    1:k (h/Mpc)              2:P (Mpc/h)^3        
       1.045749810485e-05       3.549459676748e+00 
       2.373043761528e-05       7.946970452288e+00 
       3.705205197341e-05       1.231073297955e+01 
       5.046040160262e-05       1.667026039585e+01 
       6.399420676399e-05       2.104567028023e+01 
       7.769321405898e-05       2.545395384724e+01 
       9.159857522556e-05       2.991085744180e+01 
       1.057532435558e-04       3.443171638446e+01 
       1.202023933008e-04       3.903192797830e+01 
       1.349938674647e-04       4.372727400259e+01 
       1.501786593808e-04       4.853417470849e+01 
       1.658114333596e-04       5.346991060490e+01 
       1.819510894196e-04       5.855283155933e+01 
       1.986613765579e-04       6.380256234987e+01 
       2.160115580438e-04       6.924021140936e+01 
       2.340771306401e-04       7.488858461445e+01 
       2.529405972213e-04       8.077240622357e+01 
       2.726922886571e-04       8.691854431661e+01 
       2.934312256600e-04       9.335623889424e+01 
       3.152660040981e-04       1.001173249411e+02 
       3.383156775180e-04       1.072364422616e+02 
       3.627105977775e-04       1.147512166598e+02 
       3.885931583209e-04       1.227023953631e+02 
       4.161183645581e-04       1.311339086210e+02 
       4.454541324261e-04       1.400928271144e+02 
       4.767811907995e-04       1.496291744519e+02 
       5.102924387431e-04       1.597955488111e+02 
       5.461915893473e-04       1.706465019574e+02 
       5.846909251320e-04       1.822376289749e+02 
       6.260080050474e-04       1.946243243443e+02 
       6.703612104985e-04       2.078601861735e+02 
       7.179641068864e-04       2.219950772262e+02 
       7.690187318622e-04       2.370729036589e+02 
       8.237080952403e-04       2.531292296212e+02 
       8.821883665213e-04       2.701889015275e+02 
       9.445813962622e-04       2.882639048520e+02 
       1.010968318642e-03       3.073517086206e+02 
       1.081384969221e-03       3.274343105074e+02 
       1.155819700313e-03       3.484781476842e+02 
       1.234213899658e-03       3.704349256851e+02 
       1.316465168833e-03       3.932432854458e+02 
       1.402432774394e-03       4.168311326613e+02 
       1.491944724558e-03       4.411183812531e+02 
       1.584805697329e-03       4.660198101129e+02 
       1.680805061300e-03       4.914477888828e+02 
       1.779724358910e-03       5.173147152994e+02 
       1.881343813733e-03       5.435350125530e+02 
       1.985447627100e-03       5.700266642517e+02 
       2.091828006459e-03       5.967123363181e+02 
       2.200287998256e-03       6.235200823768e+02 
       2.310643277916e-03       6.503829021729e+02 
       2.422723085604e-03       6.772413360959e+02 
       2.536370500476e-03       7.040412522535e+02 
       2.651442230081e-03       7.307341503275e+02 
       2.767808065318e-03       7.572769523977e+02 
       2.885350122019e-03       7.836317445820e+02 
       3.003961962113e-03       8.097652060702e+02 
       3.123547662764e-03       8.356483544435e+02 
       3.244020881646e-03       8.612560050368e+02 
       3.365303950641e-03       8.865663803583e+02 
       3.487327018288e-03       9.115607564494e+02 
       3.610027252458e-03       9.362231000150e+02 
       3.733348108622e-03       9.605399424729e+02 
       3.857238664757e-03       9.844998015193e+02 
       3.981653021215e-03       1.008093177376e+03 
       4.106549762154e-03       1.031312468603e+03 
       4.231891474164e-03       1.054151317521e+03 
       4.357644317282e-03       1.076605185537e+03 
       4.483777643502e-03       1.098670287076e+03 
       4.610263657980e-03       1.120344397035e+03 
       4.737077118433e-03       1.141625786161e+03 
       4.864195068510e-03       1.162513833014e+03 
       4.991596601329e-03       1.183008720816e+03 
       5.119262649698e-03       1.203110850184e+03 
       5.247175799933e-03       1.222821765232e+03 
       5.375320126495e-03       1.242142859406e+03 
       5.503681045008e-03       1.261076367527e+03 
       5.632245181484e-03       1.279625127485e+03 
       5.761000255846e-03       1.297791722232e+03 
       5.889934978076e-03       1.315579350397e+03 
       6.019038955502e-03       1.332991397782e+03 
       6.148302609931e-03       1.350031313007e+03 
       6.277717103485e-03       1.366703088081e+03 
       6.407274272154e-03       1.383010824032e+03 
       6.536966566162e-03       1.398957971345e+03 
       6.666786996400e-03       1.414549020390e+03 
       6.796729086234e-03       1.429787938024e+03 
       6.926786828090e-03       1.444679074851e+03 
       7.056954644300e-03       1.459227161357e+03 
       7.187227351743e-03       1.473436299980e+03 
       7.317600129859e-03       1.487310686572e+03 
       7.448068491705e-03       1.500854815096e+03 
       7.578628257697e-03       1.514073237665e+03 
       7.709275531791e-03       1.526969642763e+03 
       7.840006679834e-03       1.539549434818e+03 
       7.970818309857e-03       1.551816464069e+03 
       8.101707254141e-03       1.563774399037e+03 
       8.232670552846e-03       1.575428480010e+03 
       8.363705439076e-03       1.586782750104e+03 
       8.494809325229e-03       1.597840390794e+03 
       8.625979790500e-03       1.608606535472e+03 
       8.757214569446e-03       1.619085286523e+03 
       8.888511541496e-03       1.629280547647e+03 
       9.019868721331e-03       1.639196060690e+03 
       9.151284250039e-03       1.648836437469e+03 
       9.282756386994e-03       1.658206882113e+03 
       9.414283502372e-03       1.667309016216e+03 
       9.545864070270e-03       1.676146379018e+03 
       9.677496662351e-03       1.684723639953e+03 
       9.809179941995e-03       1.693044714589e+03 
       9.940912658886e-03       1.701112684838e+03 
       1.007269364402e-02       1.708931593670e+03 
       1.020452180510e-02       1.716505051907e+03 
       1.033639612222e-02       1.723836245728e+03 
       1.046831564399e-02       1.730929280870e+03 
       1.060027948378e-02       1.737786338546e+03 
       1.073228681639e-02       1.744411820367e+03 
       1.086433687490e-02       1.750808822424e+03 
       1.099642894770e-02       1.756980446351e+03 
       1.112856237583e-02       1.762930200416e+03 
       1.126073655044e-02       1.768660690047e+03 
       1.139295091047e-02       1.774176116383e+03 
       1.152520494046e-02       1.779478561928e+03 
       1.165749816853e-02       1.784570748783e+03 
       1.178983016452e-02       1.789457363631e+03 
       1.192220053825e-02       1.794139538235e+03 
       1.205460893787e-02       1.798620710683e+03 
       1.218705504840e-02       1.802904349762e+03 
       1.231953859028e-02       1.806993420131e+03 
       1.245205931810e-02       1.810888458409e+03 
       1.258461701939e-02       1.814595213482e+03 
       1.271721151347e-02       1.818114577723e+03 
       1.284984265044e-02       1.821449698244e+03 
       1.298251031021e-02       1.824602219138e+03 
       1.311521440158e-02       1.827576946420e+03 
       1.324795486143e-02       1.830375126076e+03 
       1.338073165393e-02       1.832998957769e+03 
       1.351354476986e-02       1.835452057287e+03 
       1.364639422595e-02       1.837736257756e+03 
       1.377928006424e-02       1.839853729213e+03 
       1.391220235156e-02       1.841807415194e+03 
       1.404516117903e-02       1.843599632318e+03 
       1.417815666155e-02       1.845232989868e+03 
       1.431118893742e-02       1.846708160395e+03 
       1.444425816795e-02       1.848030192445e+03 
       1.457736453706e-02       1.849198905052e+03 
       1.471050825103e-02       1.850218133354e+03 
       1.484368953822e-02       1.851088965651e+03 
       1.497690864875e-02       1.851814732780e+03 
       1.511016585436e-02       1.852396273208e+03 
       1.524346144820e-02       1.852837361995e+03 
       1.537679574464e-02       1.853139176319e+03 
       1.551016907917e-02       1.853303882225e+03 
       1.564358180828e-02       1.853334129628e+03 
       1.577703430938e-02       1.853231265811e+03 
       1.591052698073e-02       1.852997871535e+03 
       1.604406024142e-02       1.852635957440e+03 
       1.617763453133e-02       1.852147516742e+03 
       1.631125031118e-02       1.851534085152e+03 
       1.644490806251e-02       1.850798143910e+03 
       1.657860828775e-02       1.849941689929e+03 
       1.671235151029e-02       1.848966634432e+03 
       1.684613827459e-02       1.847874927948e+03 
       1.697996914622e-02       1.846666893339e+03 
       1.711384471207e-02       1.845345966535e+03 
       1.724776558040e-02       1.843915474523e+03 
       1.738173238109e-02       1.842375791411e+03 
       1.751574576578e-02       1.840726960358e+03 
       1.764980640804e-02       1.838972748413e+03 
       1.778391500363e-02       1.837114712318e+03 
       1.791807227070e-02       1.835154838852e+03 
       1.805227895006e-02       1.833093891843e+03 
       1.818653580541e-02       1.830934870388e+03 
       1.832084362365e-02       1.828678081132e+03 
       1.845520321520e-02       1.826326227150e+03 
       1.858961541424e-02       1.823879872633e+03 
       1.872408107911e-02       1.821342293080e+03 
       1.885860109264e-02       1.818714440689e+03 
       1.899317636251e-02       1.815996071571e+03 
       1.912780782161e-02       1.813191765812e+03 
       1.926249642850e-02       1.810299838629e+03 
       1.939724316775e-02       1.807327317923e+03 
       1.953204905044e-02       1.804267072988e+03 
       1.966691511458e-02       1.801131199620e+03 
       1.980184242558e-02       1.797912050718e+03 
       1.993683207674e-02       1.794616299184e+03 
       2.007188518977e-02       1.791244440670e+03 
       2.020700291530e-02       1.787794658591e+03 
       2.034218643342e-02       1.784272035543e+03 
       2.047743695426e-02       1.780678080152e+03 
       2.061275571856e-02       1.777013070325e+03 
       2.074814399829e-02       1.773278001381e+03 
       2.088360309724e-02       1.769474549575e+03 
       2.101913435170e-02       1.765604069630e+03 
       2.115473913110e-02       1.761667814222e+03 
       2.129041883873e-02       1.757670948406e+03 
       2.142617491241e-02       1.753607603612e+03 
       2.156200882525e-02       1.749484915004e+03 
       2.169792208640e-02       1.745301266069e+03 
       2.183391624183e-02       1.741058521990e+03 
       2.196999287514e-02       1.736759466192e+03 
       2.210615360838e-02       1.732401080213e+03 
       2.224240010293e-02       1.727991745832e+03 
       2.237873406036e-02       1.723524756948e+03 
       2.251515722336e-02       1.719006166024e+03 
       2.265167137665e-02       1.714440028131e+03 
       2.278827834800e-02       1.709820082009e+03 
       2.292498000920e-02       1.705150953515e+03 
       2.306177827707e-02       1.700436347102e+03 
       2.319867511457e-02       1.695673014959e+03 
       2.333567253186e-02       1.690866095907e+03 
       2.347277258747e-02       1.686012841997e+03 
       2.360997738941e-02       1.681118677441e+03 
       2.374728909641e-02       1.676180850169e+03 
       2.388470991917e-02       1.671205566996e+03 
       2.402224212160e-02       1.666189006932e+03 
       2.415988802217e-02       1.661133156109e+03 
       2.429764999526e-02       1.656036951658e+03 
       2.443553047256e-02       1.650907767707e+03 
       2.457353194453e-02       1.645744966942e+03 
       2.471165696187e-02       1.640545245021e+03 
       2.484990813710e-02       1.635312251895e+03 
       2.498828814611e-02       1.630048478351e+03 
       2.512679972984e-02       1.624750559915e+03 
       2.526544569592e-02       1.619424589324e+03 
       2.540422892050e-02       1.614070447383e+03 
       2.554315234997e-02       1.608686004881e+03 
       2.568221900292e-02       1.603273432889e+03 
       2.582143197196e-02       1.597833657455e+03 
       2.596079442580e-02       1.592369873001e+03 
       2.610030961129e-02       1.586882206351e+03 
       2.623998085549e-02       1.581373683468e+03 
       2.637981156794e-02       1.575836807553e+03 
       2.651980524290e-02       1.570281133945e+03 
       2.665996546168e-02       1.564701877176e+03 
       2.680029589511e-02       1.559105390550e+03 
       2.694080030602e-02       1.553485968659e+03 
       2.708148255186e-02       1.547851267074e+03 
       2.722234658737e-02       1.542198740812e+03 
       2.736339646738e-02       1.536526545224e+03 
       2.750463634970e-02       1.530836584800e+03 
       2.764607049807e-02       1.525136689125e+03 
       2.778770328530e-02       1.519416284200e+03 
       2.792953919641e-02       1.513689625906e+03 
       2.807158283200e-02       1.507943275593e+03 
       2.821383891169e-02       1.502183967497e+03 
       2.835631227763e-02       1.496413817045e+03 
       2.849900789825e-02       1.490633892379e+03 
       2.864193087208e-02       1.484845474220e+03 
       2.878508643170e-02       1.479041317761e+03 
       2.892847994792e-02       1.473232662448e+03 
       2.907211693401e-02       1.467411183471e+03 
       2.921600305018e-02       1.461591060315e+03 
       2.936014410820e-02       1.455753592107e+03 
       2.950454607619e-02       1.449913367776e+03 
       2.964921508358e-02       1.444065739984e+03 
       2.979415742637e-02       1.438216276185e+03 
       2.993937957245e-02       1.432358336379e+03 
       3.008488816723e-02       1.426496093221e+03 
       3.023069003948e-02       1.420630134912e+03 
       3.037679220740e-02       1.414760416033e+03 
       3.052320188494e-02       1.408887634919e+03 
       3.066992648838e-02       1.403014115719e+03 
       3.081697364318e-02       1.397140640094e+03 
       3.096435119115e-02       1.391258242374e+03 
       3.111206719787e-02       1.385378072069e+03 
       3.126012996051e-02       1.379499639097e+03 
       3.140854801586e-02       1.373624618114e+03 
       3.155733014887e-02       1.367744534299e+03 
       3.170648540141e-02       1.361865921874e+03 
       3.185602308155e-02       1.355989386244e+03 
       3.200595277315e-02       1.350118879788e+03 
       3.215628434598e-02       1.344244509780e+03 
       3.230702796621e-02       1.338375759677e+03 
       3.245819410741e-02       1.332509507656e+03 
       3.260979356215e-02       1.326641753395e+03 
       3.276183745398e-02       1.320782565371e+03 
       3.291433725013e-02       1.314928129103e+03 
       3.306730477471e-02       1.309075234653e+03 
       3.322075222260e-02       1.303223255879e+03 
       3.337469217403e-02       1.297382220926e+03 
       3.352913760980e-02       1.291548792137e+03 
       3.368410192736e-02       1.285714696880e+03 
       3.383959895760e-02       1.279888421949e+03 
       3.399564298254e-02       1.274068357351e+03 
       3.415224875396e-02       1.268252761228e+03 
       3.430943151287e-02       1.262447698730e+03 
       3.446720701016e-02       1.256642595418e+03 
       3.462559152820e-02       1.250851325717e+03 
       3.478460190367e-02       1.245063056407e+03 
       3.494425555159e-02       1.239284303450e+03 
       3.510457049068e-02       1.233510158407e+03 
       3.526556537007e-02       1.227750372189e+03 
       3.542725949757e-02       1.221992598906e+03 
       3.558967286947e-02       1.216243544311e+03 
       3.575282620204e-02       1.210500934503e+03 
       3.591674096486e-02       1.204768743268e+03 
       3.608143941613e-02       1.199045373304e+03 
       3.624694463996e-02       1.193329677368e+03 
       3.641328058594e-02       1.187625074226e+03 
       3.658047211114e-02       1.181926816580e+03 
       3.674854502456e-02       1.176239109359e+03 
       3.691752613441e-02       1.170556676523e+03 
       3.708744329831e-02       1.164884058068e+03 
       3.725832547669e-02       1.159219854680e+03 
       3.743020278953e-02       1.153565420306e+03 
       3.760310657689e-02       1.147918642315e+03 
       3.777706946333e-02       1.142286219939e+03 
       3.795212542663e-02       1.136654991305e+03 
       3.812830987117e-02       1.131035328731e+03 
       3.830565970624e-02       1.125424203539e+03 
       3.848421342989e-02       1.119825056212e+03 
       3.866401121852e-02       1.114231324692e+03 
       3.884509502293e-02       1.108643231289e+03 
       3.902750867120e-02       1.103069318131e+03 
       3.921129797920e-02       1.097501702625e+03 
       3.939651086917e-02       1.091938447142e+03 
       3.958319749728e-02       1.086384022509e+03 
       3.977141039084e-02       1.080840026216e+03 
       3.996120459624e-02       1.075302856923e+03 
       4.015263783837e-02       1.069772617371e+03 
       4.034577069283e-02       1.064246757835e+03 
       4.054066677207e-02       1.058730741586e+03 
       4.073739292676e-02       1.053217669524e+03 
       4.093601946408e-02       1.047713168108e+03 
       4.113662038441e-02       1.042217377185e+03 
       4.133927363850e-02       1.036724987844e+03 
       4.154406140720e-02       1.031233733767e+03 
       4.175107040600e-02       1.025761363096e+03 
       4.196039221729e-02       1.020272273039e+03 
       4.217212365321e-02       1.014797611274e+03 
       4.238636715250e-02       1.009324827207e+03 
       4.260323121533e-02       1.003851939748e+03 
       4.282283088035e-02       9.983890013002e+02 
       4.304528824899e-02       9.929191503603e+02 
       4.327073306268e-02       9.874565036095e+02 
       4.349930333937e-02       9.819949602128e+02 
       4.373114607684e-02       9.765282207768e+02 
       4.396641803108e-02       9.710628487056e+02 
       4.420528657961e-02       9.655962930108e+02 
       4.444793068082e-02       9.601258181110e+02 
       4.469454194227e-02       9.546520434578e+02 
       4.494532581288e-02       9.491716340143e+02 
       4.520050291638e-02       9.436896752672e+02 
       4.546031054620e-02       9.381969313170e+02 
       4.572500434546e-02       9.326972608407e+02 
       4.599486019958e-02       9.271855763816e+02 
       4.627017637418e-02       9.216642064641e+02 
       4.655127593643e-02       9.161310450475e+02 
       4.683850950529e-02       9.105861255165e+02 
       4.713225838436e-02       9.050218092345e+02 
       4.743293814168e-02       8.994406614936e+02 
       4.774100271297e-02       8.938395125852e+02 
       4.805694912064e-02       8.882152451447e+02 
       4.838132291952e-02       8.825677905866e+02 
       4.871472450393e-02       8.768950253347e+02 
       4.905781643925e-02       8.711860840232e+02 
       4.941133201783e-02       8.654474595887e+02 
       4.977608528353e-02       8.596700369727e+02 
       5.015298282618e-02       8.538525559023e+02 
       5.054303771845e-02       8.479871590381e+02 
       5.094738605757e-02       8.420703309745e+02 
       5.136730668884e-02       8.360991148145e+02 
       5.180424483333e-02       8.300658352667e+02 
       5.225984052739e-02       8.239597363431e+02 
       5.273596301788e-02       8.177770853402e+02 
       5.323475255774e-02       8.115038082256e+02 
       5.375867142783e-02       8.051301793486e+02 
       5.431056648953e-02       7.986414263464e+02 
       5.489374616450e-02       7.920235367324e+02 
       5.551207544878e-02       7.852573032888e+02 
       5.617009337762e-02       7.783164909364e+02 
       5.687315818582e-02       7.711720741298e+02 
       5.762762604582e-02       7.637857774244e+02 
       5.844106924229e-02       7.561129135244e+02 
       5.932253797381e-02       7.480910798917e+02 
       6.028286471725e-02       7.396405902715e+02 
       6.133499760901e-02       7.306571821636e+02 
       6.249432323972e-02       7.210019977770e+02 
       6.377888977286e-02       7.104904132785e+02 
       6.520935658723e-02       6.988748696743e+02 
       6.680837282307e-02       6.858337938705e+02 
       6.859895815143e-02       6.709648459956e+02 
       7.060145446358e-02       6.537942808990e+02 
       7.282900509303e-02       6.338384473886e+02 
       7.528254764851e-02       6.107189985976e+02 
       7.794763165265e-02       5.843293589303e+02 
       8.079557122545e-02       5.549834457016e+02 
       8.378925639194e-02       5.234602951838e+02 
       8.689081350409e-02       4.909002994832e+02 
       9.006747864852e-02       4.586039496632e+02 
       9.329408122598e-02       4.278030570900e+02 
       9.655282505597e-02       3.995021825272e+02 
       9.983181243343e-02       3.743828298295e+02 
       1.031233738652e-01       3.527853207343e+02 
       1.064226786357e-01       3.347311446412e+02 
       1.097267276976e-01       3.199787878055e+02 
       1.130336756109e-01       3.080857318231e+02 
       1.163423928821e-01       2.984742986426e+02 
       1.196521903954e-01       2.904932248778e+02 
       1.229626484529e-01       2.834768686137e+02 
       1.262735116499e-01       2.768031412353e+02 
       1.295846245788e-01       2.699453477870e+02 
       1.328958926300e-01       2.625135212138e+02 
       1.362072581392e-01       2.542810908124e+02 
       1.395186858906e-01       2.451916284511e+02 
       1.428301543108e-01       2.353433282241e+02 
       1.461416501217e-01       2.249569562386e+02 
       1.494531650939e-01       2.143317708346e+02 
       1.527646940752e-01       2.037982627130e+02 
       1.560762337931e-01       1.936750815174e+02 
       1.593877821275e-01       1.842338059134e+02 
       1.626993376673e-01       1.756768458815e+02 
       1.660108994417e-01       1.681241126552e+02 
       1.693224667555e-01       1.616132395583e+02 
       1.726340390885e-01       1.561051627144e+02 
       1.759456160339e-01       1.514967101168e+02 
       1.792571972603e-01       1.476365397878e+02 
       1.825687824880e-01       1.443422538873e+02 
       1.858803714740e-01       1.414190305530e+02 
       1.891919640029e-01       1.386990047183e+02 
       1.925035598800e-01       1.360038545863e+02 
       1.958151589280e-01       1.331765429976e+02 
       1.991267609837e-01       1.301183242427e+02 
       2.024383658960e-01       1.267807615314e+02 
       2.057499735246e-01       1.231671833090e+02 
       2.090615837384e-01       1.193268009075e+02 
       2.123731964151e-01       1.153411927000e+02 
       2.156848114401e-01       1.113084903969e+02 
       2.189964287058e-01       1.073292190660e+02 
       2.223080481113e-01       1.034940703403e+02 
       2.256196695617e-01       9.987718643224e+01 
       2.289312929674e-01       9.653290083921e+01 
       2.322429182442e-01       9.349547882310e+01 
       2.355545453127e-01       9.077759473729e+01 
       2.388661740978e-01       8.837283369675e+01 
       2.421778045285e-01       8.625534845621e+01 
       2.454894365379e-01       8.438240505155e+01 
       2.488010700625e-01       8.269971222177e+01 
       2.521127050422e-01       8.114695976591e+01 
       2.554243414200e-01       7.966467596648e+01 
       2.587359791419e-01       7.820013893666e+01 
       2.620476181567e-01       7.671224815185e+01 
       2.653592584155e-01       7.517298641517e+01 
       2.686708998722e-01       7.356788057778e+01 
       2.719825424828e-01       7.189502751805e+01 
       2.752941862052e-01       7.016281114703e+01 
       2.786058309997e-01       6.838948850732e+01 
       2.819174768282e-01       6.659994868920e+01 
       2.852291236545e-01       6.482388784537e+01 
       2.885407714441e-01       6.309156483839e+01 
       2.918524201640e-01       6.143057646593e+01 
       2.951640697827e-01       5.986229234634e+01 
       2.984757202702e-01       5.839989999693e+01 
       3.017873715976e-01       5.704803480351e+01 
       3.050990237374e-01       5.580346071513e+01 
       3.084106766634e-01       5.465717369185e+01 
       3.117223303504e-01       5.359621214236e+01 
       3.150339847742e-01       5.260525439641e+01 
       3.183456399118e-01       5.166791705495e+01 
       3.216572957409e-01       5.076745877865e+01 
       3.249689522404e-01       4.988787049621e+01 
       3.282806093897e-01       4.901484775033e+01 
       3.315922671695e-01       4.813741152555e+01 
       3.349039255608e-01       4.724878858774e+01 
       3.382155845457e-01       4.634701067628e+01 
       3.415272441067e-01       4.543431848839e+01 
       3.448389042272e-01       4.451637450236e+01 
       3.481505648911e-01       4.360064924430e+01 
       3.514622260831e-01       4.269516314462e+01 
       3.547738877882e-01       4.180768569681e+01 
       3.580855499922e-01       4.094513601807e+01 
       3.613972126813e-01       4.011330537075e+01 
       3.647088758422e-01       3.931701408204e+01 
       3.680205394621e-01       3.855929021004e+01 
       3.713322035287e-01       3.784112888616e+01 
       3.746438680301e-01       3.716137834344e+01 
       3.779555329547e-01       3.651649624106e+01 
       3.812671982916e-01       3.590136978446e+01 
       3.845788640301e-01       3.531009831420e+01 
       3.878905301597e-01       3.473692531727e+01 
       3.912021966706e-01       3.417672975409e+01 
       3.945138635530e-01       3.362575174271e+01 
       3.978255307977e-01       3.308124134139e+01 
       4.011371983957e-01       3.254124553727e+01 
       4.044488663382e-01       3.200450777952e+01 
       4.077605346168e-01       3.147061438142e+01 
       4.110722032234e-01       3.093984076513e+01 
       4.143838721501e-01       3.041345806729e+01 
       4.176955413892e-01       2.989337853405e+01 
       4.210072109333e-01       2.938210247251e+01 
       4.243188807752e-01       2.888198110865e+01 
       4.276305509081e-01       2.839495091783e+01 
       4.309422213251e-01       2.792213016332e+01 
       4.342538920198e-01       2.746407390793e+01 
       4.375655629858e-01       2.702069197822e+01 
       4.408772342170e-01       2.659174289639e+01 
       4.441889057074e-01       2.617678540128e+01 
       4.475005774513e-01       2.577525026282e+01 
       4.508122494430e-01       2.538626486319e+01 
       4.541239216771e-01       2.500864112136e+01 
       4.574355941484e-01       2.464077478098e+01 
       4.607472668516e-01       2.428095779322e+01 
       4.640589397819e-01       2.392752075200e+01 
       4.673706129343e-01       2.357923705909e+01 
       4.706822863041e-01       2.323541526175e+01 
       4.739939598869e-01       2.289581289806e+01 
       4.773056336780e-01       2.256047386557e+01 
       4.806173076733e-01       2.222950691288e+01 
       4.839289818685e-01       2.190317519107e+01 
       4.872406562596e-01       2.158160645685e+01 
       4.905523308424e-01       2.126519389808e+01 
       4.938640056133e-01       2.095443412575e+01 
       4.971756805683e-01       2.064998027017e+01 
       5.004873557039e-01       2.035265474033e+01 
       5.037990310164e-01       2.006282404305e+01 
       5.071107065024e-01       1.978060833966e+01 
       5.104223821585e-01       1.950597843340e+01 
       5.137340579814e-01       1.923825442307e+01 
       5.170457339678e-01       1.897685045912e+01 
       5.203574101147e-01       1.872123081159e+01 
       5.236690864190e-01       1.847089698214e+01 
       5.269807628778e-01       1.822551922342e+01 
       5.302924394880e-01       1.798476438253e+01 
       5.336041162469e-01       1.774823256687e+01 
       5.369157931517e-01       1.751548812090e+01 
       5.402274701998e-01       1.728611914205e+01 
       5.435391473885e-01       1.705982551069e+01 
       5.468508247152e-01       1.683666044128e+01 
       5.501625021775e-01       1.661670528710e+01 
       5.534741797728e-01       1.640028645192e+01 
       5.567858574989e-01       1.618760377555e+01 
       5.600975353534e-01       1.597879827845e+01 
       5.634092133340e-01       1.577385860302e+01 
       5.667208914385e-01       1.557268400844e+01 
       5.700325696648e-01       1.537517825392e+01 
       5.733442480106e-01       1.518131415901e+01 
       5.766559264741e-01       1.499115465064e+01 
       5.799676050531e-01       1.480477383294e+01 
       5.832792837456e-01       1.462214374474e+01 
       5.865909625498e-01       1.444315680826e+01 
       5.899026414637e-01       1.426752866321e+01 
       5.932143204856e-01       1.409504433041e+01 
       5.965259996135e-01       1.392537030501e+01 
       5.998376788458e-01       1.375837234890e+01 
       6.031493581807e-01       1.359401710346e+01 
       6.064610376165e-01       1.343231273463e+01 
       6.097727171517e-01       1.327323248735e+01 
       6.130843967845e-01       1.311668781879e+01 
       6.163960765134e-01       1.296254002451e+01 
       6.197077563368e-01       1.281063332126e+01 
       6.230194362533e-01       1.266089092558e+01 
       6.263311162613e-01       1.251332817974e+01 
       6.296427963595e-01       1.236804443384e+01 
       6.329544765463e-01       1.222515233767e+01 
       6.362661568205e-01       1.208472894491e+01 
       6.395778371805e-01       1.194674982516e+01 
       6.428895176252e-01       1.181111547235e+01 
       6.462011981532e-01       1.167767891682e+01 
       6.495128787633e-01       1.154635030875e+01 
       6.528245594541e-01       1.141708686214e+01 
       6.561362402245e-01       1.128990375677e+01 
       6.594479210732e-01       1.116482872479e+01 
       6.627596019991e-01       1.104183919481e+01 
       6.660712830010e-01       1.092084547412e+01 
       6.693829640778e-01       1.080171358550e+01 
       6.726946452283e-01       1.068429891504e+01 
       6.760063264516e-01       1.056850320758e+01 
       6.793180077465e-01       1.045431287791e+01 
       6.826296891120e-01       1.034175186705e+01 
       6.859413705470e-01       1.023091010908e+01 
       6.892530520506e-01       1.012176151720e+01 
       6.925647336217e-01       1.001427094015e+01 
       6.958764152595e-01       9.908344056451e+00 
       6.991880969629e-01       9.803905375342e+00 
       7.024997787310e-01       9.700897112186e+00 
       7.058114605629e-01       9.599325368372e+00 
       7.091231424578e-01       9.499254198943e+00 
       7.124348244147e-01       9.400715964403e+00 
       7.157465064327e-01       9.303710336452e+00 
       7.190581885111e-01       9.208207548186e+00 
       7.223698706489e-01       9.114104388125e+00 
       7.256815528454e-01       9.021305002651e+00 
       7.289932350998e-01       8.929765327755e+00 
       7.323049174113e-01       8.839464136299e+00 
       7.356165997791e-01       8.750446931642e+00 
       7.389282822025e-01       8.662726701756e+00 
       7.422399646806e-01       8.576301501709e+00 
       7.455516472129e-01       8.491120191236e+00 
       7.488633297984e-01       8.407094815373e+00 
       7.521750124367e-01       8.324149951887e+00 
       7.554866951269e-01       8.242260553533e+00 
       8.198102721918e-01       6.852613860444e+00 
       9.096865378917e-01       5.405046412268e+00 
       1.048113480481e+00       3.897512292045e+00 
       1.272309008191e+00       2.474786232862e+00 
       1.594812285659e+00       1.444500550591e+00 
       2.007541292717e+00       8.271380102964e-01 
       2.527343447222e+00       4.695939405221e-01 
       3.181736888759e+00       2.646060599682e-01 
       4.005569422901e+00       1.480789370442e-01 
       5.042713135196e+00       8.235051860384e-02 
       6.348399710287e+00       4.553551853158e-02 
       7.992161719507e+00       2.504713425979e-02 
       1.006153548386e+01       1.371061533460e-02 
       1.266672270229e+01       7.471607027097e-03 
       1.594645909407e+01       4.054672024825e-03 
       2.007540258166e+01       2.191861196475e-03 
       2.527343446205e+01       1.180527013048e-03 
       3.181736888759e+01       6.335949201939e-04 
       4.005569422901e+01       3.389075250337e-04 
       5.042713135196e+01       1.806624774041e-04 
       6.348399710287e+01       9.596711077867e-05 
       7.992161719507e+01       5.078205554456e-05 
       1.006153548386e+02       2.675256791060e-05 
       1.266672270229e+02       1.401668705912e-05 
       1.594645909407e+02       7.292058511632e-06 
       2.007540258166e+02       3.757931597432e-06 
       2.527343446205e+02       1.911995497855e-06 
       3.181736888759e+02       9.565003341006e-07 
       4.005569422901e+02       4.685958736387e-07 
       5.042713135196e+02       2.244573852246e-07 
       6.348399710287e+02       1.055071917895e-07 
       7.992161719507e+02       4.911926852968e-08 
       1.006153548386e+03       2.284073801187e-08 
