# Matter power spectrum P(k) at redshift z=5.5
# for k=1.04575e-05 to 1006.15 h/Mpc,
# number of wavenumbers equal to 625
#    1:k (h/Mpc)              2:P (Mpc/h)^3        
       1.045749810485e-05       1.705840391167e+00 
       2.373043761528e-05       3.819779341660e+00 
       3.705205197341e-05       5.917680651429e+00 
       5.046040160262e-05       8.013660359392e+00 
       6.399420676399e-05       1.011736422995e+01 
       7.769321405898e-05       1.223695022755e+01 
       9.159857522556e-05       1.437998495754e+01 
       1.057532435558e-04       1.655384186630e+01 
       1.202023933008e-04       1.876592719615e+01 
       1.349938674647e-04       2.102383468455e+01 
       1.501786593808e-04       2.333546733958e+01 
       1.658114333596e-04       2.570914437602e+01 
       1.819510894196e-04       2.815370170239e+01 
       1.986613765579e-04       3.067859129862e+01 
       2.160115580438e-04       3.329398200069e+01 
       2.340771306401e-04       3.601086300580e+01 
       2.529405972213e-04       3.884115058903e+01 
       2.726922886571e-04       4.179779790474e+01 
       2.934312256600e-04       4.489490550083e+01 
       3.152660040981e-04       4.814783015570e+01 
       3.383156775180e-04       5.157328742922e+01 
       3.627105977775e-04       5.518944106807e+01 
       3.885931583209e-04       5.901596996923e+01 
       4.161183645581e-04       6.307410096831e+01 
       4.454541324261e-04       6.738659101019e+01 
       4.767811907995e-04       7.197764076472e+01 
       5.102924387431e-04       7.687271522281e+01 
       5.461915893473e-04       8.209824879062e+01 
       5.846909251320e-04       8.768120889104e+01 
       6.260080050474e-04       9.364849970141e+01 
       6.703612104985e-04       1.000261918936e+02 
       7.179641068864e-04       1.068385861112e+02 
       7.690187318622e-04       1.141071343841e+02 
       8.237080952403e-04       1.218492782596e+02 
       8.821883665213e-04       1.300772842149e+02 
       9.445813962622e-04       1.387971870356e+02 
       1.010968318642e-03       1.480079625795e+02 
       1.081384969221e-03       1.577010388756e+02 
       1.155819700313e-03       1.678602278145e+02 
       1.234213899658e-03       1.784621096963e+02 
       1.316465168833e-03       1.894768369001e+02 
       1.402432774394e-03       2.008692747908e+02 
       1.491944724558e-03       2.126003614347e+02 
       1.584805697329e-03       2.246285343015e+02 
       1.680805061300e-03       2.369111018695e+02 
       1.779724358910e-03       2.494054710922e+02 
       1.881343813733e-03       2.620701494960e+02 
       1.985447627100e-03       2.748655025575e+02 
       2.091828006459e-03       2.877542873430e+02 
       2.200287998256e-03       3.007019658544e+02 
       2.310643277916e-03       3.136764452581e+02 
       2.422723085604e-03       3.266492811466e+02 
       2.536370500476e-03       3.395945662728e+02 
       2.651442230081e-03       3.524890369303e+02 
       2.767808065318e-03       3.653119757728e+02 
       2.885350122018e-03       3.780450753301e+02 
       3.003961962113e-03       3.906721875583e+02 
       3.123547662764e-03       4.031792316596e+02 
       3.244020881646e-03       4.155539575081e+02 
       3.365303950641e-03       4.277857821600e+02 
       3.487327018288e-03       4.398656300067e+02 
       3.610027252458e-03       4.517857585015e+02 
       3.733348108622e-03       4.635396905559e+02 
       3.857238664757e-03       4.751219178918e+02 
       3.981653021215e-03       4.865278858112e+02 
       4.106549762154e-03       4.977539398922e+02 
       4.231891474164e-03       5.087970015616e+02 
       4.357644317282e-03       5.196548474469e+02 
       4.483777643502e-03       5.303255994454e+02 
       4.610263657980e-03       5.408081214737e+02 
       4.737077118433e-03       5.511015171743e+02 
       4.864195068510e-03       5.612054323494e+02 
       4.991596601329e-03       5.711199101567e+02 
       5.119262649698e-03       5.808451140244e+02 
       5.247175799933e-03       5.903817665903e+02 
       5.375320126495e-03       5.997305244439e+02 
       5.503681045008e-03       6.088924532073e+02 
       5.632245181484e-03       6.178689056958e+02 
       5.761000255846e-03       6.266611096037e+02 
       5.889934978076e-03       6.352705865016e+02 
       6.019038955502e-03       6.436989444643e+02 
       6.148302609931e-03       6.519478234368e+02 
       6.277717103485e-03       6.600191081636e+02 
       6.407274272154e-03       6.679147857218e+02 
       6.536966566162e-03       6.756364837107e+02 
       6.666786996400e-03       6.831863697740e+02 
       6.796729086234e-03       6.905663376241e+02 
       6.926786828089e-03       6.977784797772e+02 
       7.056954644300e-03       7.048250567649e+02 
       7.187227351743e-03       7.117080433094e+02 
       7.317600129859e-03       7.184294565832e+02 
       7.448068491705e-03       7.249914550332e+02 
       7.578628257697e-03       7.313962388084e+02 
       7.709275531791e-03       7.376455679269e+02 
       7.840006679834e-03       7.437420425445e+02 
       7.970818309857e-03       7.496875018249e+02 
       8.101707254141e-03       7.554837168736e+02 
       8.232670552846e-03       7.611331913881e+02 
       8.363705439076e-03       7.666378929541e+02 
       8.494809325229e-03       7.719993362330e+02 
       8.625979790500e-03       7.772199801728e+02 
       8.757214569446e-03       7.823018036882e+02 
       8.888511541496e-03       7.872466845027e+02 
       9.019868721331e-03       7.920564256578e+02 
       9.151284250039e-03       7.967332232149e+02 
       9.282756386994e-03       8.012787003285e+02 
       9.414283502372e-03       8.056949196996e+02 
       9.545864070270e-03       8.099835271056e+02 
       9.677496662351e-03       8.141464504825e+02 
       9.809179941995e-03       8.181855662408e+02 
       9.940912658886e-03       8.221023674614e+02 
       1.007269364402e-02       8.258988030158e+02 
       1.020452180510e-02       8.295766105922e+02 
       1.033639612222e-02       8.331373265047e+02 
       1.046831564399e-02       8.365829309384e+02 
       1.060027948378e-02       8.399144748385e+02 
       1.073228681639e-02       8.431340797822e+02 
       1.086433687490e-02       8.462432329247e+02 
       1.099642894770e-02       8.492434280009e+02 
       1.112856237583e-02       8.521363432534e+02 
       1.126073655044e-02       8.549247439926e+02 
       1.139295091047e-02       8.576079195917e+02 
       1.152520494046e-02       8.601881146180e+02 
       1.165749816853e-02       8.626666198034e+02 
       1.178983016452e-02       8.650456969715e+02 
       1.192220053825e-02       8.673258942682e+02 
       1.205460893787e-02       8.695088772360e+02 
       1.218705504840e-02       8.715963262585e+02 
       1.231953859028e-02       8.735896771904e+02 
       1.245205931810e-02       8.754891907033e+02 
       1.258461701939e-02       8.772976452183e+02 
       1.271721151347e-02       8.790154683337e+02 
       1.284984265044e-02       8.806441762327e+02 
       1.298251031021e-02       8.821845550140e+02 
       1.311521440158e-02       8.836389204729e+02 
       1.324795486143e-02       8.850078614525e+02 
       1.338073165393e-02       8.862924339967e+02 
       1.351354476986e-02       8.874943714919e+02 
       1.364639422595e-02       8.886145714184e+02 
       1.377928006424e-02       8.896540863448e+02 
       1.391220235156e-02       8.906142137547e+02 
       1.404516117903e-02       8.914963102983e+02 
       1.417815666155e-02       8.923016322303e+02 
       1.431118893742e-02       8.930305205652e+02 
       1.444425816794e-02       8.936852584438e+02 
       1.457736453706e-02       8.942657740814e+02 
       1.471050825103e-02       8.947739244773e+02 
       1.484368953822e-02       8.952102289790e+02 
       1.497690864875e-02       8.955763021625e+02 
       1.511016585436e-02       8.958725774862e+02 
       1.524346144820e-02       8.961008556823e+02 
       1.537679574464e-02       8.962617051482e+02 
       1.551016907917e-02       8.963561733143e+02 
       1.564358180828e-02       8.963855393165e+02 
       1.577703430938e-02       8.963504497166e+02 
       1.591052698073e-02       8.962521494880e+02 
       1.604406024142e-02       8.960916111783e+02 
       1.617763453133e-02       8.958697982497e+02 
       1.631125031118e-02       8.955874428817e+02 
       1.644490806251e-02       8.952457468465e+02 
       1.657860828775e-02       8.948456757951e+02 
       1.671235151029e-02       8.943881469081e+02 
       1.684613827459e-02       8.938741136560e+02 
       1.697996914622e-02       8.933037191181e+02 
       1.711384471207e-02       8.926786268757e+02 
       1.724776558040e-02       8.920004469097e+02 
       1.738173238109e-02       8.912693608065e+02 
       1.751574576578e-02       8.904853787917e+02 
       1.764980640804e-02       8.896503333461e+02 
       1.778391500363e-02       8.887649722537e+02 
       1.791807227070e-02       8.878302550382e+02 
       1.805227895006e-02       8.868465564246e+02 
       1.818653580541e-02       8.858153226806e+02 
       1.832084362365e-02       8.847367009754e+02 
       1.845520321520e-02       8.836120044575e+02 
       1.858961541424e-02       8.824414984160e+02 
       1.872408107911e-02       8.812267751460e+02 
       1.885860109264e-02       8.799682873948e+02 
       1.899317636251e-02       8.786659268322e+02 
       1.912780782161e-02       8.773219034214e+02 
       1.926249642850e-02       8.759353932284e+02 
       1.939724316775e-02       8.745098127126e+02 
       1.953204905044e-02       8.730416982745e+02 
       1.966691511458e-02       8.715369130429e+02 
       1.980184242558e-02       8.699917500331e+02 
       1.993683207674e-02       8.684094286567e+02 
       2.007188518977e-02       8.667902121397e+02 
       2.020700291530e-02       8.651331950520e+02 
       2.034218643342e-02       8.634408543178e+02 
       2.047743695426e-02       8.617139049227e+02 
       2.061275571856e-02       8.599524852113e+02 
       2.074814399829e-02       8.581570763544e+02 
       2.088360309724e-02       8.563284859889e+02 
       2.101913435170e-02       8.544673732807e+02 
       2.115473913110e-02       8.525743203904e+02 
       2.129041883873e-02       8.506518690886e+02 
       2.142617491241e-02       8.486971298199e+02 
       2.156200882525e-02       8.467135779183e+02 
       2.169792208640e-02       8.447004268671e+02 
       2.183391624183e-02       8.426585720350e+02 
       2.196999287514e-02       8.405893604633e+02 
       2.210615360838e-02       8.384913267409e+02 
       2.224240010293e-02       8.363685259410e+02 
       2.237873406036e-02       8.342177084029e+02 
       2.251515722336e-02       8.320418056641e+02 
       2.265167137665e-02       8.298427722768e+02 
       2.278827834800e-02       8.276175737853e+02 
       2.292498000920e-02       8.253684561772e+02 
       2.306177827707e-02       8.230971996647e+02 
       2.319867511457e-02       8.208022318778e+02 
       2.333567253186e-02       8.184860435736e+02 
       2.347277258747e-02       8.161472973724e+02 
       2.360997738941e-02       8.137886136239e+02 
       2.374728909641e-02       8.114086651442e+02 
       2.388470991917e-02       8.090104628663e+02 
       2.402224212160e-02       8.065921293551e+02 
       2.415988802217e-02       8.041546453047e+02 
       2.429764999526e-02       8.016975063967e+02 
       2.443553047256e-02       7.992242533990e+02 
       2.457353194453e-02       7.967345673724e+02 
       2.471165696187e-02       7.942268936642e+02 
       2.484990813710e-02       7.917029767895e+02 
       2.498828814611e-02       7.891640207538e+02 
       2.512679972984e-02       7.866083874524e+02 
       2.526544569592e-02       7.840390342063e+02 
       2.540422892050e-02       7.814559054742e+02 
       2.554315234997e-02       7.788579924102e+02 
       2.568221900292e-02       7.762463004165e+02 
       2.582143197196e-02       7.736213037088e+02 
       2.596079442580e-02       7.709845582939e+02 
       2.610030961129e-02       7.683361222448e+02 
       2.623998085549e-02       7.656774661557e+02 
       2.637981156794e-02       7.630049429933e+02 
       2.651980524290e-02       7.603231852146e+02 
       2.665996546168e-02       7.576298854873e+02 
       2.680029589511e-02       7.549281378276e+02 
       2.694080030602e-02       7.522151720186e+02 
       2.708148255186e-02       7.494946732223e+02 
       2.722234658737e-02       7.467654308361e+02 
       2.736339646738e-02       7.440265384825e+02 
       2.750463634970e-02       7.412789513841e+02 
       2.764607049807e-02       7.385264428077e+02 
       2.778770328530e-02       7.357639133789e+02 
       2.792953919641e-02       7.329982338577e+02 
       2.807158283200e-02       7.302229018523e+02 
       2.821383891169e-02       7.274412168140e+02 
       2.835631227763e-02       7.246541788976e+02 
       2.849900789825e-02       7.218623082019e+02 
       2.864193087208e-02       7.190662649032e+02 
       2.878508643170e-02       7.162625079124e+02 
       2.892847994792e-02       7.134564548819e+02 
       2.907211693401e-02       7.106441156472e+02 
       2.921600305018e-02       7.078323478530e+02 
       2.936014410820e-02       7.050120994525e+02 
       2.950454607619e-02       7.021904517834e+02 
       2.964921508358e-02       6.993651578688e+02 
       2.979415742637e-02       6.965388781949e+02 
       2.993937957245e-02       6.937084200748e+02 
       3.008488816723e-02       6.908758132541e+02 
       3.023069003948e-02       6.880413115270e+02 
       3.037679220740e-02       6.852049407320e+02 
       3.052320188494e-02       6.823670213915e+02 
       3.066992648838e-02       6.795286766189e+02 
       3.081697364318e-02       6.766902979194e+02 
       3.096435119115e-02       6.738475294905e+02 
       3.111206719787e-02       6.710057921765e+02 
       3.126012996051e-02       6.681648271841e+02 
       3.140854801586e-02       6.653254541004e+02 
       3.155733014887e-02       6.624835777778e+02 
       3.170648540141e-02       6.596423504726e+02 
       3.185602308155e-02       6.568020728624e+02 
       3.200595277315e-02       6.539646630055e+02 
       3.215628434598e-02       6.511253215075e+02 
       3.230702796621e-02       6.482886546441e+02 
       3.245819410741e-02       6.454531424833e+02 
       3.260979356215e-02       6.426168584913e+02 
       3.276183745398e-02       6.397846706472e+02 
       3.291433725013e-02       6.369547372105e+02 
       3.306730477471e-02       6.341255195596e+02 
       3.322075222260e-02       6.312966719994e+02 
       3.337469217403e-02       6.284730804966e+02 
       3.352913760980e-02       6.256531281114e+02 
       3.368410192736e-02       6.228328075579e+02 
       3.383959895760e-02       6.200162462994e+02 
       3.399564298254e-02       6.172026284301e+02 
       3.415224875396e-02       6.143911541155e+02 
       3.430943151287e-02       6.115847247111e+02 
       3.446720701016e-02       6.087782320303e+02 
       3.462559152820e-02       6.059784016467e+02 
       3.478460190367e-02       6.031799864162e+02 
       3.494425555159e-02       6.003861483437e+02 
       3.510457049068e-02       5.975944986000e+02 
       3.526556537007e-02       5.948097505304e+02 
       3.542725949757e-02       5.920259635535e+02 
       3.558967286947e-02       5.892463731851e+02 
       3.575282620204e-02       5.864698250057e+02 
       3.591674096486e-02       5.836983066984e+02 
       3.608143941613e-02       5.809310289663e+02 
       3.624694463996e-02       5.781674268396e+02 
       3.641328058594e-02       5.754091612256e+02 
       3.658047211114e-02       5.726539302515e+02 
       3.674854502456e-02       5.699037708700e+02 
       3.691752613441e-02       5.671561388296e+02 
       3.708744329831e-02       5.644132156640e+02 
       3.725832547669e-02       5.616743293314e+02 
       3.743020278953e-02       5.589401424587e+02 
       3.760310657689e-02       5.562096271643e+02 
       3.777706946333e-02       5.534860272963e+02 
       3.795212542663e-02       5.507629652288e+02 
       3.812830987117e-02       5.480454757909e+02 
       3.830565970624e-02       5.453320691029e+02 
       3.848421342989e-02       5.426244234485e+02 
       3.866401121852e-02       5.399193549238e+02 
       3.884509502293e-02       5.372169771142e+02 
       3.902750867120e-02       5.345214158003e+02 
       3.921129797920e-02       5.318288727210e+02 
       3.939651086917e-02       5.291383937420e+02 
       3.958319749728e-02       5.264521298146e+02 
       3.977141039084e-02       5.237708775983e+02 
       3.996120459624e-02       5.210928873680e+02 
       4.015263783837e-02       5.184181868363e+02 
       4.034577069283e-02       5.157455707989e+02 
       4.054066677207e-02       5.130776569027e+02 
       4.073739292676e-02       5.104111295498e+02 
       4.093601946408e-02       5.077486784667e+02 
       4.113662038441e-02       5.050904104870e+02 
       4.133927363850e-02       5.024337169741e+02 
       4.154406140720e-02       4.997775165220e+02 
       4.175107040600e-02       4.971304180644e+02 
       4.196039221729e-02       4.944751529528e+02 
       4.217212365321e-02       4.918268147496e+02 
       4.238636715250e-02       4.891793444571e+02 
       4.260323121533e-02       4.865317539908e+02 
       4.282283088035e-02       4.838889369341e+02 
       4.304528824899e-02       4.812427126235e+02 
       4.327073306268e-02       4.785999214186e+02 
       4.349930333937e-02       4.759576240747e+02 
       4.373114607684e-02       4.733127584615e+02 
       4.396641803108e-02       4.706685039624e+02 
       4.420528657961e-02       4.680236363805e+02 
       4.444793068082e-02       4.653768326415e+02 
       4.469454194227e-02       4.627284013845e+02 
       4.494532581288e-02       4.600767166007e+02 
       4.520050291638e-02       4.574242498895e+02 
       4.546031054620e-02       4.547665516139e+02 
       4.572500434546e-02       4.521054681992e+02 
       4.599486019958e-02       4.494385668861e+02 
       4.627017637418e-02       4.467669490561e+02 
       4.655127593643e-02       4.440896211581e+02 
       4.683850950528e-02       4.414066135049e+02 
       4.713225838436e-02       4.387142184604e+02 
       4.743293814168e-02       4.360136689591e+02 
       4.774100271297e-02       4.333034825425e+02 
       4.805694912064e-02       4.305821099774e+02 
       4.838132291952e-02       4.278495317336e+02 
       4.871472450393e-02       4.251047502627e+02 
       4.905781643925e-02       4.223424584591e+02 
       4.941133201783e-02       4.195658577947e+02 
       4.977608528353e-02       4.167704980890e+02 
       5.015298282618e-02       4.139557918925e+02 
       5.054303771845e-02       4.111179139304e+02 
       5.094738605757e-02       4.082551834081e+02 
       5.136730668884e-02       4.053661714518e+02 
       5.180424483333e-02       4.024471340745e+02 
       5.225984052739e-02       3.994928878155e+02 
       5.273596301788e-02       3.965015948948e+02 
       5.323475255774e-02       3.934664530659e+02 
       5.375867142783e-02       3.903827464557e+02 
       5.431056648953e-02       3.872433236974e+02 
       5.489374616450e-02       3.840413909234e+02 
       5.551207544878e-02       3.807676624624e+02 
       5.617009337762e-02       3.774094021980e+02 
       5.687315818582e-02       3.739525875754e+02 
       5.762762604582e-02       3.703786891678e+02 
       5.844106924229e-02       3.666660554557e+02 
       5.932253797381e-02       3.627844845770e+02 
       6.028286471725e-02       3.586953893612e+02 
       6.133499760901e-02       3.543482630280e+02 
       6.249432323971e-02       3.496757849010e+02 
       6.377888977286e-02       3.445884261185e+02 
       6.520935658723e-02       3.389660439129e+02 
       6.680837282307e-02       3.326525543360e+02 
       6.859895815143e-02       3.254526653871e+02 
       7.060145446358e-02       3.171364762629e+02 
       7.282900509302e-02       3.074692645597e+02 
       7.528254764851e-02       2.962670265605e+02 
       7.794763165265e-02       2.834774054032e+02 
       8.079557122545e-02       2.692523290552e+02 
       8.378925639194e-02       2.539695253911e+02 
       8.689081350409e-02       2.381818927152e+02 
       9.006747864852e-02       2.225204085024e+02 
       9.329408122598e-02       2.075829541326e+02 
       9.655282505597e-02       1.938570404165e+02 
       9.983181243343e-02       1.816736893679e+02 
       1.031233738652e-01       1.711982801953e+02 
       1.064226786357e-01       1.624414360877e+02 
       1.097267276976e-01       1.552862337757e+02 
       1.130336756109e-01       1.495180539786e+02 
       1.163423928821e-01       1.448566953376e+02 
       1.196521903954e-01       1.409862094669e+02 
       1.229626484529e-01       1.375835837794e+02 
       1.262735116499e-01       1.343469739523e+02 
       1.295846245788e-01       1.310207551712e+02 
       1.328958926300e-01       1.274156676020e+02 
       1.362072581392e-01       1.234217656412e+02 
       1.395186858906e-01       1.190116411052e+02 
       1.428301543108e-01       1.142329759593e+02 
       1.461416501217e-01       1.091929191497e+02 
       1.494531650939e-01       1.040367402459e+02 
       1.527646940752e-01       9.892488114461e+01 
       1.560762337931e-01       9.401202057878e+01 
       1.593877821275e-01       8.943001153965e+01 
       1.626993376673e-01       8.527713745515e+01 
       1.660108994417e-01       8.161161332300e+01 
       1.693224667555e-01       7.845173685405e+01 
       1.726340390885e-01       7.577856447870e+01 
       1.759456160339e-01       7.354202655268e+01 
       1.792571972603e-01       7.166867757340e+01 
       1.825687824880e-01       7.006997834693e+01 
       1.858803714740e-01       6.865136539099e+01 
       1.891919640029e-01       6.733134813387e+01 
       1.925035598800e-01       6.602338344045e+01 
       1.958151589280e-01       6.465122493401e+01 
       1.991267609837e-01       6.316693591199e+01 
       2.024383658960e-01       6.154700575186e+01 
       2.057499735245e-01       5.979305216845e+01 
       2.090615837384e-01       5.792896091099e+01 
       2.123731964151e-01       5.599433928043e+01 
       2.156848114401e-01       5.403682765139e+01 
       2.189964287058e-01       5.210522940498e+01 
       2.223080481113e-01       5.024357306162e+01 
       2.256196695617e-01       4.848785539182e+01 
       2.289312929674e-01       4.686445765432e+01 
       2.322429182442e-01       4.539001346779e+01 
       2.355545453127e-01       4.407068705573e+01 
       2.388661740978e-01       4.290335928844e+01 
       2.421778045285e-01       4.187548520033e+01 
       2.454894365379e-01       4.096632096650e+01 
       2.488010700625e-01       4.014951114976e+01 
       2.521127050422e-01       3.939577665943e+01 
       2.554243414200e-01       3.867624691310e+01 
       2.587359791419e-01       3.796532344257e+01 
       2.620476181567e-01       3.724305619463e+01 
       2.653592584155e-01       3.649584158264e+01 
       2.686708998722e-01       3.571665448059e+01 
       2.719825424828e-01       3.490456961884e+01 
       2.752941862052e-01       3.406365872095e+01 
       2.786058309997e-01       3.320278602798e+01 
       2.819174768282e-01       3.233403104205e+01 
       2.852291236545e-01       3.147181951823e+01 
       2.885407714441e-01       3.063083550631e+01 
       2.918524201640e-01       2.982447806112e+01 
       2.951640697827e-01       2.906312484083e+01 
       2.984757202702e-01       2.835316666864e+01 
       3.017873715976e-01       2.769688780645e+01 
       3.050990237374e-01       2.709268449354e+01 
       3.084106766634e-01       2.653619599340e+01 
       3.117223303504e-01       2.602113131830e+01 
       3.150339847742e-01       2.554005064643e+01 
       3.183456399118e-01       2.508500111589e+01 
       3.216572957409e-01       2.464787400775e+01 
       3.249689522404e-01       2.422083706861e+01 
       3.282806093897e-01       2.379700638980e+01 
       3.315922671695e-01       2.337103171218e+01 
       3.349039255608e-01       2.293962173629e+01 
       3.382155845457e-01       2.250182503023e+01 
       3.415272441067e-01       2.205872721497e+01 
       3.448389042272e-01       2.161307858636e+01 
       3.481505648911e-01       2.116850486777e+01 
       3.514622260831e-01       2.072890103678e+01 
       3.547738877882e-01       2.029804038110e+01 
       3.580855499922e-01       1.987928098174e+01 
       3.613972126813e-01       1.947543323142e+01 
       3.647088758422e-01       1.908884027644e+01 
       3.680205394621e-01       1.872098674743e+01 
       3.713322035287e-01       1.837230790067e+01 
       3.746438680301e-01       1.804229289778e+01 
       3.779555329547e-01       1.772920663287e+01 
       3.812671982916e-01       1.743057197008e+01 
       3.845788640301e-01       1.714351443059e+01 
       3.878905301597e-01       1.686522253560e+01 
       3.912021966706e-01       1.659326015920e+01 
       3.945138635530e-01       1.632576850106e+01 
       3.978255307977e-01       1.606139160311e+01 
       4.011371983957e-01       1.579923662892e+01 
       4.044488663382e-01       1.553865240560e+01 
       4.077605346168e-01       1.527944561034e+01 
       4.110722032234e-01       1.502175574468e+01 
       4.143838721501e-01       1.476619344926e+01 
       4.176955413892e-01       1.451369364017e+01 
       4.210072109333e-01       1.426546695992e+01 
       4.243188807752e-01       1.402265523990e+01 
       4.276305509081e-01       1.378618758904e+01 
       4.309422213251e-01       1.355664359959e+01 
       4.342538920198e-01       1.333425481530e+01 
       4.375655629858e-01       1.311898897269e+01 
       4.408772342170e-01       1.291073243323e+01 
       4.441889057074e-01       1.270926776476e+01 
       4.475005774513e-01       1.251431852177e+01 
       4.508122494430e-01       1.232546432507e+01 
       4.541239216771e-01       1.214212510821e+01 
       4.574355941484e-01       1.196353329358e+01 
       4.607472668516e-01       1.178882851518e+01 
       4.640589397819e-01       1.161723328319e+01 
       4.673706129343e-01       1.144813659502e+01 
       4.706822863041e-01       1.128121134467e+01 
       4.739939598869e-01       1.111632673886e+01 
       4.773056336780e-01       1.095351658493e+01 
       4.806173076733e-01       1.079284436887e+01 
       4.839289818685e-01       1.063438743884e+01 
       4.872406562596e-01       1.047826531027e+01 
       4.905523308424e-01       1.032464263931e+01 
       4.938640056133e-01       1.017376526962e+01 
       4.971756805683e-01       1.002594980733e+01 
       5.004873557039e-01       9.881594295561e+00 
       5.037990310164e-01       9.740877058339e+00 
       5.071107065024e-01       9.603857391575e+00 
       5.104223821585e-01       9.470520417488e+00 
       5.137340579814e-01       9.340535925488e+00 
       5.170457339678e-01       9.213621819199e+00 
       5.203574101147e-01       9.089514608095e+00 
       5.236690864190e-01       8.967973352631e+00 
       5.269807628778e-01       8.848838549468e+00 
       5.302924394880e-01       8.731944639704e+00 
       5.336041162469e-01       8.617107584030e+00 
       5.369157931517e-01       8.504108079235e+00 
       5.402274701998e-01       8.392745167501e+00 
       5.435391473885e-01       8.282875917387e+00 
       5.468508247152e-01       8.174526040068e+00 
       5.501625021775e-01       8.067734374503e+00 
       5.534741797728e-01       7.962658472936e+00 
       5.567858574989e-01       7.859398010271e+00 
       5.600975353534e-01       7.758019059409e+00 
       5.634092133340e-01       7.658517423963e+00 
       5.667208914385e-01       7.560843571198e+00 
       5.700325696648e-01       7.464951000195e+00 
       5.733442480106e-01       7.370826864969e+00 
       5.766559264741e-01       7.278500574122e+00 
       5.799676050531e-01       7.188006159913e+00 
       5.832792837456e-01       7.099338410575e+00 
       5.865909625498e-01       7.012437130992e+00 
       5.899026414637e-01       6.927166571890e+00 
       5.932143204855e-01       6.843422988088e+00 
       5.965259996135e-01       6.761042334382e+00 
       5.998376788458e-01       6.679961593461e+00 
       6.031493581807e-01       6.600163821832e+00 
       6.064610376165e-01       6.521653352484e+00 
       6.097727171517e-01       6.444416718960e+00 
       6.130843967845e-01       6.368409978568e+00 
       6.163960765134e-01       6.293569362786e+00 
       6.197077563368e-01       6.219815610461e+00 
       6.230194362533e-01       6.147114179717e+00 
       6.263311162613e-01       6.075467866270e+00 
       6.296427963595e-01       6.004928590482e+00 
       6.329544765463e-01       5.935552492755e+00 
       6.362661568205e-01       5.867374553623e+00 
       6.395778371805e-01       5.800382849891e+00 
       6.428895176252e-01       5.734528818103e+00 
       6.462011981532e-01       5.669743767980e+00 
       6.495128787633e-01       5.605980504344e+00 
       6.528245594541e-01       5.543220260623e+00 
       6.561362402245e-01       5.481470023752e+00 
       6.594479210732e-01       5.420743143575e+00 
       6.627596019991e-01       5.361029240481e+00 
       6.660712830010e-01       5.302284622593e+00 
       6.693829640778e-01       5.244443313419e+00 
       6.726946452283e-01       5.187435998995e+00 
       6.760063264516e-01       5.131214711285e+00 
       6.793180077465e-01       5.075772884302e+00 
       6.826296891120e-01       5.021121724831e+00 
       6.859413705470e-01       4.967305901498e+00 
       6.892530520506e-01       4.914311657742e+00 
       6.925647336217e-01       4.862123224808e+00 
       6.958764152595e-01       4.810693193634e+00 
       6.991880969629e-01       4.759985614494e+00 
       7.024997787310e-01       4.709972668484e+00 
       7.058114605629e-01       4.660657081774e+00 
       7.091231424578e-01       4.612071036109e+00 
       7.124348244147e-01       4.564228435911e+00 
       7.157465064327e-01       4.517129699095e+00 
       7.190581885111e-01       4.470761085986e+00 
       7.223698706489e-01       4.425072206827e+00 
       7.256815528454e-01       4.380016031541e+00 
       7.289932350998e-01       4.335570897479e+00 
       7.323049174113e-01       4.291727297829e+00 
       7.356165997791e-01       4.248508552194e+00 
       7.389282822025e-01       4.205918272871e+00 
       7.422399646806e-01       4.163956648607e+00 
       7.455516472128e-01       4.122599039182e+00 
       7.488633297984e-01       4.081803141734e+00 
       7.521750124367e-01       4.041531410842e+00 
       7.554866951269e-01       4.001772218005e+00 
       8.198102721918e-01       3.327066483098e+00 
       9.096865378917e-01       2.624239316161e+00 
       1.048113480481e+00       1.892297479350e+00 
       1.272309008191e+00       1.201533848397e+00 
       1.594812285659e+00       7.013116791769e-01 
       2.007541292717e+00       4.015740345738e-01 
       2.527343447222e+00       2.279837154881e-01 
       3.181736888759e+00       1.284619035143e-01 
       4.005569422901e+00       7.188856629688e-02 
       5.042713135196e+00       3.997850247009e-02 
       6.348399710287e+00       2.210562289644e-02 
       7.992161719507e+00       1.215916512131e-02 
       1.006153548386e+01       6.655738788824e-03 
       1.266672270229e+01       3.627007191498e-03 
       1.594645909407e+01       1.968283184650e-03 
       2.007540258166e+01       1.064013888832e-03 
       2.527343446205e+01       5.730853619007e-04 
       3.181736888759e+01       3.075925165548e-04 
       4.005569422901e+01       1.645449566733e-04 
       5.042713135196e+01       8.772843313839e-05 
       6.348399710287e+01       4.661323496418e-05 
       7.992161719507e+01       2.467673157622e-05 
       1.006153548386e+02       1.300912859836e-05 
       1.266672270229e+02       6.823552941487e-06 
       1.594645909407e+02       3.556238170941e-06 
       2.007540258166e+02       1.837709211543e-06 
       2.527343446205e+02       9.389297986144e-07 
       3.181736888759e+02       4.726585119287e-07 
       4.005569422901e+02       2.336625465321e-07 
       5.042713135196e+02       1.133517683043e-07 
       6.348399710287e+02       5.421066917152e-08 
       7.992161719507e+02       2.582632662602e-08 
       1.006153548386e+03       1.235818771575e-08 
