# Matter power spectrum P(k) at redshift z=4.5
# for k=1.04575e-05 to 1006.15 h/Mpc,
# number of wavenumbers equal to 625
#    1:k (h/Mpc)              2:P (Mpc/h)^3        
       1.045749810485e-05       2.380897821602e+00 
       2.373043761528e-05       5.331389747342e+00 
       3.705205197341e-05       8.259491571436e+00 
       5.046040160262e-05       1.118490217806e+01 
       6.399420676399e-05       1.412108091825e+01 
       7.769321405898e-05       1.707941022893e+01 
       9.159857522556e-05       2.007044693284e+01 
       1.057532435558e-04       2.310447750340e+01 
       1.202023933008e-04       2.619183361339e+01 
       1.349938674647e-04       2.934310775115e+01 
       1.501786593808e-04       3.256932301276e+01 
       1.658114333596e-04       3.588208213883e+01 
       1.819510894196e-04       3.929370738715e+01 
       1.986613765579e-04       4.281737898926e+01 
       2.160115580438e-04       4.646727530969e+01 
       2.340771306401e-04       5.025871680949e+01 
       2.529405972213e-04       5.420831436035e+01 
       2.726922886571e-04       5.833412167912e+01 
       2.934312256600e-04       6.265578859933e+01 
       3.152660040981e-04       6.719471185710e+01 
       3.383156775180e-04       7.197417672103e+01 
       3.627105977775e-04       7.701948005405e+01 
       3.885931583209e-04       8.235802177564e+01 
       4.161183645581e-04       8.801934819681e+01 
       4.454541324261e-04       9.403512438039e+01 
       4.767811907995e-04       1.004390102054e+02 
       5.102924387431e-04       1.072664068215e+02 
       5.461915893473e-04       1.145540412115e+02 
       5.846909251320e-04       1.223393540455e+02 
       6.260080050474e-04       1.306596641056e+02 
       6.703612104985e-04       1.395510921967e+02 
       7.179641068864e-04       1.490472537362e+02 
       7.690187318622e-04       1.591777571251e+02 
       8.237080952403e-04       1.699665884762e+02 
       8.821883665213e-04       1.814304983113e+02 
       9.445813962622e-04       1.935775419509e+02 
       1.010968318642e-03       2.064059454829e+02 
       1.081384969221e-03       2.199034449207e+02 
       1.155819700313e-03       2.340472122653e+02 
       1.234213899658e-03       2.488044087568e+02 
       1.316465168833e-03       2.641333150565e+02 
       1.402432774394e-03       2.799849212948e+02 
       1.491944724558e-03       2.963048089315e+02 
       1.584805697329e-03       3.130351164925e+02 
       1.680805061300e-03       3.301164196241e+02 
       1.779724358910e-03       3.474894085812e+02 
       1.881343813733e-03       3.650962560531e+02 
       1.985447627100e-03       3.828816535672e+02 
       2.091828006459e-03       4.007935499939e+02 
       2.200287998256e-03       4.187835980948e+02 
       2.310643277916e-03       4.368068176748e+02 
       2.422723085604e-03       4.548232995674e+02 
       2.536370500476e-03       4.727966937169e+02 
       2.651442230081e-03       4.906944080486e+02 
       2.767808065318e-03       5.084874116080e+02 
       2.885350122018e-03       5.261502038893e+02 
       3.003961962113e-03       5.436603194804e+02 
       3.123547662764e-03       5.609982539666e+02 
       3.244020881646e-03       5.781470995766e+02 
       3.365303950641e-03       5.950922951083e+02 
       3.487327018288e-03       6.118213824161e+02 
       3.610027252458e-03       6.283237498961e+02 
       3.733348108622e-03       6.445905332069e+02 
       3.857238664757e-03       6.606142029411e+02 
       3.981653021215e-03       6.763885526616e+02 
       4.106549762154e-03       6.919086320856e+02 
       4.231891474164e-03       7.071703084277e+02 
       4.357644317282e-03       7.221706586434e+02 
       4.483777643502e-03       7.369072639231e+02 
       4.610263657980e-03       7.513787553858e+02 
       4.737077118433e-03       7.655841104167e+02 
       4.864195068510e-03       7.795230608152e+02 
       4.991596601329e-03       7.931958854730e+02 
       5.119262649698e-03       8.066030128839e+02 
       5.247175799933e-03       8.197456320355e+02 
       5.375320126495e-03       8.326248197005e+02 
       5.503681045008e-03       8.452422046326e+02 
       5.632245181484e-03       8.575998027478e+02 
       5.761000255846e-03       8.696994499603e+02 
       5.889934978076e-03       8.815433868395e+02 
       6.019038955502e-03       8.931339744166e+02 
       6.148302609931e-03       9.044736180454e+02 
       6.277717103485e-03       9.155650603312e+02 
       6.407274272154e-03       9.264111814607e+02 
       6.536966566162e-03       9.370143548816e+02 
       6.666786996400e-03       9.473776930935e+02 
       6.796729086234e-03       9.575039173120e+02 
       6.926786828089e-03       9.673960247466e+02 
       7.056954644300e-03       9.770572007381e+02 
       7.187227351743e-03       9.864904587216e+02 
       7.317600129859e-03       9.956984052509e+02 
       7.448068491705e-03       1.004684123922e+03 
       7.578628257697e-03       1.013450800512e+03 
       7.709275531791e-03       1.022001004281e+03 
       7.840006679834e-03       1.030338458429e+03 
       7.970818309857e-03       1.038465828969e+03 
       8.101707254141e-03       1.046385669230e+03 
       8.232670552846e-03       1.054101550677e+03 
       8.363705439076e-03       1.061616278504e+03 
       8.494809325229e-03       1.068932040939e+03 
       8.625979790500e-03       1.076052325475e+03 
       8.757214569446e-03       1.082979943700e+03 
       8.888511541496e-03       1.089717567470e+03 
       9.019868721331e-03       1.096267763370e+03 
       9.151284250039e-03       1.102633636973e+03 
       9.282756386994e-03       1.108817500428e+03 
       9.414283502372e-03       1.114822269922e+03 
       9.545864070270e-03       1.120650279767e+03 
       9.677496662351e-03       1.126304249723e+03 
       9.809179941995e-03       1.131786823140e+03 
       9.940912658886e-03       1.137100106444e+03 
       1.007269364402e-02       1.142246829746e+03 
       1.020452180510e-02       1.147229413278e+03 
       1.033639612222e-02       1.152052023089e+03 
       1.046831564399e-02       1.156713830935e+03 
       1.060027948378e-02       1.161217904680e+03 
       1.073228681639e-02       1.165567209636e+03 
       1.086433687490e-02       1.169763823418e+03 
       1.099642894770e-02       1.173809830163e+03 
       1.112856237583e-02       1.177707583891e+03 
       1.126073655044e-02       1.181458835946e+03 
       1.139295091047e-02       1.185066404733e+03 
       1.152520494046e-02       1.188531691192e+03 
       1.165749816853e-02       1.191856523947e+03 
       1.178983016452e-02       1.195044045849e+03 
       1.192220053825e-02       1.198095024820e+03 
       1.205460893787e-02       1.201011769248e+03 
       1.218705504840e-02       1.203796606650e+03 
       1.231953859028e-02       1.206451526922e+03 
       1.245205931810e-02       1.208976897408e+03 
       1.258461701939e-02       1.211376563808e+03 
       1.271721151347e-02       1.213651126010e+03 
       1.284984265044e-02       1.215802688915e+03 
       1.298251031021e-02       1.217832351770e+03 
       1.311521440158e-02       1.219743326453e+03 
       1.324795486143e-02       1.221536444683e+03 
       1.338073165393e-02       1.223213182319e+03 
       1.351354476986e-02       1.224775954467e+03 
       1.364639422595e-02       1.226226017335e+03 
       1.377928006424e-02       1.227564861510e+03 
       1.391220235156e-02       1.228794333811e+03 
       1.404516117903e-02       1.229916230777e+03 
       1.417815666155e-02       1.230932290551e+03 
       1.431118893742e-02       1.231843012643e+03 
       1.444425816794e-02       1.232651615581e+03 
       1.457736453706e-02       1.233358015611e+03 
       1.471050825103e-02       1.233964796558e+03 
       1.484368953822e-02       1.234472693698e+03 
       1.497690864875e-02       1.234883957402e+03 
       1.511016585436e-02       1.235199208344e+03 
       1.524346144820e-02       1.235420952264e+03 
       1.537679574464e-02       1.235549995294e+03 
       1.551016907917e-02       1.235587805151e+03 
       1.564358180828e-02       1.235536165194e+03 
       1.577703430938e-02       1.235395990300e+03 
       1.591052698073e-02       1.235169014593e+03 
       1.604406024142e-02       1.234856599554e+03 
       1.617763453133e-02       1.234460090058e+03 
       1.631125031118e-02       1.233980514771e+03 
       1.644490806251e-02       1.233419543815e+03 
       1.657860828775e-02       1.232778524284e+03 
       1.671235151029e-02       1.232058732789e+03 
       1.684613827459e-02       1.231261498578e+03 
       1.697996914622e-02       1.230387029809e+03 
       1.711384471207e-02       1.229437630444e+03 
       1.724776558040e-02       1.228415527582e+03 
       1.738173238109e-02       1.227320978245e+03 
       1.751574576578e-02       1.226154009228e+03 
       1.764980640804e-02       1.224917148298e+03 
       1.778391500363e-02       1.223611434790e+03 
       1.791807227070e-02       1.222238196634e+03 
       1.805227895006e-02       1.220797952798e+03 
       1.818653580541e-02       1.219292705376e+03 
       1.832084362365e-02       1.217722656987e+03 
       1.845520321520e-02       1.216089625507e+03 
       1.858961541424e-02       1.214393979743e+03 
       1.872408107911e-02       1.212637915187e+03 
       1.885860109264e-02       1.210822064740e+03 
       1.899317636251e-02       1.208946282641e+03 
       1.912780782161e-02       1.207013617673e+03 
       1.926249642850e-02       1.205022942766e+03 
       1.939724316775e-02       1.202978967738e+03 
       1.953204905044e-02       1.200876936392e+03 
       1.966691511458e-02       1.198724919458e+03 
       1.980184242558e-02       1.196517831716e+03 
       1.993683207674e-02       1.194260108170e+03 
       2.007188518977e-02       1.191952129123e+03 
       2.020700291530e-02       1.189592653686e+03 
       2.034218643342e-02       1.187185105881e+03 
       2.047743695426e-02       1.184730482108e+03 
       2.061275571856e-02       1.182228983964e+03 
       2.074814399829e-02       1.179681293306e+03 
       2.088360309724e-02       1.177088531415e+03 
       2.101913435170e-02       1.174451621233e+03 
       2.115473913110e-02       1.171771384399e+03 
       2.129041883873e-02       1.169051327224e+03 
       2.142617491241e-02       1.166287496918e+03 
       2.156200882525e-02       1.163484686090e+03 
       2.169792208640e-02       1.160641836976e+03 
       2.183391624183e-02       1.157760191100e+03 
       2.196999287514e-02       1.154841621344e+03 
       2.210615360838e-02       1.151884134301e+03 
       2.224240010293e-02       1.148893312443e+03 
       2.237873406036e-02       1.145864711002e+03 
       2.251515722336e-02       1.142802378024e+03 
       2.265167137665e-02       1.139709007515e+03 
       2.278827834800e-02       1.136580449031e+03 
       2.292498000920e-02       1.133419806588e+03 
       2.306177827707e-02       1.130229530685e+03 
       2.319867511457e-02       1.127007479828e+03 
       2.333567253186e-02       1.123757088119e+03 
       2.347277258747e-02       1.120476525742e+03 
       2.360997738941e-02       1.117169397526e+03 
       2.374728909641e-02       1.113833898153e+03 
       2.388470991917e-02       1.110474163149e+03 
       2.402224212160e-02       1.107087619776e+03 
       2.415988802217e-02       1.103675619946e+03 
       2.429764999526e-02       1.100237479273e+03 
       2.443553047256e-02       1.096778053464e+03 
       2.457353194453e-02       1.093296906816e+03 
       2.471165696187e-02       1.089791912635e+03 
       2.484990813710e-02       1.086265458037e+03 
       2.498828814611e-02       1.082719189095e+03 
       2.512679972984e-02       1.079150852786e+03 
       2.526544569592e-02       1.075564508631e+03 
       2.540422892050e-02       1.071960072493e+03 
       2.554315234997e-02       1.068336152673e+03 
       2.568221900292e-02       1.064694116956e+03 
       2.582143197196e-02       1.061034618315e+03 
       2.596079442580e-02       1.057359760597e+03 
       2.610030961129e-02       1.053669639174e+03 
       2.623998085549e-02       1.049966239060e+03 
       2.637981156794e-02       1.046244545121e+03 
       2.651980524290e-02       1.042510920863e+03 
       2.665996546168e-02       1.038762167095e+03 
       2.680029589511e-02       1.035002523972e+03 
       2.694080030602e-02       1.031228177041e+03 
       2.708148255186e-02       1.027444158642e+03 
       2.722234658737e-02       1.023648806403e+03 
       2.736339646738e-02       1.019840867188e+03 
       2.750463634970e-02       1.016021625424e+03 
       2.764607049807e-02       1.012196241017e+03 
       2.778770328530e-02       1.008357713984e+03 
       2.792953919641e-02       1.004515450522e+03 
       2.807158283200e-02       1.000660521467e+03 
       2.821383891169e-02       9.967974378406e+02 
       2.835631227763e-02       9.929275629600e+02 
       2.849900789825e-02       9.890515902760e+02 
       2.864193087208e-02       9.851704099844e+02 
       2.878508643170e-02       9.812791675364e+02 
       2.892847994792e-02       9.773852780025e+02 
       2.907211693401e-02       9.734832414913e+02 
       2.921600305018e-02       9.695824728469e+02 
       2.936014410820e-02       9.656705413823e+02 
       2.950454607619e-02       9.617571472909e+02 
       2.964921508358e-02       9.578391950320e+02 
       2.979415742637e-02       9.539203327176e+02 
       2.993937957245e-02       9.499961829442e+02 
       3.008488816723e-02       9.460695030371e+02 
       3.023069003948e-02       9.421406376779e+02 
       3.037679220740e-02       9.382096219564e+02 
       3.052320188494e-02       9.342768808864e+02 
       3.066992648838e-02       9.303439640635e+02 
       3.081697364318e-02       9.264113777475e+02 
       3.096435119115e-02       9.224731773700e+02 
       3.111206719787e-02       9.185367641169e+02 
       3.126012996051e-02       9.146017822638e+02 
       3.140854801586e-02       9.106693498958e+02 
       3.155733014887e-02       9.067338570024e+02 
       3.170648540141e-02       9.027996149030e+02 
       3.185602308155e-02       8.988670332838e+02 
       3.200595277315e-02       8.949387347315e+02 
       3.215628434598e-02       8.910081434191e+02 
       3.230702796621e-02       8.870815625700e+02 
       3.245819410741e-02       8.831569093587e+02 
       3.260979356215e-02       8.792315448937e+02 
       3.276183745398e-02       8.753121206729e+02 
       3.291433725013e-02       8.713961211954e+02 
       3.306730477471e-02       8.674814416381e+02 
       3.322075222260e-02       8.635676012116e+02 
       3.337469217403e-02       8.596612725050e+02 
       3.352913760980e-02       8.557602582431e+02 
       3.368410192736e-02       8.518590645403e+02 
       3.383959895760e-02       8.479633374216e+02 
       3.399564298254e-02       8.440719581710e+02 
       3.415224875396e-02       8.401838347343e+02 
       3.430943151287e-02       8.363029257903e+02 
       3.446720701016e-02       8.324222475756e+02 
       3.462559152820e-02       8.285509935853e+02 
       3.478460190367e-02       8.246819944580e+02 
       3.494425555159e-02       8.208195681418e+02 
       3.510457049068e-02       8.169604485414e+02 
       3.526556537007e-02       8.131110773518e+02 
       3.542725949757e-02       8.092633351353e+02 
       3.558967286947e-02       8.054216556407e+02 
       3.575282620204e-02       8.015844410373e+02 
       3.591674096486e-02       7.977544197707e+02 
       3.608143941613e-02       7.939305148293e+02 
       3.624694463996e-02       7.901119551115e+02 
       3.641328058594e-02       7.863010125883e+02 
       3.658047211114e-02       7.824945470691e+02 
       3.674854502456e-02       7.786953350937e+02 
       3.691752613441e-02       7.748999141417e+02 
       3.708744329831e-02       7.711112594640e+02 
       3.725832547669e-02       7.673284719974e+02 
       3.743020278953e-02       7.635524497454e+02 
       3.760310657689e-02       7.597817960355e+02 
       3.777706946333e-02       7.560209441151e+02 
       3.795212542663e-02       7.522611912393e+02 
       3.812830987117e-02       7.485094267451e+02 
       3.830565970624e-02       7.447636060967e+02 
       3.848421342989e-02       7.410260306868e+02 
       3.866401121852e-02       7.372923692322e+02 
       3.884509502293e-02       7.335627711261e+02 
       3.902750867120e-02       7.298428802865e+02 
       3.921129797920e-02       7.261275123152e+02 
       3.939651086917e-02       7.224153751286e+02 
       3.958319749728e-02       7.187093985699e+02 
       3.977141039084e-02       7.150106847112e+02 
       3.996120459624e-02       7.113168449382e+02 
       4.015263783837e-02       7.076279190571e+02 
       4.034577069283e-02       7.039422621634e+02 
       4.054066677207e-02       7.002634432425e+02 
       4.073739292676e-02       6.965869449735e+02 
       4.093601946408e-02       6.929164239161e+02 
       4.113662038441e-02       6.892520378280e+02 
       4.133927363850e-02       6.855902069082e+02 
       4.154406140720e-02       6.819294566482e+02 
       4.175107040600e-02       6.782815363990e+02 
       4.196039221729e-02       6.746228519028e+02 
       4.217212365321e-02       6.709739942237e+02 
       4.238636715250e-02       6.673266908781e+02 
       4.260323121533e-02       6.636795654121e+02 
       4.282283088035e-02       6.600392827446e+02 
       4.304528824899e-02       6.563946589526e+02 
       4.327073306268e-02       6.527550090247e+02 
       4.349930333937e-02       6.491162987263e+02 
       4.373114607684e-02       6.454743140573e+02 
       4.396641803108e-02       6.418333806932e+02 
       4.420528657961e-02       6.381917844722e+02 
       4.444793068082e-02       6.345476963712e+02 
       4.469454194227e-02       6.309015049171e+02 
       4.494532581288e-02       6.272509529343e+02 
       4.520050291638e-02       6.235993760184e+02 
       4.546031054620e-02       6.199406725410e+02 
       4.572500434546e-02       6.162773204073e+02 
       4.599486019958e-02       6.126059674961e+02 
       4.627017637418e-02       6.089280779932e+02 
       4.655127593643e-02       6.052422564938e+02 
       4.683850950528e-02       6.015485087047e+02 
       4.713225838436e-02       5.978417535704e+02 
       4.743293814168e-02       5.941236300866e+02 
       4.774100271297e-02       5.903920845092e+02 
       4.805694912064e-02       5.866449752724e+02 
       4.838132291952e-02       5.828822508465e+02 
       4.871472450393e-02       5.791025319681e+02 
       4.905781643925e-02       5.752985631032e+02 
       4.941133201783e-02       5.714746875993e+02 
       4.977608528353e-02       5.676248300410e+02 
       5.015298282618e-02       5.637481802985e+02 
       5.054303771845e-02       5.598395090657e+02 
       5.094738605757e-02       5.558965180195e+02 
       5.136730668884e-02       5.519172594134e+02 
       5.180424483333e-02       5.478965980207e+02 
       5.225984052739e-02       5.438274772300e+02 
       5.273596301788e-02       5.397073517364e+02 
       5.323475255774e-02       5.355269091748e+02 
       5.375867142783e-02       5.312796776532e+02 
       5.431056648953e-02       5.269558310134e+02 
       5.489374616450e-02       5.225460081737e+02 
       5.551207544878e-02       5.180374190438e+02 
       5.617009337762e-02       5.134125229664e+02 
       5.687315818582e-02       5.086520162315e+02 
       5.762762604582e-02       5.037303743703e+02 
       5.844106924229e-02       4.986178230299e+02 
       5.932253797381e-02       4.932729186896e+02 
       6.028286471725e-02       4.876428254468e+02 
       6.133499760901e-02       4.816585973076e+02 
       6.249432323971e-02       4.752286211984e+02 
       6.377888977286e-02       4.682314243960e+02 
       6.520935658723e-02       4.605042723009e+02 
       6.680837282307e-02       4.518358130690e+02 
       6.859895815143e-02       4.419612298376e+02 
       7.060145446358e-02       4.305687263180e+02 
       7.282900509302e-02       4.173413835749e+02 
       7.528254764851e-02       4.020339288538e+02 
       7.794763165265e-02       3.845799119661e+02 
       8.079557122545e-02       3.651874128333e+02 
       8.378925639194e-02       3.443718393015e+02 
       8.689081350409e-02       3.228862194030e+02 
       9.006747864852e-02       3.015850303553e+02 
       9.329408122598e-02       2.812781937655e+02 
       9.655282505597e-02       2.626255188539e+02 
       9.983181243343e-02       2.460725371072e+02 
       1.031233738652e-01       2.318419620755e+02 
       1.064226786357e-01       2.199460790162e+02 
       1.097267276976e-01       2.102244629169e+02 
       1.130336756109e-01       2.023857047001e+02 
       1.163423928821e-01       1.960488560515e+02 
       1.196521903954e-01       1.907856205374e+02 
       1.229626484529e-01       1.861584171056e+02 
       1.262735116499e-01       1.817580684641e+02 
       1.295846245788e-01       1.772388798135e+02 
       1.328958926300e-01       1.723444916582e+02 
       1.362072581392e-01       1.669261468934e+02 
       1.395186858906e-01       1.609469659902e+02 
       1.428301543108e-01       1.544711449394e+02 
       1.461416501217e-01       1.476437725274e+02 
       1.494531650939e-01       1.406611216693e+02 
       1.527646940752e-01       1.337399273403e+02 
       1.560762337931e-01       1.270893373552e+02 
       1.593877821275e-01       1.208872356852e+02 
       1.626993376673e-01       1.152664031132e+02 
       1.660108994417e-01       1.103053315772e+02 
       1.693224667555e-01       1.060284762357e+02 
       1.726340390885e-01       1.024102023546e+02 
       1.759456160339e-01       9.938257429872e+01 
       1.792571972603e-01       9.684627070620e+01 
       1.825687824880e-01       9.468157418256e+01 
       1.858803714740e-01       9.276055191835e+01 
       1.891919640029e-01       9.097314385291e+01 
       1.925035598800e-01       8.920231212921e+01 
       1.958151589280e-01       8.734504333150e+01 
       1.991267609837e-01       8.533660655501e+01 
       2.024383658960e-01       8.314516603223e+01 
       2.057499735245e-01       8.077298774273e+01 
       2.090615837384e-01       7.825228717872e+01 
       2.123731964151e-01       7.563657114457e+01 
       2.156848114401e-01       7.299021909914e+01 
       2.189964287058e-01       7.037907586067e+01 
       2.223080481113e-01       6.786265321871e+01 
       2.256196695617e-01       6.548951830369e+01 
       2.289312929674e-01       6.329527429431e+01 
       2.322429182442e-01       6.130239827968e+01 
       2.355545453127e-01       5.951913960670e+01 
       2.388661740978e-01       5.794130848229e+01 
       2.421778045285e-01       5.655192462165e+01 
       2.454894365379e-01       5.532294433548e+01 
       2.488010700625e-01       5.421879543543e+01 
       2.521127050422e-01       5.319988575138e+01 
       2.554243414200e-01       5.222725182892e+01 
       2.587359791419e-01       5.126631222780e+01 
       2.620476181567e-01       5.029010792502e+01 
       2.653592584155e-01       4.928029923889e+01 
       2.686708998722e-01       4.822736574049e+01 
       2.719825424828e-01       4.713007835781e+01 
       2.752941862052e-01       4.599393270479e+01 
       2.786058309997e-01       4.483087793181e+01 
       2.819174768282e-01       4.365725227146e+01 
       2.852291236545e-01       4.249250242215e+01 
       2.885407714441e-01       4.135646755543e+01 
       2.918524201640e-01       4.026723709194e+01 
       2.951640697827e-01       3.923880032949e+01 
       2.984757202702e-01       3.827980547802e+01 
       3.017873715976e-01       3.739331288986e+01 
       3.050990237374e-01       3.657716086122e+01 
       3.084106766634e-01       3.582546420208e+01 
       3.117223303504e-01       3.512970964995e+01 
       3.150339847742e-01       3.447987045554e+01 
       3.183456399118e-01       3.386519201176e+01 
       3.216572957409e-01       3.327473050543e+01 
       3.249689522404e-01       3.269791787934e+01 
       3.282806093897e-01       3.212544519296e+01 
       3.315922671695e-01       3.155010473729e+01 
       3.349039255608e-01       3.096744162959e+01 
       3.382155845457e-01       3.037617196380e+01 
       3.415272441067e-01       2.977777023237e+01 
       3.448389042272e-01       2.917593357590e+01 
       3.481505648911e-01       2.857557037476e+01 
       3.514622260831e-01       2.798192935148e+01 
       3.547738877882e-01       2.740010257623e+01 
       3.580855499922e-01       2.683463059617e+01 
       3.613972126813e-01       2.628929472943e+01 
       3.647088758422e-01       2.576726740621e+01 
       3.680205394621e-01       2.527054613808e+01 
       3.713322035287e-01       2.479971629050e+01 
       3.746438680301e-01       2.435409453648e+01 
       3.779555329547e-01       2.393132789439e+01 
       3.812671982916e-01       2.352808063412e+01 
       3.845788640301e-01       2.314046887936e+01 
       3.878905301597e-01       2.276469323545e+01 
       3.912021966706e-01       2.239747362235e+01 
       3.945138635530e-01       2.203629139516e+01 
       3.978255307977e-01       2.167932253701e+01 
       4.011371983957e-01       2.132536019895e+01 
       4.044488663382e-01       2.097351998193e+01 
       4.077605346168e-01       2.062355061562e+01 
       4.110722032234e-01       2.027563120662e+01 
       4.143838721501e-01       1.993058959325e+01 
       4.176955413892e-01       1.958968865784e+01 
       4.210072109333e-01       1.925455748145e+01 
       4.243188807752e-01       1.892674348410e+01 
       4.276305509081e-01       1.860749461405e+01 
       4.309422213251e-01       1.829759540946e+01 
       4.342538920198e-01       1.799736001297e+01 
       4.375655629858e-01       1.770673961849e+01 
       4.408772342170e-01       1.742558663424e+01 
       4.441889057074e-01       1.715360224671e+01 
       4.475005774513e-01       1.689041524191e+01 
       4.508122494430e-01       1.663545999454e+01 
       4.541239216771e-01       1.638794837486e+01 
       4.574355941484e-01       1.614685008971e+01 
       4.607472668516e-01       1.591099967205e+01 
       4.640589397819e-01       1.567934795803e+01 
       4.673706129343e-01       1.545107357474e+01 
       4.706822863041e-01       1.522572953331e+01 
       4.739939598869e-01       1.500314461222e+01 
       4.773056336780e-01       1.478336087621e+01 
       4.806173076733e-01       1.456646410565e+01 
       4.839289818685e-01       1.435256130053e+01 
       4.872406562596e-01       1.414180985997e+01 
       4.905523308424e-01       1.393443475572e+01 
       4.938640056133e-01       1.373076736484e+01 
       4.971756805683e-01       1.353123277923e+01 
       5.004873557039e-01       1.333637171705e+01 
       5.037990310164e-01       1.314642032749e+01 
       5.071107065024e-01       1.296146266433e+01 
       5.104223821585e-01       1.278147672202e+01 
       5.137340579814e-01       1.260601552091e+01 
       5.170457339678e-01       1.243470127511e+01 
       5.203574101147e-01       1.226717543135e+01 
       5.236690864190e-01       1.210311445446e+01 
       5.269807628778e-01       1.194230306253e+01 
       5.302924394880e-01       1.178451586108e+01 
       5.336041162469e-01       1.162950706927e+01 
       5.369157931517e-01       1.147697856480e+01 
       5.402274701998e-01       1.132666031253e+01 
       5.435391473885e-01       1.117835937217e+01 
       5.468508247152e-01       1.103210859714e+01 
       5.501625021775e-01       1.088796337544e+01 
       5.534741797728e-01       1.074613390972e+01 
       5.567858574989e-01       1.060675546737e+01 
       5.600975353534e-01       1.046991772238e+01 
       5.634092133340e-01       1.033561312901e+01 
       5.667208914385e-01       1.020377774495e+01 
       5.700325696648e-01       1.007434605926e+01 
       5.733442480106e-01       9.947301719016e+00 
       5.766559264741e-01       9.822685418057e+00 
       5.799676050531e-01       9.700540583993e+00 
       5.832792837456e-01       9.580863169087e+00 
       5.865909625498e-01       9.463569614427e+00 
       5.899026414637e-01       9.348477245041e+00 
       5.932143204855e-01       9.235447032883e+00 
       5.965259996135e-01       9.124255723957e+00 
       5.998376788458e-01       9.014819964038e+00 
       6.031493581807e-01       8.907116212392e+00 
       6.064610376165e-01       8.801149700200e+00 
       6.097727171517e-01       8.696903738390e+00 
       6.130843967845e-01       8.594317247476e+00 
       6.163960765134e-01       8.493305404482e+00 
       6.197077563368e-01       8.393760884880e+00 
       6.230194362533e-01       8.295636632826e+00 
       6.263311162613e-01       8.198937117370e+00 
       6.296427963595e-01       8.103731644842e+00 
       6.329544765463e-01       8.010096558682e+00 
       6.362661568205e-01       7.918079006367e+00 
       6.395778371805e-01       7.827662172066e+00 
       6.428895176252e-01       7.738781834874e+00 
       6.462011981532e-01       7.651343671212e+00 
       6.495128787633e-01       7.565285141256e+00 
       6.528245594541e-01       7.480580825277e+00 
       6.561362402245e-01       7.397239198196e+00 
       6.594479210732e-01       7.315279585821e+00 
       6.627596019991e-01       7.234686790781e+00 
       6.660712830010e-01       7.155402674303e+00 
       6.693829640778e-01       7.077338103067e+00 
       6.726946452283e-01       7.000398651118e+00 
       6.760063264516e-01       6.924520761566e+00 
       6.793180077465e-01       6.849694769222e+00 
       6.826296891120e-01       6.775936138825e+00 
       6.859413705470e-01       6.703305361691e+00 
       6.892530520506e-01       6.631782924593e+00 
       6.925647336217e-01       6.561348805464e+00 
       6.958764152595e-01       6.491937900536e+00 
       6.991880969629e-01       6.423502299682e+00 
       7.024997787310e-01       6.356004581243e+00 
       7.058114605629e-01       6.289447547276e+00 
       7.091231424578e-01       6.223876036400e+00 
       7.124348244147e-01       6.159307433771e+00 
       7.157465064327e-01       6.095742964992e+00 
       7.190581885111e-01       6.033164193137e+00 
       7.223698706489e-01       5.971502434855e+00 
       7.256815528454e-01       5.910695313071e+00 
       7.289932350998e-01       5.850712534953e+00 
       7.323049174113e-01       5.791541453322e+00 
       7.356165997791e-01       5.733214489372e+00 
       7.389282822025e-01       5.675735151503e+00 
       7.422399646806e-01       5.619104851772e+00 
       7.455516472128e-01       5.563289454159e+00 
       7.488633297984e-01       5.508232138535e+00 
       7.521750124367e-01       5.453882707895e+00 
       7.554866951269e-01       5.400224553662e+00 
       8.198102721918e-01       4.489674334403e+00 
       9.096865378917e-01       3.541198671012e+00 
       1.048113480481e+00       2.553461457587e+00 
       1.272309008191e+00       1.621321180325e+00 
       1.594812285659e+00       9.463217179346e-01 
       2.007541292717e+00       5.418635152653e-01 
       2.527343447222e+00       3.076280073639e-01 
       3.181736888759e+00       1.733384492269e-01 
       4.005569422901e+00       9.700169156443e-02 
       5.042713135196e+00       5.394424678926e-02 
       6.348399710287e+00       2.982774814060e-02 
       7.992161719507e+00       1.640667349244e-02 
       1.006153548386e+01       8.980727112359e-03 
       1.266672270229e+01       4.893973784730e-03 
       1.594645909407e+01       2.655811578981e-03 
       2.007540258166e+01       1.435660264269e-03 
       2.527343446205e+01       7.732418380272e-04 
       3.181736888759e+01       4.150100211928e-04 
       4.005569422901e+01       2.219966867344e-04 
       5.042713135196e+01       1.183502637788e-04 
       6.348399710287e+01       6.287613785691e-05 
       7.992161719507e+01       3.327988511266e-05 
       1.006153548386e+02       1.753931606691e-05 
       1.266672270229e+02       9.195421716822e-06 
       1.594645909407e+02       4.788893034492e-06 
       2.007540258166e+02       2.471908169377e-06 
       2.527343446205e+02       1.260797717831e-06 
       3.181736888759e+02       6.330715938898e-07 
       4.005569422901e+02       3.118103447191e-07 
       5.042713135196e+02       1.504783846237e-07 
       6.348399710287e+02       7.145350667470e-08 
       7.992161719507e+02       3.370982566958e-08 
       1.006153548386e+03       1.592504376653e-08 
