5.e+00 1.570796e-02 0.e+00
5.e+00 2.346256e-02 0.e+00
5.e+00 3.503514e-02 0.e+00
5.e+00 5.263151e-02 0.e+00
5.e+00 7.314235e-02 0.e+00
5.e+00 1.025928e-01 0.e+00
5.e+00 1.448116e-01 0.e+00
5.e+00 2.023460e-01 0.e+00
5.e+00 2.834245e-01 0.e+00
5.e+00 3.967448e-01 0.e+00
5.e+00 5.552783e-01 0.e+00
5.e+00 7.774819e-01 0.e+00
5.e+00 1.088445e+00 0.e+00
5.e+00 1.523711e+00 0.e+00
5.e+00 2.088426e+00 0.e+00
5.e+00 2.685505e+00 0.e+00
5.12e+00 1.570796e-02 0.e+00
5.12e+00 2.346256e-02 0.e+00
5.12e+00 3.503514e-02 0.e+00
5.12e+00 5.263151e-02 0.e+00
5.12e+00 7.314235e-02 0.e+00
5.12e+00 1.025928e-01 0.e+00
5.12e+00 1.448116e-01 0.e+00
5.12e+00 2.023460e-01 0.e+00
5.12e+00 2.834245e-01 0.e+00
5.12e+00 3.967448e-01 0.e+00
5.12e+00 5.552783e-01 0.e+00
5.12e+00 7.774819e-01 0.e+00
5.12e+00 1.088445e+00 0.e+00
5.12e+00 1.523711e+00 0.e+00
5.12e+00 2.088426e+00 0.e+00
5.12e+00 2.685505e+00 0.e+00
5.2424e+00 1.570796e-02 0.e+00
5.2424e+00 2.346256e-02 0.e+00
5.2424e+00 3.503514e-02 0.e+00
5.2424e+00 5.263151e-02 0.e+00
5.2424e+00 7.314235e-02 0.e+00
5.2424e+00 1.025928e-01 0.e+00
5.2424e+00 1.448116e-01 0.e+00
5.2424e+00 2.023460e-01 0.e+00
5.2424e+00 2.834245e-01 0.e+00
5.2424e+00 3.967448e-01 0.e+00
5.2424e+00 5.552783e-01 0.e+00
5.2424e+00 7.774819e-01 0.e+00
5.2424e+00 1.088445e+00 0.e+00
5.2424e+00 1.523711e+00 0.e+00
5.2424e+00 2.088426e+00 0.e+00
5.2424e+00 2.685505e+00 0.e+00
5.367248e+00 1.570796e-02 0.e+00
5.367248e+00 2.346256e-02 0.e+00
5.367248e+00 3.503514e-02 0.e+00
5.367248e+00 5.263151e-02 0.e+00
5.367248e+00 7.314235e-02 0.e+00
5.367248e+00 1.025928e-01 0.e+00
5.367248e+00 1.448116e-01 0.e+00
5.367248e+00 2.023460e-01 0.e+00
5.367248e+00 2.834245e-01 0.e+00
5.367248e+00 3.967448e-01 0.e+00
5.367248e+00 5.552783e-01 0.e+00
5.367248e+00 7.774819e-01 0.e+00
5.367248e+00 1.088445e+00 0.e+00
5.367248e+00 1.523711e+00 0.e+00
5.367248e+00 2.088426e+00 0.e+00
5.367248e+00 2.685505e+00 0.e+00
5.494593e+00 1.570796e-02 0.e+00
5.494593e+00 2.346256e-02 0.e+00
5.494593e+00 3.503514e-02 0.e+00
5.494593e+00 5.263151e-02 0.e+00
5.494593e+00 7.314235e-02 0.e+00
5.494593e+00 1.025928e-01 0.e+00
5.494593e+00 1.448116e-01 0.e+00
5.494593e+00 2.023460e-01 0.e+00
5.494593e+00 2.834245e-01 0.e+00
5.494593e+00 3.967448e-01 0.e+00
5.494593e+00 5.552783e-01 0.e+00
5.494593e+00 7.774819e-01 0.e+00
5.494593e+00 1.088445e+00 0.e+00
5.494593e+00 1.523711e+00 0.e+00
5.494593e+00 2.088426e+00 0.e+00
5.494593e+00 2.685505e+00 0.e+00
5.624485e+00 1.570796e-02 0.e+00
5.624485e+00 2.346256e-02 0.e+00
5.624485e+00 3.503514e-02 0.e+00
5.624485e+00 5.263151e-02 0.e+00
5.624485e+00 7.314235e-02 0.e+00
5.624485e+00 1.025928e-01 0.e+00
5.624485e+00 1.448116e-01 0.e+00
5.624485e+00 2.023460e-01 0.e+00
5.624485e+00 2.834245e-01 0.e+00
5.624485e+00 3.967448e-01 0.e+00
5.624485e+00 5.552783e-01 0.e+00
5.624485e+00 7.774819e-01 0.e+00
5.624485e+00 1.088445e+00 0.e+00
5.624485e+00 1.523711e+00 0.e+00
5.624485e+00 2.088426e+00 0.e+00
5.624485e+00 2.685505e+00 0.e+00
5.756975e+00 1.570796e-02 0.e+00
5.756975e+00 2.346256e-02 0.e+00
5.756975e+00 3.503514e-02 0.e+00
5.756975e+00 5.263151e-02 0.e+00
5.756975e+00 7.314235e-02 0.e+00
5.756975e+00 1.025928e-01 0.e+00
5.756975e+00 1.448116e-01 0.e+00
5.756975e+00 2.023460e-01 0.e+00
5.756975e+00 2.834245e-01 0.e+00
5.756975e+00 3.967448e-01 0.e+00
5.756975e+00 5.552783e-01 0.e+00
5.756975e+00 7.774819e-01 0.e+00
5.756975e+00 1.088445e+00 0.e+00
5.756975e+00 1.523711e+00 0.e+00
5.756975e+00 2.088426e+00 0.e+00
5.756975e+00 2.685505e+00 0.e+00
5.892114e+00 1.570796e-02 -8.417608e-07
5.892114e+00 2.346256e-02 -6.06858e-07
5.892114e+00 3.503514e-02 -1.221999e-06
5.892114e+00 5.263151e-02 -3.969155e-07
5.892114e+00 7.314235e-02 -1.736387e-06
5.892114e+00 1.025928e-01 -1.415815e-06
5.892114e+00 1.448116e-01 7.268161e-07
5.892114e+00 2.023460e-01 -3.787654e-07
5.892114e+00 2.834245e-01 1.366338e-07
5.892114e+00 3.967448e-01 -1.025618e-06
5.892114e+00 5.552783e-01 -4.147571e-07
5.892114e+00 7.774819e-01 -3.092522e-07
5.892114e+00 1.088445e+00 -4.080806e-07
5.892114e+00 1.523711e+00 -4.179904e-07
5.892114e+00 2.088426e+00 -7.973508e-07
5.892114e+00 2.685505e+00 -6.581623e-07
6.029956e+00 1.570796e-02 -3.306028e-05
6.029956e+00 2.346256e-02 -2.037183e-05
6.029956e+00 3.503514e-02 -3.012757e-05
6.029956e+00 5.263151e-02 -8.259417e-05
6.029956e+00 7.314235e-02 -6.577749e-05
6.029956e+00 1.025928e-01 -1.130061e-05
6.029956e+00 1.448116e-01 -6.262476e-05
6.029956e+00 2.023460e-01 -4.378881e-05
6.029956e+00 2.834245e-01 -6.298896e-05
6.029956e+00 3.967448e-01 -3.509434e-05
6.029956e+00 5.552783e-01 -3.243685e-05
6.029956e+00 7.774819e-01 -3.190171e-05
6.029956e+00 1.088445e+00 -2.865879e-05
6.029956e+00 1.523711e+00 -2.793568e-05
6.029956e+00 2.088426e+00 -3.292269e-05
6.029956e+00 2.685505e+00 -3.445875e-05
6.170555e+00 1.570796e-02 -1.342212e-04
6.170555e+00 2.346256e-02 -1.740277e-04
6.170555e+00 3.503514e-02 -2.886497e-04
6.170555e+00 5.263151e-02 -3.501374e-04
6.170555e+00 7.314235e-02 -4.512642e-04
6.170555e+00 1.025928e-01 -3.753606e-04
6.170555e+00 1.448116e-01 -3.737188e-04
6.170555e+00 2.023460e-01 -3.801392e-04
6.170555e+00 2.834245e-01 -3.932612e-04
6.170555e+00 3.967448e-01 -3.134717e-04
6.170555e+00 5.552783e-01 -2.801175e-04
6.170555e+00 7.774819e-01 -2.409970e-04
6.170555e+00 1.088445e+00 -2.162944e-04
6.170555e+00 1.523711e+00 -2.119605e-04
6.170555e+00 2.088426e+00 -2.362945e-04
6.170555e+00 2.685505e+00 -2.421837e-04
6.313967e+00 1.570796e-02 -3.390479e-04
6.313967e+00 2.346256e-02 -4.859637e-04
6.313967e+00 3.503514e-02 -9.579612e-04
6.313967e+00 5.263151e-02 -1.316579e-03
6.313967e+00 7.314235e-02 -1.644001e-03
6.313967e+00 1.025928e-01 -1.600757e-03
6.313967e+00 1.448116e-01 -1.631748e-03
6.313967e+00 2.023460e-01 -1.5968e-03
6.313967e+00 2.834245e-01 -1.521871e-03
6.313967e+00 3.967448e-01 -1.342981e-03
6.313967e+00 5.552783e-01 -1.171230e-03
6.313967e+00 7.774819e-01 -1.020132e-03
6.313967e+00 1.088445e+00 -8.833821e-04
6.313967e+00 1.523711e+00 -8.669865e-04
6.313967e+00 2.088426e+00 -9.51706e-04
6.313967e+00 2.685505e+00 -9.857721e-04
6.460246e+00 1.570796e-02 -5.303708e-04
6.460246e+00 2.346256e-02 -1.004725e-03
6.460246e+00 3.503514e-02 -1.850872e-03
6.460246e+00 5.263151e-02 -2.974541e-03
6.460246e+00 7.314235e-02 -3.902264e-03
6.460246e+00 1.025928e-01 -3.846644e-03
6.460246e+00 1.448116e-01 -4.177325e-03
6.460246e+00 2.023460e-01 -4.007275e-03
6.460246e+00 2.834245e-01 -3.951007e-03
6.460246e+00 3.967448e-01 -3.438308e-03
6.460246e+00 5.552783e-01 -3.038892e-03
6.460246e+00 7.774819e-01 -2.574328e-03
6.460246e+00 1.088445e+00 -2.267058e-03
6.460246e+00 1.523711e+00 -2.17633e-03
6.460246e+00 2.088426e+00 -2.362139e-03
6.460246e+00 2.685505e+00 -2.423077e-03
6.609451e+00 1.570796e-02 -6.468629e-04
6.609451e+00 2.346256e-02 -1.442359e-03
6.609451e+00 3.503514e-02 -2.809455e-03
6.609451e+00 5.263151e-02 -4.984602e-03
6.609451e+00 7.314235e-02 -7.023885e-03
6.609451e+00 1.025928e-01 -7.398425e-03
6.609451e+00 1.448116e-01 -8.133999e-03
6.609451e+00 2.023460e-01 -7.891961e-03
6.609451e+00 2.834245e-01 -7.757572e-03
6.609451e+00 3.967448e-01 -6.918273e-03
6.609451e+00 5.552783e-01 -6.065116e-03
6.609451e+00 7.774819e-01 -5.179400e-03
6.609451e+00 1.088445e+00 -4.452399e-03
6.609451e+00 1.523711e+00 -4.217336e-03
6.609451e+00 2.088426e+00 -4.522545e-03
6.609451e+00 2.685505e+00 -4.620142e-03
6.76164e+00 1.570796e-02 -6.981931e-04
6.76164e+00 2.346256e-02 -1.732869e-03
6.76164e+00 3.503514e-02 -3.471325e-03
6.76164e+00 5.263151e-02 -6.704366e-03
6.76164e+00 7.314235e-02 -1.015455e-02
6.76164e+00 1.025928e-01 -1.175927e-02
6.76164e+00 1.448116e-01 -1.304504e-02
6.76164e+00 2.023460e-01 -1.299833e-02
6.76164e+00 2.834245e-01 -1.285667e-02
6.76164e+00 3.967448e-01 -1.152508e-02
6.76164e+00 5.552783e-01 -1.010516e-02
6.76164e+00 7.774819e-01 -8.650744e-03
6.76164e+00 1.088445e+00 -7.406650e-03
6.76164e+00 1.523711e+00 -6.924801e-03
6.76164e+00 2.088426e+00 -7.326241e-03
6.76164e+00 2.685505e+00 -7.439061e-03
6.916873e+00 1.570796e-02 -6.908521e-04
6.916873e+00 2.346256e-02 -1.703674e-03
6.916873e+00 3.503514e-02 -3.792813e-03
6.916873e+00 5.263151e-02 -7.999887e-03
6.916873e+00 7.314235e-02 -1.273158e-02
6.916873e+00 1.025928e-01 -1.579133e-02
6.916873e+00 1.448116e-01 -1.778301e-02
6.916873e+00 2.023460e-01 -1.831872e-02
6.916873e+00 2.834245e-01 -1.810283e-02
6.916873e+00 3.967448e-01 -1.667566e-02
6.916873e+00 5.552783e-01 -1.471227e-02
6.916873e+00 7.774819e-01 -1.254698e-02
6.916873e+00 1.088445e+00 -1.071269e-02
6.916873e+00 1.523711e+00 -9.895612e-03
6.916873e+00 2.088426e+00 -1.038743e-02
6.916873e+00 2.685505e+00 -1.041806e-02
7.075210e+00 1.570796e-02 -6.669744e-04
7.075210e+00 2.346256e-02 -1.627494e-03
7.075210e+00 3.503514e-02 -3.79688e-03
7.075210e+00 5.263151e-02 -8.495825e-03
7.075210e+00 7.314235e-02 -1.44154e-02
7.075210e+00 1.025928e-01 -1.874633e-02
7.075210e+00 1.448116e-01 -2.181978e-02
7.075210e+00 2.023460e-01 -2.314067e-02
7.075210e+00 2.834245e-01 -2.325088e-02
7.075210e+00 3.967448e-01 -2.178973e-02
7.075210e+00 5.552783e-01 -1.934961e-02
7.075210e+00 7.774819e-01 -1.660124e-02
7.075210e+00 1.088445e+00 -1.407443e-02
7.075210e+00 1.523711e+00 -1.286395e-02
7.075210e+00 2.088426e+00 -1.334661e-02
7.075210e+00 2.685505e+00 -1.325616e-02
7.236714e+00 1.570796e-02 -6.245002e-04
7.236714e+00 2.346256e-02 -1.504623e-03
7.236714e+00 3.503514e-02 -3.594559e-03
7.236714e+00 5.263151e-02 -8.473954e-03
7.236714e+00 7.314235e-02 -1.50193e-02
7.236714e+00 1.025928e-01 -2.054664e-02
7.236714e+00 1.448116e-01 -2.473243e-02
7.236714e+00 2.023460e-01 -2.712231e-02
7.236714e+00 2.834245e-01 -2.769848e-02
7.236714e+00 3.967448e-01 -2.643456e-02
7.236714e+00 5.552783e-01 -2.371782e-02
7.236714e+00 7.774819e-01 -2.046314e-02
7.236714e+00 1.088445e+00 -1.727517e-02
7.236714e+00 1.523711e+00 -1.565242e-02
7.236714e+00 2.088426e+00 -1.599447e-02
7.236714e+00 2.685505e+00 -1.570513e-02
7.401449e+00 1.570796e-02 -5.724273e-04
7.401449e+00 2.346256e-02 -1.359062e-03
7.401449e+00 3.503514e-02 -3.350512e-03
7.401449e+00 5.263151e-02 -8.083591e-03
7.401449e+00 7.314235e-02 -1.475896e-02
7.401449e+00 1.025928e-01 -2.123711e-02
7.401449e+00 1.448116e-01 -2.645321e-02
7.401449e+00 2.023460e-01 -2.993814e-02
7.401449e+00 2.834245e-01 -3.128236e-02
7.401449e+00 3.967448e-01 -3.035924e-02
7.401449e+00 5.552783e-01 -2.758687e-02
7.401449e+00 7.774819e-01 -2.392754e-02
7.401449e+00 1.088445e+00 -2.019867e-02
7.401449e+00 1.523711e+00 -1.815425e-02
7.401449e+00 2.088426e+00 -1.831655e-02
7.401449e+00 2.685505e+00 -1.778933e-02
7.569477e+00 1.570796e-02 -5.161172e-04
7.569477e+00 2.346256e-02 -1.239857e-03
7.569477e+00 3.503514e-02 -3.091732e-03
7.569477e+00 5.263151e-02 -7.526452e-03
7.569477e+00 7.314235e-02 -1.395939e-02
7.569477e+00 1.025928e-01 -2.098216e-02
7.569477e+00 1.448116e-01 -2.705571e-02
7.569477e+00 2.023460e-01 -3.158858e-02
7.569477e+00 2.834245e-01 -3.383351e-02
7.569477e+00 3.967448e-01 -3.352337e-02
7.569477e+00 5.552783e-01 -3.081000e-02
7.569477e+00 7.774819e-01 -2.689542e-02
7.569477e+00 1.088445e+00 -2.271483e-02
7.569477e+00 1.523711e+00 -2.0344e-02
7.569477e+00 2.088426e+00 -2.029386e-02
7.569477e+00 2.685505e+00 -1.954600e-02
7.740867e+00 1.570796e-02 -4.697055e-04
7.740867e+00 2.346256e-02 -1.138785e-03
7.740867e+00 3.503514e-02 -2.822674e-03
7.740867e+00 5.263151e-02 -6.947534e-03
7.740867e+00 7.314235e-02 -1.296511e-02
7.740867e+00 1.025928e-01 -2.002379e-02
7.740867e+00 1.448116e-01 -2.676343e-02
7.740867e+00 2.023460e-01 -3.225498e-02
7.740867e+00 2.834245e-01 -3.543816e-02
7.740867e+00 3.967448e-01 -3.575800e-02
7.740867e+00 5.552783e-01 -3.339839e-02
7.740867e+00 7.774819e-01 -2.939209e-02
7.740867e+00 1.088445e+00 -2.484762e-02
7.740867e+00 1.523711e+00 -2.217062e-02
7.740867e+00 2.088426e+00 -2.194157e-02
7.740867e+00 2.685505e+00 -2.094768e-02
7.915684e+00 1.570796e-02 -4.282551e-04
7.915684e+00 2.346256e-02 -1.033630e-03
7.915684e+00 3.503514e-02 -2.53551e-03
7.915684e+00 5.263151e-02 -6.340674e-03
7.915684e+00 7.314235e-02 -1.187847e-02
7.915684e+00 1.025928e-01 -1.871738e-02
7.915684e+00 1.448116e-01 -2.580126e-02
7.915684e+00 2.023460e-01 -3.203922e-02
7.915684e+00 2.834245e-01 -3.618148e-02
7.915684e+00 3.967448e-01 -3.719826e-02
7.915684e+00 5.552783e-01 -3.526907e-02
7.915684e+00 7.774819e-01 -3.137555e-02
7.915684e+00 1.088445e+00 -2.663288e-02
7.915684e+00 1.523711e+00 -2.369209e-02
7.915684e+00 2.088426e+00 -2.331013e-02
7.915684e+00 2.685505e+00 -2.196924e-02
8.093998e+00 1.570796e-02 -3.902982e-04
8.093998e+00 2.346256e-02 -9.327953e-04
8.093998e+00 3.503514e-02 -2.275259e-03
8.093998e+00 5.263151e-02 -5.726188e-03
8.093998e+00 7.314235e-02 -1.076023e-02
8.093998e+00 1.025928e-01 -1.727694e-02
8.093998e+00 1.448116e-01 -2.436710e-02
8.093998e+00 2.023460e-01 -3.112250e-02
8.093998e+00 2.834245e-01 -3.610243e-02
8.093998e+00 3.967448e-01 -3.789009e-02
8.093998e+00 5.552783e-01 -3.649419e-02
8.093998e+00 7.774819e-01 -3.279478e-02
8.093998e+00 1.088445e+00 -2.799564e-02
8.093998e+00 1.523711e+00 -2.488076e-02
8.093998e+00 2.088426e+00 -2.435918e-02
8.093998e+00 2.685505e+00 -2.277240e-02
8.275878e+00 1.570796e-02 -3.515865e-04
8.275878e+00 2.346256e-02 -8.393648e-04
8.275878e+00 3.503514e-02 -2.039523e-03
8.275878e+00 5.263151e-02 -5.138117e-03
8.275878e+00 7.314235e-02 -9.660375e-03
8.275878e+00 1.025928e-01 -1.573918e-02
8.275878e+00 1.448116e-01 -2.262369e-02
8.275878e+00 2.023460e-01 -2.964002e-02
8.275878e+00 2.834245e-01 -3.532191e-02
8.275878e+00 3.967448e-01 -3.787052e-02
8.275878e+00 5.552783e-01 -3.710369e-02
8.275878e+00 7.774819e-01 -3.373399e-02
8.275878e+00 1.088445e+00 -2.900101e-02
8.275878e+00 1.523711e+00 -2.578494e-02
8.275878e+00 2.088426e+00 -2.515508e-02
8.275878e+00 2.685505e+00 -2.333830e-02
8.461396e+00 1.570796e-02 -3.135608e-04
8.461396e+00 2.346256e-02 -7.514132e-04
8.461396e+00 3.503514e-02 -1.824779e-03
8.461396e+00 5.263151e-02 -4.595051e-03
8.461396e+00 7.314235e-02 -8.624975e-03
8.461396e+00 1.025928e-01 -1.420135e-02
8.461396e+00 1.448116e-01 -2.072484e-02
8.461396e+00 2.023460e-01 -2.781881e-02
8.461396e+00 2.834245e-01 -3.399111e-02
8.461396e+00 3.967448e-01 -3.723953e-02
8.461396e+00 5.552783e-01 -3.714056e-02
8.461396e+00 7.774819e-01 -3.418445e-02
8.461396e+00 1.088445e+00 -2.962534e-02
8.461396e+00 1.523711e+00 -2.641309e-02
8.461396e+00 2.088426e+00 -2.569357e-02
8.461396e+00 2.685505e+00 -2.372526e-02
8.650623e+00 1.570796e-02 -2.791751e-04
8.650623e+00 2.346256e-02 -6.736232e-04
8.650623e+00 3.503514e-02 -1.631552e-03
8.650623e+00 5.263151e-02 -4.110241e-03
8.650623e+00 7.314235e-02 -7.696511e-03
8.650623e+00 1.025928e-01 -1.272998e-02
8.650623e+00 1.448116e-01 -1.880142e-02
8.650623e+00 2.023460e-01 -2.576512e-02
8.650623e+00 2.834245e-01 -3.225209e-02
8.650623e+00 3.967448e-01 -3.608802e-02
8.650623e+00 5.552783e-01 -3.663081e-02
8.650623e+00 7.774819e-01 -3.415581e-02
8.650623e+00 1.088445e+00 -2.987377e-02
8.650623e+00 1.523711e+00 -2.674079e-02
8.650623e+00 2.088426e+00 -2.597219e-02
8.650623e+00 2.685505e+00 -2.381271e-02
8.843636e+00 1.570796e-02 -2.483948e-04
8.843636e+00 2.346256e-02 -6.021122e-04
8.843636e+00 3.503514e-02 -1.457817e-03
8.843636e+00 5.263151e-02 -3.660968e-03
8.843636e+00 7.314235e-02 -6.854092e-03
8.843636e+00 1.025928e-01 -1.136583e-02
8.843636e+00 1.448116e-01 -1.692800e-02
8.843636e+00 2.023460e-01 -2.361052e-02
8.843636e+00 2.834245e-01 -3.018241e-02
8.843636e+00 3.967448e-01 -3.451801e-02
8.843636e+00 5.552783e-01 -3.564774e-02
8.843636e+00 7.774819e-01 -3.368962e-02
8.843636e+00 1.088445e+00 -2.977106e-02
8.843636e+00 1.523711e+00 -2.680168e-02
8.843636e+00 2.088426e+00 -2.602869e-02
8.843636e+00 2.685505e+00 -2.368036e-02
9.040509e+00 1.570796e-02 -2.206736e-04
9.040509e+00 2.346256e-02 -5.381466e-04
9.040509e+00 3.503514e-02 -1.300961e-03
9.040509e+00 5.263151e-02 -3.252517e-03
9.040509e+00 7.314235e-02 -6.092542e-03
9.040509e+00 1.025928e-01 -1.012354e-02
9.040509e+00 1.448116e-01 -1.514421e-02
9.040509e+00 2.023460e-01 -2.144937e-02
9.040509e+00 2.834245e-01 -2.791977e-02
9.040509e+00 3.967448e-01 -3.260796e-02
9.040509e+00 5.552783e-01 -3.427568e-02
9.040509e+00 7.774819e-01 -3.285257e-02
9.040509e+00 1.088445e+00 -2.937343e-02
9.040509e+00 1.523711e+00 -2.662373e-02
9.040509e+00 2.088426e+00 -2.589108e-02
9.040509e+00 2.685505e+00 -2.344343e-02
9.241319e+00 1.570796e-02 -1.958450e-04
9.241319e+00 2.346256e-02 -4.769193e-04
9.241319e+00 3.503514e-02 -1.155938e-03
9.241319e+00 5.263151e-02 -2.886315e-03
9.241319e+00 7.314235e-02 -5.411250e-03
9.241319e+00 1.025928e-01 -8.985868e-03
9.241319e+00 1.448116e-01 -1.348853e-02
9.241319e+00 2.023460e-01 -1.933130e-02
9.241319e+00 2.834245e-01 -2.557257e-02
9.241319e+00 3.967448e-01 -3.045637e-02
9.241319e+00 5.552783e-01 -3.258960e-02
9.241319e+00 7.774819e-01 -3.170026e-02
9.241319e+00 1.088445e+00 -2.871136e-02
9.241319e+00 1.523711e+00 -2.624817e-02
9.241319e+00 2.088426e+00 -2.558596e-02
9.241319e+00 2.685505e+00 -2.312271e-02
9.446145e+00 1.570796e-02 -1.729317e-04
9.446145e+00 2.346256e-02 -4.224749e-04
9.446145e+00 3.503514e-02 -1.021305e-03
9.446145e+00 5.263151e-02 -2.554693e-03
9.446145e+00 7.314235e-02 -4.793401e-03
9.446145e+00 1.025928e-01 -7.96819e-03
9.446145e+00 1.448116e-01 -1.197275e-02
9.446145e+00 2.023460e-01 -1.732288e-02
9.446145e+00 2.834245e-01 -2.321205e-02
9.446145e+00 3.967448e-01 -2.817293e-02
9.446145e+00 5.552783e-01 -3.068090e-02
9.446145e+00 7.774819e-01 -3.027961e-02
9.446145e+00 1.088445e+00 -2.780469e-02
9.446145e+00 1.523711e+00 -2.565507e-02
9.446145e+00 2.088426e+00 -2.509878e-02
9.446145e+00 2.685505e+00 -2.257837e-02
9.655068e+00 1.570796e-02 -1.518017e-04
9.655068e+00 2.346256e-02 -3.734242e-04
9.655068e+00 3.503514e-02 -9.014422e-04
9.655068e+00 5.263151e-02 -2.255259e-03
9.655068e+00 7.314235e-02 -4.233806e-03
9.655068e+00 1.025928e-01 -7.039529e-03
9.655068e+00 1.448116e-01 -1.058944e-02
9.655068e+00 2.023460e-01 -1.543211e-02
9.655068e+00 2.834245e-01 -2.092108e-02
9.655068e+00 3.967448e-01 -2.580340e-02
9.655068e+00 5.552783e-01 -2.85962e-02
9.655068e+00 7.774819e-01 -2.866582e-02
9.655068e+00 1.088445e+00 -2.668443e-02
9.655068e+00 1.523711e+00 -2.489182e-02
9.655068e+00 2.088426e+00 -2.443559e-02
9.655068e+00 2.685505e+00 -2.182276e-02
9.86817e+00 1.570796e-02 -1.332705e-04
9.86817e+00 2.346256e-02 -3.293511e-04
9.86817e+00 3.503514e-02 -7.937231e-04
9.86817e+00 5.263151e-02 -1.982484e-03
9.86817e+00 7.314235e-02 -3.721135e-03
9.86817e+00 1.025928e-01 -6.197753e-03
9.86817e+00 1.448116e-01 -9.332357e-03
9.86817e+00 2.023460e-01 -1.366988e-02
9.86817e+00 2.834245e-01 -1.872834e-02
9.86817e+00 3.967448e-01 -2.344039e-02
9.86817e+00 5.552783e-01 -2.641941e-02
9.86817e+00 7.774819e-01 -2.688893e-02
9.86817e+00 1.088445e+00 -2.539513e-02
9.86817e+00 1.523711e+00 -2.397368e-02
9.86817e+00 2.088426e+00 -2.365106e-02
9.86817e+00 2.685505e+00 -2.104891e-02
1.008553e+01 1.570796e-02 -1.169775e-04
1.008553e+01 2.346256e-02 -2.887938e-04
1.008553e+01 3.503514e-02 -6.967731e-04
1.008553e+01 5.263151e-02 -1.737460e-03
1.008553e+01 7.314235e-02 -3.260704e-03
1.008553e+01 1.025928e-01 -5.433447e-03
1.008553e+01 1.448116e-01 -8.197369e-03
1.008553e+01 2.023460e-01 -1.205792e-02
1.008553e+01 2.834245e-01 -1.666791e-02
1.008553e+01 3.967448e-01 -2.112228e-02
1.008553e+01 5.552783e-01 -2.418931e-02
1.008553e+01 7.774819e-01 -2.501964e-02
1.008553e+01 1.088445e+00 -2.39788e-02
1.008553e+01 1.523711e+00 -2.293973e-02
1.008553e+01 2.088426e+00 -2.273626e-02
1.008553e+01 2.685505e+00 -2.017436e-02
1.030724e+01 1.570796e-02 -1.024751e-04
1.030724e+01 2.346256e-02 -2.509486e-04
1.030724e+01 3.503514e-02 -6.082865e-04
1.030724e+01 5.263151e-02 -1.519812e-03
1.030724e+01 7.314235e-02 -2.850944e-03
1.030724e+01 1.025928e-01 -4.752020e-03
1.030724e+01 1.448116e-01 -7.179549e-03
1.030724e+01 2.023460e-01 -1.058496e-02
1.030724e+01 2.834245e-01 -1.474832e-02
1.030724e+01 3.967448e-01 -1.890163e-02
1.030724e+01 5.552783e-01 -2.197022e-02
1.030724e+01 7.774819e-01 -2.308817e-02
1.030724e+01 1.088445e+00 -2.247280e-02
1.030724e+01 1.523711e+00 -2.180546e-02
1.030724e+01 2.088426e+00 -2.175597e-02
1.030724e+01 2.685505e+00 -1.923297e-02
1.053339e+01 1.570796e-02 -9.00136e-05
1.053339e+01 2.346256e-02 -2.171296e-04
1.053339e+01 3.503514e-02 -5.286965e-04
1.053339e+01 5.263151e-02 -1.326664e-03
1.053339e+01 7.314235e-02 -2.485855e-03
1.053339e+01 1.025928e-01 -4.144159e-03
1.053339e+01 1.448116e-01 -6.267079e-03
1.053339e+01 2.023460e-01 -9.256338e-03
1.053339e+01 2.834245e-01 -1.297819e-02
1.053339e+01 3.967448e-01 -1.67973e-02
1.053339e+01 5.552783e-01 -1.980304e-02
1.053339e+01 7.774819e-01 -2.114901e-02
1.053339e+01 1.088445e+00 -2.091085e-02
1.053339e+01 1.523711e+00 -2.059852e-02
1.053339e+01 2.088426e+00 -2.068237e-02
1.053339e+01 2.685505e+00 -1.824563e-02
1.076406e+01 1.570796e-02 -7.830173e-05
1.076406e+01 2.346256e-02 -1.873331e-04
1.076406e+01 3.503514e-02 -4.597098e-04
1.076406e+01 5.263151e-02 -1.152814e-03
1.076406e+01 7.314235e-02 -2.158119e-03
1.076406e+01 1.025928e-01 -3.598126e-03
1.076406e+01 1.448116e-01 -5.447028e-03
1.076406e+01 2.023460e-01 -8.061823e-03
1.076406e+01 2.834245e-01 -1.135321e-02
1.076406e+01 3.967448e-01 -1.482983e-02
1.076406e+01 5.552783e-01 -1.770633e-02
1.076406e+01 7.774819e-01 -1.92172e-02
1.076406e+01 1.088445e+00 -1.931146e-02
1.076406e+01 1.523711e+00 -1.928927e-02
1.076406e+01 2.088426e+00 -1.950161e-02
1.076406e+01 2.685505e+00 -1.712465e-02
1.099934e+01 1.570796e-02 -6.761247e-05
1.099934e+01 2.346256e-02 -1.615021e-04
1.099934e+01 3.503514e-02 -3.978056e-04
1.099934e+01 5.263151e-02 -9.96183e-04
1.099934e+01 7.314235e-02 -1.867144e-03
1.099934e+01 1.025928e-01 -3.110509e-03
1.099934e+01 1.448116e-01 -4.713103e-03
1.099934e+01 2.023460e-01 -6.989913e-03
1.099934e+01 2.834245e-01 -9.876696e-03
1.099934e+01 3.967448e-01 -1.299904e-02
1.099934e+01 5.552783e-01 -1.571203e-02
1.099934e+01 7.774819e-01 -1.732145e-02
1.099934e+01 1.088445e+00 -1.767766e-02
1.099934e+01 1.523711e+00 -1.790988e-02
1.099934e+01 2.088426e+00 -1.824195e-02
1.099934e+01 2.685505e+00 -1.597518e-02
1.123932e+01 1.570796e-02 -5.784601e-05
1.123932e+01 2.346256e-02 -1.387290e-04
1.123932e+01 3.503514e-02 -3.430590e-04
1.123932e+01 5.263151e-02 -8.595253e-04
1.123932e+01 7.314235e-02 -1.608537e-03
1.123932e+01 1.025928e-01 -2.678607e-03
1.123932e+01 1.448116e-01 -4.064224e-03
1.123932e+01 2.023460e-01 -6.032160e-03
1.123932e+01 2.834245e-01 -8.548127e-03
1.123932e+01 3.967448e-01 -1.133072e-02
1.123932e+01 5.552783e-01 -1.38426e-02
1.123932e+01 7.774819e-01 -1.549347e-02
1.123932e+01 1.088445e+00 -1.607350e-02
1.123932e+01 1.523711e+00 -1.654222e-02
1.123932e+01 2.088426e+00 -1.694699e-02
1.123932e+01 2.685505e+00 -1.480901e-02
1.148411e+01 1.570796e-02 -4.94634e-05
1.148411e+01 2.346256e-02 -1.183080e-04
1.148411e+01 3.503514e-02 -2.936887e-04
1.148411e+01 5.263151e-02 -7.374306e-04
1.148411e+01 7.314235e-02 -1.378908e-03
1.148411e+01 1.025928e-01 -2.297401e-03
1.148411e+01 1.448116e-01 -3.48802e-03
1.148411e+01 2.023460e-01 -5.184405e-03
1.148411e+01 2.834245e-01 -7.367103e-03
1.148411e+01 3.967448e-01 -9.823023e-03
1.148411e+01 5.552783e-01 -1.211249e-02
1.148411e+01 7.774819e-01 -1.376007e-02
1.148411e+01 1.088445e+00 -1.451304e-02
1.148411e+01 1.523711e+00 -1.516599e-02
1.148411e+01 2.088426e+00 -1.566557e-02
1.148411e+01 2.685505e+00 -1.367945e-02
1.173379e+01 1.570796e-02 -4.222652e-05
1.173379e+01 2.346256e-02 -1.006461e-04
1.173379e+01 3.503514e-02 -2.503637e-04
1.173379e+01 5.263151e-02 -6.293764e-04
1.173379e+01 7.314235e-02 -1.177053e-03
1.173379e+01 1.025928e-01 -1.961305e-03
1.173379e+01 1.448116e-01 -2.979508e-03
1.173379e+01 2.023460e-01 -4.435505e-03
1.173379e+01 2.834245e-01 -6.314647e-03
1.173379e+01 3.967448e-01 -8.461516e-03
1.173379e+01 5.552783e-01 -1.053114e-02
1.173379e+01 7.774819e-01 -1.213334e-02
1.173379e+01 1.088445e+00 -1.301255e-02
1.173379e+01 1.523711e+00 -1.381801e-02
1.173379e+01 2.088426e+00 -1.440203e-02
1.173379e+01 2.685505e+00 -1.257429e-02
1.198847e+01 1.570796e-02 -3.580724e-05
1.198847e+01 2.346256e-02 -8.494053e-05
1.198847e+01 3.503514e-02 -2.121932e-04
1.198847e+01 5.263151e-02 -5.353709e-04
1.198847e+01 7.314235e-02 -9.992957e-04
1.198847e+01 1.025928e-01 -1.667012e-03
1.198847e+01 1.448116e-01 -2.534207e-03
1.198847e+01 2.023460e-01 -3.774446e-03
1.198847e+01 2.834245e-01 -5.384135e-03
1.198847e+01 3.967448e-01 -7.243757e-03
1.198847e+01 5.552783e-01 -9.091165e-03
1.198847e+01 7.774819e-01 -1.062678e-02
1.198847e+01 1.088445e+00 -1.158734e-02
1.198847e+01 1.523711e+00 -1.250781e-02
1.198847e+01 2.088426e+00 -1.313885e-02
1.198847e+01 2.685505e+00 -1.149332e-02
1.224824e+01 1.570796e-02 -3.008201e-05
1.224824e+01 2.346256e-02 -7.111007e-05
1.224824e+01 3.503514e-02 -1.790804e-04
1.224824e+01 5.263151e-02 -4.529130e-04
1.224824e+01 7.314235e-02 -8.452062e-04
1.224824e+01 1.025928e-01 -1.409331e-03
1.224824e+01 1.448116e-01 -2.144354e-03
1.224824e+01 2.023460e-01 -3.194503e-03
1.224824e+01 2.834245e-01 -4.567297e-03
1.224824e+01 3.967448e-01 -6.165632e-03
1.224824e+01 5.552783e-01 -7.793485e-03
1.224824e+01 7.774819e-01 -9.245055e-03
1.224824e+01 1.088445e+00 -1.024444e-02
1.224824e+01 1.523711e+00 -1.123520e-02
1.224824e+01 2.088426e+00 -1.192614e-02
1.224824e+01 2.685505e+00 -1.045443e-02
1.251320e+01 1.570796e-02 -2.524000e-05
1.251320e+01 2.346256e-02 -5.978972e-05
1.251320e+01 3.503514e-02 -1.503829e-04
1.251320e+01 5.263151e-02 -3.812223e-04
1.251320e+01 7.314235e-02 -7.111789e-04
1.251320e+01 1.025928e-01 -1.185745e-03
1.251320e+01 1.448116e-01 -1.806900e-03
1.251320e+01 2.023460e-01 -2.691915e-03
1.251320e+01 2.834245e-01 -3.854431e-03
1.251320e+01 3.967448e-01 -5.215455e-03
1.251320e+01 5.552783e-01 -6.641988e-03
1.251320e+01 7.774819e-01 -7.987537e-03
1.251320e+01 1.088445e+00 -8.997637e-03
1.251320e+01 1.523711e+00 -1.002383e-02
1.251320e+01 2.088426e+00 -1.075235e-02
1.251320e+01 2.685505e+00 -9.483493e-03
1.278347e+01 1.570796e-02 -2.112172e-05
1.278347e+01 2.346256e-02 -4.993565e-05
1.278347e+01 3.503514e-02 -1.258051e-04
1.278347e+01 5.263151e-02 -3.187446e-04
1.278347e+01 7.314235e-02 -5.957103e-04
1.278347e+01 1.025928e-01 -9.917315e-04
1.278347e+01 1.448116e-01 -1.51221e-03
1.278347e+01 2.023460e-01 -2.256264e-03
1.278347e+01 2.834245e-01 -3.234716e-03
1.278347e+01 3.967448e-01 -4.389634e-03
1.278347e+01 5.552783e-01 -5.627572e-03
1.278347e+01 7.774819e-01 -6.859102e-03
1.278347e+01 1.088445e+00 -7.85594e-03
1.278347e+01 1.523711e+00 -8.890465e-03
1.278347e+01 2.088426e+00 -9.642175e-03
1.278347e+01 2.685505e+00 -8.553293e-03
1.305914e+01 1.570796e-02 -1.750680e-05
1.305914e+01 2.346256e-02 -4.16799e-05
1.305914e+01 3.503514e-02 -1.042622e-04
1.305914e+01 5.263151e-02 -2.654141e-04
1.305914e+01 7.314235e-02 -4.954997e-04
1.305914e+01 1.025928e-01 -8.254801e-04
1.305914e+01 1.448116e-01 -1.259623e-03
1.305914e+01 2.023460e-01 -1.880176e-03
1.305914e+01 2.834245e-01 -2.700354e-03
1.305914e+01 3.967448e-01 -3.674494e-03
1.305914e+01 5.552783e-01 -4.740679e-03
1.305914e+01 7.774819e-01 -5.848464e-03
1.305914e+01 1.088445e+00 -6.818776e-03
1.305914e+01 1.523711e+00 -7.835450e-03
1.305914e+01 2.088426e+00 -8.600674e-03
1.305914e+01 2.685505e+00 -7.676252e-03
1.334032e+01 1.570796e-02 -1.453033e-05
1.334032e+01 2.346256e-02 -3.462064e-05
1.334032e+01 3.503514e-02 -8.616330e-05
1.334032e+01 5.263151e-02 -2.201117e-04
1.334032e+01 7.314235e-02 -4.099499e-04
1.334032e+01 1.025928e-01 -6.835965e-04
1.334032e+01 1.448116e-01 -1.045849e-03
1.334032e+01 2.023460e-01 -1.558099e-03
1.334032e+01 2.834245e-01 -2.242240e-03
1.334032e+01 3.967448e-01 -3.058330e-03
1.334032e+01 5.552783e-01 -3.970724e-03
1.334032e+01 7.774819e-01 -4.957190e-03
1.334032e+01 1.088445e+00 -5.876434e-03
1.334032e+01 1.523711e+00 -6.864046e-03
1.334032e+01 2.088426e+00 -7.615878e-03
1.334032e+01 2.685505e+00 -6.841764e-03
1.362713e+01 1.570796e-02 -1.209005e-05
1.362713e+01 2.346256e-02 -2.839362e-05
1.362713e+01 3.503514e-02 -7.08285e-05
1.362713e+01 5.263151e-02 -1.816436e-04
1.362713e+01 7.314235e-02 -3.376956e-04
1.362713e+01 1.025928e-01 -5.638049e-04
1.362713e+01 1.448116e-01 -8.624557e-04
1.362713e+01 2.023460e-01 -1.283919e-03
1.362713e+01 2.834245e-01 -1.850385e-03
1.362713e+01 3.967448e-01 -2.531774e-03
1.362713e+01 5.552783e-01 -3.307501e-03
1.362713e+01 7.774819e-01 -4.179301e-03
1.362713e+01 1.088445e+00 -5.031454e-03
1.362713e+01 1.523711e+00 -5.971400e-03
1.362713e+01 2.088426e+00 -6.688594e-03
1.362713e+01 2.685505e+00 -6.048671e-03
1.391967e+01 1.570796e-02 -9.928984e-06
1.391967e+01 2.346256e-02 -2.340751e-05
1.391967e+01 3.503514e-02 -5.791677e-05
1.391967e+01 5.263151e-02 -1.492382e-04
1.391967e+01 7.314235e-02 -2.761471e-04
1.391967e+01 1.025928e-01 -4.621457e-04
1.391967e+01 1.448116e-01 -7.057712e-04
1.391967e+01 2.023460e-01 -1.052669e-03
1.391967e+01 2.834245e-01 -1.518466e-03
1.391967e+01 3.967448e-01 -2.08477e-03
1.391967e+01 5.552783e-01 -2.737645e-03
1.391967e+01 7.774819e-01 -3.500395e-03
1.391967e+01 1.088445e+00 -4.28283e-03
1.391967e+01 1.523711e+00 -5.167997e-03
1.391967e+01 2.088426e+00 -5.861704e-03
1.391967e+01 2.685505e+00 -5.327158e-03
1.421806e+01 1.570796e-02 -8.062708e-06
1.421806e+01 2.346256e-02 -1.893468e-05
1.421806e+01 3.503514e-02 -4.723762e-05
1.421806e+01 5.263151e-02 -1.211896e-04
1.421806e+01 7.314235e-02 -2.251029e-04
1.421806e+01 1.025928e-01 -3.770756e-04
1.421806e+01 1.448116e-01 -5.758857e-04
1.421806e+01 2.023460e-01 -8.606049e-04
1.421806e+01 2.834245e-01 -1.241542e-03
1.421806e+01 3.967448e-01 -1.70865e-03
1.421806e+01 5.552783e-01 -2.256407e-03
1.421806e+01 7.774819e-01 -2.917443e-03
1.421806e+01 1.088445e+00 -3.630138e-03
1.421806e+01 1.523711e+00 -4.449394e-03
1.421806e+01 2.088426e+00 -5.111093e-03
1.421806e+01 2.685505e+00 -4.681417e-03
1.452242e+01 1.570796e-02 -6.532613e-06
1.452242e+01 2.346256e-02 -1.524466e-05
1.452242e+01 3.503514e-02 -3.819301e-05
1.452242e+01 5.263151e-02 -9.813002e-05
1.452242e+01 7.314235e-02 -1.822380e-04
1.452242e+01 1.025928e-01 -3.049441e-04
1.452242e+01 1.448116e-01 -4.667041e-04
1.452242e+01 2.023460e-01 -6.981130e-04
1.452242e+01 2.834245e-01 -1.008527e-03
1.452242e+01 3.967448e-01 -1.390365e-03
1.452242e+01 5.552783e-01 -1.848409e-03
1.452242e+01 7.774819e-01 -2.416391e-03
1.452242e+01 1.088445e+00 -3.055944e-03
1.452242e+01 1.523711e+00 -3.797099e-03
1.452242e+01 2.088426e+00 -4.418355e-03
1.452242e+01 2.685505e+00 -4.086816e-03
1.483287e+01 1.570796e-02 -5.329554e-06
1.483287e+01 2.346256e-02 -1.230790e-05
1.483287e+01 3.503514e-02 -3.073152e-05
1.483287e+01 5.263151e-02 -7.905694e-05
1.483287e+01 7.314235e-02 -1.471534e-04
1.483287e+01 1.025928e-01 -2.461595e-04
1.483287e+01 1.448116e-01 -3.761523e-04
1.483287e+01 2.023460e-01 -5.631827e-04
1.483287e+01 2.834245e-01 -8.148723e-04
1.483287e+01 3.967448e-01 -1.125674e-03
1.483287e+01 5.552783e-01 -1.504883e-03
1.483287e+01 7.774819e-01 -1.986468e-03
1.483287e+01 1.088445e+00 -2.550313e-03
1.483287e+01 1.523711e+00 -3.219736e-03
1.483287e+01 2.088426e+00 -3.78166e-03
1.483287e+01 2.685505e+00 -3.522646e-03
1.514953e+01 1.570796e-02 -4.304413e-06
1.514953e+01 2.346256e-02 -9.7967e-06
1.514953e+01 3.503514e-02 -2.447546e-05
1.514953e+01 5.263151e-02 -6.331406e-05
1.514953e+01 7.314235e-02 -1.176387e-04
1.514953e+01 1.025928e-01 -1.970062e-04
1.514953e+01 1.448116e-01 -3.01515e-04
1.514953e+01 2.023460e-01 -4.517218e-04
1.514953e+01 2.834245e-01 -6.532868e-04
1.514953e+01 3.967448e-01 -9.045717e-04
1.514953e+01 5.552783e-01 -1.218397e-03
1.514953e+01 7.774819e-01 -1.623503e-03
1.514953e+01 1.088445e+00 -2.111907e-03
1.514953e+01 1.523711e+00 -2.707241e-03
1.514953e+01 2.088426e+00 -3.217212e-03
1.514953e+01 2.685505e+00 -3.016417e-03
1.547252e+01 1.570796e-02 -3.439431e-06
1.547252e+01 2.346256e-02 -7.774576e-06
1.547252e+01 3.503514e-02 -1.94401e-05
1.547252e+01 5.263151e-02 -5.024178e-05
1.547252e+01 7.314235e-02 -9.365793e-05
1.547252e+01 1.025928e-01 -1.569319e-04
1.547252e+01 1.448116e-01 -2.406653e-04
1.547252e+01 2.023460e-01 -3.604199e-04
1.547252e+01 2.834245e-01 -5.225375e-04
1.547252e+01 3.967448e-01 -7.244004e-04
1.547252e+01 5.552783e-01 -9.807713e-04
1.547252e+01 7.774819e-01 -1.321e-03
1.547252e+01 1.088445e+00 -1.743220e-03
1.547252e+01 1.523711e+00 -2.265302e-03
1.547252e+01 2.088426e+00 -2.720857e-03
1.547252e+01 2.685505e+00 -2.561627e-03
1.580197e+01 1.570796e-02 -2.721026e-06
1.580197e+01 2.346256e-02 -6.068342e-06
1.580197e+01 3.503514e-02 -1.524643e-05
1.580197e+01 5.263151e-02 -3.981461e-05
1.580197e+01 7.314235e-02 -7.427811e-05
1.580197e+01 1.025928e-01 -1.244390e-04
1.580197e+01 1.448116e-01 -1.903662e-04
1.580197e+01 2.023460e-01 -2.854274e-04
1.580197e+01 2.834245e-01 -4.148402e-04
1.580197e+01 3.967448e-01 -5.76733e-04
1.580197e+01 5.552783e-01 -7.852655e-04
1.580197e+01 7.774819e-01 -1.068017e-03
1.580197e+01 1.088445e+00 -1.428319e-03
1.580197e+01 1.523711e+00 -1.881403e-03
1.580197e+01 2.088426e+00 -2.285730e-03
1.580197e+01 2.685505e+00 -2.170548e-03
1.613801e+01 1.570796e-02 -2.132427e-06
1.613801e+01 2.346256e-02 -4.799570e-06
1.613801e+01 3.503514e-02 -1.199241e-05
1.613801e+01 5.263151e-02 -3.146805e-05
1.613801e+01 7.314235e-02 -5.873582e-05
1.613801e+01 1.025928e-01 -9.772977e-05
1.613801e+01 1.448116e-01 -1.507623e-04
1.613801e+01 2.023460e-01 -2.256542e-04
1.613801e+01 2.834245e-01 -3.277319e-04
1.613801e+01 3.967448e-01 -4.569352e-04
1.613801e+01 5.552783e-01 -6.264839e-04
1.613801e+01 7.774819e-01 -8.603229e-04
1.613801e+01 1.088445e+00 -1.162484e-03
1.613801e+01 1.523711e+00 -1.550539e-03
1.613801e+01 2.088426e+00 -1.903846e-03
1.613801e+01 2.685505e+00 -1.818783e-03
1.648077e+01 1.570796e-02 -1.692142e-06
1.648077e+01 2.346256e-02 -3.733722e-06
1.648077e+01 3.503514e-02 -9.399156e-06
1.648077e+01 5.263151e-02 -2.4507e-05
1.648077e+01 7.314235e-02 -4.563409e-05
1.648077e+01 1.025928e-01 -7.623724e-05
1.648077e+01 1.448116e-01 -1.179227e-04
1.648077e+01 2.023460e-01 -1.765518e-04
1.648077e+01 2.834245e-01 -2.563960e-04
1.648077e+01 3.967448e-01 -3.58488e-04
1.648077e+01 5.552783e-01 -4.949894e-04
1.648077e+01 7.774819e-01 -6.855621e-04
1.648077e+01 1.088445e+00 -9.355873e-04
1.648077e+01 1.523711e+00 -1.263395e-03
1.648077e+01 2.088426e+00 -1.564974e-03
1.648077e+01 2.685505e+00 -1.490192e-03
1.683038e+01 1.570796e-02 -1.324574e-06
1.683038e+01 2.346256e-02 -2.832177e-06
1.683038e+01 3.503514e-02 -7.166691e-06
1.683038e+01 5.263151e-02 -1.901681e-05
1.683038e+01 7.314235e-02 -3.525329e-05
1.683038e+01 1.025928e-01 -5.912163e-05
1.683038e+01 1.448116e-01 -9.124561e-05
1.683038e+01 2.023460e-01 -1.363341e-04
1.683038e+01 2.834245e-01 -1.985852e-04
1.683038e+01 3.967448e-01 -2.781673e-04
1.683038e+01 5.552783e-01 -3.872029e-04
1.683038e+01 7.774819e-01 -5.416036e-04
1.683038e+01 1.088445e+00 -7.450122e-04
1.683038e+01 1.523711e+00 -1.017683e-03
1.683038e+01 2.088426e+00 -1.270781e-03
1.683038e+01 2.685505e+00 -1.220049e-03
1.718699e+01 1.570796e-02 -1.025657e-06
1.718699e+01 2.346256e-02 -2.144948e-06
1.718699e+01 3.503514e-02 -5.552845e-06
1.718699e+01 5.263151e-02 -1.461485e-05
1.718699e+01 7.314235e-02 -2.717647e-05
1.718699e+01 1.025928e-01 -4.538665e-05
1.718699e+01 1.448116e-01 -7.000187e-05
1.718699e+01 2.023460e-01 -1.051706e-04
1.718699e+01 2.834245e-01 -1.533888e-04
1.718699e+01 3.967448e-01 -2.154451e-04
1.718699e+01 5.552783e-01 -3.014305e-04
1.718699e+01 7.774819e-01 -4.264907e-04
1.718699e+01 1.088445e+00 -5.903940e-04
1.718699e+01 1.523711e+00 -8.129863e-04
1.718699e+01 2.088426e+00 -1.021755e-03
1.718699e+01 2.685505e+00 -9.779263e-04
1.755073e+01 1.570796e-02 -8.036986e-07
1.755073e+01 2.346256e-02 -1.624881e-06
1.755073e+01 3.503514e-02 -4.280361e-06
1.755073e+01 5.263151e-02 -1.128835e-05
1.755073e+01 7.314235e-02 -2.069374e-05
1.755073e+01 1.025928e-01 -3.465489e-05
1.755073e+01 1.448116e-01 -5.315156e-05
1.755073e+01 2.023460e-01 -8.045463e-05
1.755073e+01 2.834245e-01 -1.172796e-04
1.755073e+01 3.967448e-01 -1.645905e-04
1.755073e+01 5.552783e-01 -2.328436e-04
1.755073e+01 7.774819e-01 -3.32453e-04
1.755073e+01 1.088445e+00 -4.628920e-04
1.755073e+01 1.523711e+00 -6.43652e-04
1.755073e+01 2.088426e+00 -8.119293e-04
1.755073e+01 2.685505e+00 -7.780882e-04
1.792175e+01 1.570796e-02 -6.086548e-07
1.792175e+01 2.346256e-02 -1.198793e-06
1.792175e+01 3.503514e-02 -3.228429e-06
1.792175e+01 5.263151e-02 -8.536435e-06
1.792175e+01 7.314235e-02 -1.560724e-05
1.792175e+01 1.025928e-01 -2.607174e-05
1.792175e+01 1.448116e-01 -4.010221e-05
1.792175e+01 2.023460e-01 -6.085234e-05
1.792175e+01 2.834245e-01 -8.859338e-05
1.792175e+01 3.967448e-01 -1.245881e-04
1.792175e+01 5.552783e-01 -1.774123e-04
1.792175e+01 7.774819e-01 -2.552726e-04
1.792175e+01 1.088445e+00 -3.58282e-04
1.792175e+01 1.523711e+00 -5.003268e-04
1.792175e+01 2.088426e+00 -6.349512e-04
1.792175e+01 2.685505e+00 -6.072456e-04
1.830018e+01 1.570796e-02 -4.521514e-07
1.830018e+01 2.346256e-02 -8.907873e-07
1.830018e+01 3.503514e-02 -2.382743e-06
1.830018e+01 5.263151e-02 -6.340792e-06
1.830018e+01 7.314235e-02 -1.151547e-05
1.830018e+01 1.025928e-01 -1.925596e-05
1.830018e+01 1.448116e-01 -2.976937e-05
1.830018e+01 2.023460e-01 -4.504792e-05
1.830018e+01 2.834245e-01 -6.55355e-05
1.830018e+01 3.967448e-01 -9.271477e-05
1.830018e+01 5.552783e-01 -1.331669e-04
1.830018e+01 7.774819e-01 -1.926766e-04
1.830018e+01 1.088445e+00 -2.712175e-04
1.830018e+01 1.523711e+00 -3.816378e-04
1.830018e+01 2.088426e+00 -4.852405e-04
1.830018e+01 2.685505e+00 -4.619122e-04
1.868618e+01 1.570796e-02 -3.331225e-07
1.868618e+01 2.346256e-02 -6.295308e-07
1.868618e+01 3.503514e-02 -1.681904e-06
1.868618e+01 5.263151e-02 -4.601791e-06
1.868618e+01 7.314235e-02 -8.417300e-06
1.868618e+01 1.025928e-01 -1.387509e-05
1.868618e+01 1.448116e-01 -2.174445e-05
1.868618e+01 2.023460e-01 -3.275907e-05
1.868618e+01 2.834245e-01 -4.784109e-05
1.868618e+01 3.967448e-01 -6.780917e-05
1.868618e+01 5.552783e-01 -9.773912e-05
1.868618e+01 7.774819e-01 -1.426402e-04
1.868618e+01 1.088445e+00 -2.01685e-04
1.868618e+01 1.523711e+00 -2.855882e-04
1.868618e+01 2.088426e+00 -3.651686e-04
1.868618e+01 2.685505e+00 -3.480669e-04
1.907991e+01 1.570796e-02 -2.475773e-07
1.907991e+01 2.346256e-02 -4.684152e-07
1.907991e+01 3.503514e-02 -1.227119e-06
1.907991e+01 5.263151e-02 -3.316330e-06
1.907991e+01 7.314235e-02 -6.062396e-06
1.907991e+01 1.025928e-01 -9.937907e-06
1.907991e+01 1.448116e-01 -1.561261e-05
1.907991e+01 2.023460e-01 -2.368207e-05
1.907991e+01 2.834245e-01 -3.460486e-05
1.907991e+01 3.967448e-01 -4.908181e-05
1.907991e+01 5.552783e-01 -7.126019e-05
1.907991e+01 7.774819e-01 -1.045401e-04
1.907991e+01 1.088445e+00 -1.477657e-04
1.907991e+01 1.523711e+00 -2.108645e-04
1.907991e+01 2.088426e+00 -2.701801e-04
1.907991e+01 2.685505e+00 -2.574933e-04
1.948151e+01 1.570796e-02 -1.75889e-07
1.948151e+01 2.346256e-02 -3.232187e-07
1.948151e+01 3.503514e-02 -8.671377e-07
1.948151e+01 5.263151e-02 -2.327865e-06
1.948151e+01 7.314235e-02 -4.287791e-06
1.948151e+01 1.025928e-01 -7.016058e-06
1.948151e+01 1.448116e-01 -1.103568e-05
1.948151e+01 2.023460e-01 -1.673582e-05
1.948151e+01 2.834245e-01 -2.454034e-05
1.948151e+01 3.967448e-01 -3.48669e-05
1.948151e+01 5.552783e-01 -5.107207e-05
1.948151e+01 7.774819e-01 -7.525041e-05
1.948151e+01 1.088445e+00 -1.064915e-04
1.948151e+01 1.523711e+00 -1.525778e-04
1.948151e+01 2.088426e+00 -1.963854e-04
1.948151e+01 2.685505e+00 -1.887192e-04
1.989114e+01 1.570796e-02 -1.257772e-07
1.989114e+01 2.346256e-02 -2.123495e-07
1.989114e+01 3.503514e-02 -6.064021e-07
1.989114e+01 5.263151e-02 -1.596562e-06
1.989114e+01 7.314235e-02 -2.961915e-06
1.989114e+01 1.025928e-01 -4.864800e-06
1.989114e+01 1.448116e-01 -7.655071e-06
1.989114e+01 2.023460e-01 -1.161484e-05
1.989114e+01 2.834245e-01 -1.702992e-05
1.989114e+01 3.967448e-01 -2.443714e-05
1.989114e+01 5.552783e-01 -3.602990e-05
1.989114e+01 7.774819e-01 -5.328681e-05
1.989114e+01 1.088445e+00 -7.563607e-05
1.989114e+01 1.523711e+00 -1.088758e-04
1.989114e+01 2.088426e+00 -1.409639e-04
1.989114e+01 2.685505e+00 -1.350547e-04
2.030896e+01 1.570796e-02 -8.925339e-08
2.030896e+01 2.346256e-02 -1.380179e-07
2.030896e+01 3.503514e-02 -4.040116e-07
2.030896e+01 5.263151e-02 -1.081032e-06
2.030896e+01 7.314235e-02 -2.015704e-06
2.030896e+01 1.025928e-01 -3.295019e-06
2.030896e+01 1.448116e-01 -5.245384e-06
2.030896e+01 2.023460e-01 -7.975030e-06
2.030896e+01 2.834245e-01 -1.169829e-05
2.030896e+01 3.967448e-01 -1.694606e-05
2.030896e+01 5.552783e-01 -2.491993e-05
2.030896e+01 7.774819e-01 -3.711077e-05
2.030896e+01 1.088445e+00 -5.296179e-05
2.030896e+01 1.523711e+00 -7.651215e-05
2.030896e+01 2.088426e+00 -9.916354e-05
2.030896e+01 2.685505e+00 -9.514575e-05
2.073514e+01 1.570796e-02 -5.998903e-08
2.073514e+01 2.346256e-02 -8.612260e-08
2.073514e+01 3.503514e-02 -2.716903e-07
2.073514e+01 5.263151e-02 -7.213421e-07
2.073514e+01 7.314235e-02 -1.333498e-06
2.073514e+01 1.025928e-01 -2.193661e-06
2.073514e+01 1.448116e-01 -3.497903e-06
2.073514e+01 2.023460e-01 -5.261184e-06
2.073514e+01 2.834245e-01 -7.820439e-06
2.073514e+01 3.967448e-01 -1.138460e-05
2.073514e+01 5.552783e-01 -1.69148e-05
2.073514e+01 7.774819e-01 -2.513376e-05
2.073514e+01 1.088445e+00 -3.622681e-05
2.073514e+01 1.523711e+00 -5.241517e-05
2.073514e+01 2.088426e+00 -6.846368e-05
2.073514e+01 2.685505e+00 -6.607527e-05
2.116984e+01 1.570796e-02 -4.014046e-08
2.116984e+01 2.346256e-02 -5.648912e-08
2.116984e+01 3.503514e-02 -1.848676e-07
2.116984e+01 5.263151e-02 -4.679224e-07
2.116984e+01 7.314235e-02 -8.763045e-07
2.116984e+01 1.025928e-01 -1.453953e-06
2.116984e+01 1.448116e-01 -2.277007e-06
2.116984e+01 2.023460e-01 -3.449718e-06
2.116984e+01 2.834245e-01 -5.135863e-06
2.116984e+01 3.967448e-01 -7.574573e-06
2.116984e+01 5.552783e-01 -1.122805e-05
2.116984e+01 7.774819e-01 -1.685449e-05
2.116984e+01 1.088445e+00 -2.442635e-05
2.116984e+01 1.523711e+00 -3.552438e-05
2.116984e+01 2.088426e+00 -4.634621e-05
2.116984e+01 2.685505e+00 -4.496483e-05
2.161324e+01 1.570796e-02 -2.607706e-08
2.161324e+01 2.346256e-02 -3.559776e-08
2.161324e+01 3.503514e-02 -1.159652e-07
2.161324e+01 5.263151e-02 -2.904151e-07
2.161324e+01 7.314235e-02 -5.555212e-07
2.161324e+01 1.025928e-01 -9.025259e-07
2.161324e+01 1.448116e-01 -1.453045e-06
2.161324e+01 2.023460e-01 -2.175209e-06
2.161324e+01 2.834245e-01 -3.289719e-06
2.161324e+01 3.967448e-01 -4.867151e-06
2.161324e+01 5.552783e-01 -7.242417e-06
2.161324e+01 7.774819e-01 -1.095452e-05
2.161324e+01 1.088445e+00 -1.597587e-05
2.161324e+01 1.523711e+00 -2.332151e-05
2.161324e+01 2.088426e+00 -3.063677e-05
2.161324e+01 2.685505e+00 -2.946541e-05
2.206550e+01 1.570796e-02 -1.77068e-08
2.206550e+01 2.346256e-02 -2.253718e-08
2.206550e+01 3.503514e-02 -7.669059e-08
2.206550e+01 5.263151e-02 -1.835985e-07
2.206550e+01 7.314235e-02 -3.477505e-07
2.206550e+01 1.025928e-01 -5.613933e-07
2.206550e+01 1.448116e-01 -9.122975e-07
2.206550e+01 2.023460e-01 -1.360025e-06
2.206550e+01 2.834245e-01 -2.079538e-06
2.206550e+01 3.967448e-01 -3.066381e-06
2.206550e+01 5.552783e-01 -4.612377e-06
2.206550e+01 7.774819e-01 -7.024592e-06
2.206550e+01 1.088445e+00 -1.030194e-05
2.206550e+01 1.523711e+00 -1.513358e-05
2.206550e+01 2.088426e+00 -1.977973e-05
2.206550e+01 2.685505e+00 -1.905861e-05
2.252681e+01 1.570796e-02 -1.19194e-08
2.252681e+01 2.346256e-02 -1.309645e-08
2.252681e+01 3.503514e-02 -4.757223e-08
2.252681e+01 5.263151e-02 -1.119652e-07
2.252681e+01 7.314235e-02 -2.126123e-07
2.252681e+01 1.025928e-01 -3.439329e-07
2.252681e+01 1.448116e-01 -5.514677e-07
2.252681e+01 2.023460e-01 -8.275111e-07
2.252681e+01 2.834245e-01 -1.269278e-06
2.252681e+01 3.967448e-01 -1.885010e-06
2.252681e+01 5.552783e-01 -2.85669e-06
2.252681e+01 7.774819e-01 -4.398088e-06
2.252681e+01 1.088445e+00 -6.484898e-06
2.252681e+01 1.523711e+00 -9.645204e-06
2.252681e+01 2.088426e+00 -1.265758e-05
2.252681e+01 2.685505e+00 -1.216268e-05
2.299735e+01 1.570796e-02 3.468313e-10
2.299735e+01 2.346256e-02 8.328496e-10
2.299735e+01 3.503514e-02 1.987273e-09
2.299735e+01 5.263151e-02 4.904699e-09
2.299735e+01 7.314235e-02 9.427778e-09
2.299735e+01 1.025928e-01 1.567493e-08
2.299735e+01 1.448116e-01 2.401086e-08
2.299735e+01 2.023460e-01 3.551779e-08
2.299735e+01 2.834245e-01 5.211711e-08
2.299735e+01 3.967448e-01 7.502510e-08
2.299735e+01 5.552783e-01 1.051103e-07
2.299735e+01 7.774819e-01 1.362449e-07
2.299735e+01 1.088445e+00 1.502845e-07
2.299735e+01 1.523711e+00 1.304305e-07
2.299735e+01 2.088426e+00 8.5769e-08
2.299735e+01 2.685505e+00 4.041502e-08
2.34773e+01 1.570796e-02 3.253561e-10
2.34773e+01 2.346256e-02 7.808609e-10
2.34773e+01 3.503514e-02 1.864825e-09
2.34773e+01 5.263151e-02 4.599918e-09
2.34773e+01 7.314235e-02 8.845331e-09
2.34773e+01 1.025928e-01 1.471060e-08
2.34773e+01 1.448116e-01 2.255279e-08
2.34773e+01 2.023460e-01 3.345149e-08
2.34773e+01 2.834245e-01 4.934150e-08
2.34773e+01 3.967448e-01 7.149737e-08
2.34773e+01 5.552783e-01 1.008352e-07
2.34773e+01 7.774819e-01 1.314298e-07
2.34773e+01 1.088445e+00 1.459744e-07
2.34773e+01 1.523711e+00 1.282425e-07
2.34773e+01 2.088426e+00 8.564525e-08
2.34773e+01 2.685505e+00 4.051192e-08
2.396684e+01 1.570796e-02 3.042381e-10
2.396684e+01 2.346256e-02 7.298336e-10
2.396684e+01 3.503514e-02 1.744389e-09
2.396684e+01 5.263151e-02 4.300915e-09
2.396684e+01 7.314235e-02 8.274063e-09
2.396684e+01 1.025928e-01 1.376642e-08
2.396684e+01 1.448116e-01 2.112696e-08
2.396684e+01 2.023460e-01 3.142027e-08
2.396684e+01 2.834245e-01 4.660023e-08
2.396684e+01 3.967448e-01 6.79831e-08
2.396684e+01 5.552783e-01 9.649527e-08
2.396684e+01 7.774819e-01 1.264245e-07
2.396684e+01 1.088445e+00 1.414224e-07
2.396684e+01 1.523711e+00 1.259291e-07
2.396684e+01 2.088426e+00 8.552623e-08
2.396684e+01 2.685505e+00 4.069601e-08
2.446618e+01 1.570796e-02 2.834972e-10
2.446618e+01 2.346256e-02 6.799502e-10
2.446618e+01 3.503514e-02 1.626270e-09
2.446618e+01 5.263151e-02 4.008039e-09
2.446618e+01 7.314235e-02 7.715879e-09
2.446618e+01 1.025928e-01 1.284255e-08
2.446618e+01 1.448116e-01 1.973178e-08
2.446618e+01 2.023460e-01 2.943508e-08
2.446618e+01 2.834245e-01 4.390745e-08
2.446618e+01 3.967448e-01 6.447505e-08
2.446618e+01 5.552783e-01 9.205745e-08
2.446618e+01 7.774819e-01 1.212381e-07
2.446618e+01 1.088445e+00 1.366685e-07
2.446618e+01 1.523711e+00 1.235234e-07
2.446618e+01 2.088426e+00 8.548633e-08
2.446618e+01 2.685505e+00 4.092959e-08
2.497550e+01 1.570796e-02 2.631798e-10
2.497550e+01 2.346256e-02 6.312954e-10
2.497550e+01 3.503514e-02 1.510805e-09
2.497550e+01 5.263151e-02 3.723297e-09
2.497550e+01 7.314235e-02 7.171170e-09
2.497550e+01 1.025928e-01 1.194205e-08
2.497550e+01 1.448116e-01 1.837101e-08
2.497550e+01 2.023460e-01 2.749485e-08
2.497550e+01 2.834245e-01 4.125581e-08
2.497550e+01 3.967448e-01 6.096981e-08
2.497550e+01 5.552783e-01 8.75526e-08
2.497550e+01 7.774819e-01 1.158833e-07
2.497550e+01 1.088445e+00 1.317154e-07
2.497550e+01 1.523711e+00 1.209538e-07
2.497550e+01 2.088426e+00 8.546015e-08
2.497550e+01 2.685505e+00 4.135447e-08
2.549501e+01 1.570796e-02 2.434419e-10
2.549501e+01 2.346256e-02 5.840728e-10
2.549501e+01 3.503514e-02 1.398186e-09
2.549501e+01 5.263151e-02 3.445422e-09
2.549501e+01 7.314235e-02 6.640455e-09
2.549501e+01 1.025928e-01 1.106611e-08
2.549501e+01 1.448116e-01 1.704447e-08
2.549501e+01 2.023460e-01 2.560084e-08
2.549501e+01 2.834245e-01 3.864298e-08
2.549501e+01 3.967448e-01 5.746404e-08
2.549501e+01 5.552783e-01 8.295963e-08
2.549501e+01 7.774819e-01 1.103708e-07
2.549501e+01 1.088445e+00 1.265699e-07
2.549501e+01 1.523711e+00 1.182253e-07
2.549501e+01 2.088426e+00 8.540017e-08
2.549501e+01 2.685505e+00 4.197786e-08
2.602491e+01 1.570796e-02 2.242354e-10
2.602491e+01 2.346256e-02 5.379443e-10
2.602491e+01 3.503514e-02 1.288600e-09
2.602491e+01 5.263151e-02 3.175092e-09
2.602491e+01 7.314235e-02 6.12378e-09
2.602491e+01 1.025928e-01 1.021242e-08
2.602491e+01 1.448116e-01 1.575277e-08
2.602491e+01 2.023460e-01 2.374892e-08
2.602491e+01 2.834245e-01 3.606305e-08
2.602491e+01 3.967448e-01 5.394502e-08
2.602491e+01 5.552783e-01 7.826124e-08
2.602491e+01 7.774819e-01 1.046568e-07
2.602491e+01 1.088445e+00 1.211756e-07
2.602491e+01 1.523711e+00 1.15261e-07
2.602491e+01 2.088426e+00 8.539948e-08
2.602491e+01 2.685505e+00 4.289265e-08
2.656541e+01 1.570796e-02 2.055373e-10
2.656541e+01 2.346256e-02 4.930466e-10
2.656541e+01 3.503514e-02 1.181960e-09
2.656541e+01 5.263151e-02 2.912168e-09
2.656541e+01 7.314235e-02 5.621479e-09
2.656541e+01 1.025928e-01 9.382499e-09
2.656541e+01 1.448116e-01 1.44931e-08
2.656541e+01 2.023460e-01 2.193549e-08
2.656541e+01 2.834245e-01 3.351169e-08
2.656541e+01 3.967448e-01 5.040238e-08
2.656541e+01 5.552783e-01 7.347436e-08
2.656541e+01 7.774819e-01 9.875356e-08
2.656541e+01 1.088445e+00 1.154815e-07
2.656541e+01 1.523711e+00 1.120555e-07
2.656541e+01 2.088426e+00 8.531056e-08
2.656541e+01 2.685505e+00 4.411186e-08
2.711672e+01 1.570796e-02 1.873387e-10
2.711672e+01 2.346256e-02 4.494338e-10
2.711672e+01 3.503514e-02 1.078224e-09
2.711672e+01 5.263151e-02 2.656617e-09
2.711672e+01 7.314235e-02 5.132395e-09
2.711672e+01 1.025928e-01 8.574887e-09
2.711672e+01 1.448116e-01 1.326425e-08
2.711672e+01 2.023460e-01 2.015659e-08
2.711672e+01 2.834245e-01 3.097799e-08
2.711672e+01 3.967448e-01 4.683211e-08
2.711672e+01 5.552783e-01 6.857619e-08
2.711672e+01 7.774819e-01 9.268566e-08
2.711672e+01 1.088445e+00 1.095348e-07
2.711672e+01 1.523711e+00 1.085147e-07
2.711672e+01 2.088426e+00 8.513054e-08
2.711672e+01 2.685505e+00 4.572629e-08
2.767905e+01 1.570796e-02 1.696984e-10
2.767905e+01 2.346256e-02 4.070471e-10
2.767905e+01 3.503514e-02 9.772357e-10
2.767905e+01 5.263151e-02 2.408532e-09
2.767905e+01 7.314235e-02 4.655905e-09
2.767905e+01 1.025928e-01 7.787503e-09
2.767905e+01 1.448116e-01 1.206553e-08
2.767905e+01 2.023460e-01 1.841010e-08
2.767905e+01 2.834245e-01 2.845898e-08
2.767905e+01 3.967448e-01 4.322946e-08
2.767905e+01 5.552783e-01 6.357077e-08
2.767905e+01 7.774819e-01 8.640893e-08
2.767905e+01 1.088445e+00 1.032631e-07
2.767905e+01 1.523711e+00 1.045419e-07
2.767905e+01 2.088426e+00 8.474424e-08
2.767905e+01 2.685505e+00 4.761255e-08
2.825263e+01 1.570796e-02 1.524834e-10
2.825263e+01 2.346256e-02 3.658343e-10
2.825263e+01 3.503514e-02 8.788612e-10
2.825263e+01 5.263151e-02 2.166625e-09
2.825263e+01 7.314235e-02 4.192855e-09
2.825263e+01 1.025928e-01 7.020445e-09
2.825263e+01 1.448116e-01 1.089487e-08
2.825263e+01 2.023460e-01 1.669318e-08
2.825263e+01 2.834245e-01 2.595107e-08
2.825263e+01 3.967448e-01 3.959331e-08
2.825263e+01 5.552783e-01 5.845331e-08
2.825263e+01 7.774819e-01 7.990747e-08
2.825263e+01 1.088445e+00 9.664204e-08
2.825263e+01 1.523711e+00 1.000777e-07
2.825263e+01 2.088426e+00 8.40492e-08
2.825263e+01 2.685505e+00 4.979985e-08
2.883769e+01 1.570796e-02 1.357836e-10
2.883769e+01 2.346256e-02 3.256719e-10
2.883769e+01 3.503514e-02 7.832924e-10
2.883769e+01 5.263151e-02 1.931615e-09
2.883769e+01 7.314235e-02 3.741599e-09
2.883769e+01 1.025928e-01 6.271981e-09
2.883769e+01 1.448116e-01 9.750532e-09
2.883769e+01 2.023460e-01 1.50034e-08
2.883769e+01 2.834245e-01 2.345184e-08
2.883769e+01 3.967448e-01 3.591998e-08
2.883769e+01 5.552783e-01 5.324340e-08
2.883769e+01 7.774819e-01 7.320317e-08
2.883769e+01 1.088445e+00 8.961974e-08
2.883769e+01 1.523711e+00 9.500311e-08
2.883769e+01 2.088426e+00 8.286583e-08
2.883769e+01 2.685505e+00 5.226028e-08
2.943444e+01 1.570796e-02 1.195514e-10
2.943444e+01 2.346256e-02 2.865687e-10
2.943444e+01 3.503514e-02 6.902322e-10
2.943444e+01 5.263151e-02 1.702911e-09
2.943444e+01 7.314235e-02 3.302972e-09
2.943444e+01 1.025928e-01 5.542013e-09
2.943444e+01 1.448116e-01 8.63087e-09
2.943444e+01 2.023460e-01 1.333602e-08
2.943444e+01 2.834245e-01 2.095794e-08
2.943444e+01 3.967448e-01 3.221618e-08
2.943444e+01 5.552783e-01 4.791577e-08
2.943444e+01 7.774819e-01 6.625886e-08
2.943444e+01 1.088445e+00 8.216480e-08
2.943444e+01 1.523711e+00 8.926957e-08
2.943444e+01 2.088426e+00 8.114168e-08
2.943444e+01 2.685505e+00 5.475233e-08
3.004313e+01 1.570796e-02 1.037919e-10
3.004313e+01 2.346256e-02 2.487402e-10
3.004313e+01 3.503514e-02 5.997144e-10
3.004313e+01 5.263151e-02 1.480322e-09
3.004313e+01 7.314235e-02 2.874173e-09
3.004313e+01 1.025928e-01 4.828788e-09
3.004313e+01 1.448116e-01 7.535559e-09
3.004313e+01 2.023460e-01 1.168955e-08
3.004313e+01 2.834245e-01 1.846494e-08
3.004313e+01 3.967448e-01 2.847941e-08
3.004313e+01 5.552783e-01 4.249232e-08
3.004313e+01 7.774819e-01 5.911478e-08
3.004313e+01 1.088445e+00 7.424571e-08
3.004313e+01 1.523711e+00 8.278881e-08
3.004313e+01 2.088426e+00 7.8561e-08
3.004313e+01 2.685505e+00 5.714838e-08
3.066399e+01 1.570796e-02 8.849032e-11
3.066399e+01 2.346256e-02 2.119018e-10
3.066399e+01 3.503514e-02 5.116746e-10
3.066399e+01 5.263151e-02 1.263857e-09
3.066399e+01 7.314235e-02 2.456672e-09
3.066399e+01 1.025928e-01 4.132954e-09
3.066399e+01 1.448116e-01 6.461827e-09
3.066399e+01 2.023460e-01 1.00633e-08
3.066399e+01 2.834245e-01 1.597382e-08
3.066399e+01 3.967448e-01 2.47039e-08
3.066399e+01 5.552783e-01 3.697571e-08
3.066399e+01 7.774819e-01 5.174597e-08
3.066399e+01 1.088445e+00 6.584123e-08
3.066399e+01 1.523711e+00 7.538718e-08
3.066399e+01 2.088426e+00 7.491772e-08
3.066399e+01 2.685505e+00 5.903951e-08
3.129727e+01 1.570796e-02 7.362997e-11
3.129727e+01 2.346256e-02 1.762651e-10
3.129727e+01 3.503514e-02 4.26132e-10
3.129727e+01 5.263151e-02 1.052902e-09
3.129727e+01 7.314235e-02 2.049636e-09
3.129727e+01 1.025928e-01 3.452387e-09
3.129727e+01 1.448116e-01 5.408848e-09
3.129727e+01 2.023460e-01 8.456691e-09
3.129727e+01 2.834245e-01 1.348446e-08
3.129727e+01 3.967448e-01 2.090293e-08
3.129727e+01 5.552783e-01 3.137869e-08
3.129727e+01 7.774819e-01 4.416279e-08
3.129727e+01 1.088445e+00 5.694254e-08
3.129727e+01 1.523711e+00 6.698794e-08
3.129727e+01 2.088426e+00 6.988454e-08
3.129727e+01 2.685505e+00 5.990840e-08
3.194322e+01 1.570796e-02 5.922826e-11
3.194322e+01 2.346256e-02 1.415353e-10
3.194322e+01 3.503514e-02 3.428511e-10
3.194322e+01 5.263151e-02 8.478199e-10
3.194322e+01 7.314235e-02 1.652679e-09
3.194322e+01 1.025928e-01 2.787539e-09
3.194322e+01 1.448116e-01 4.376008e-09
3.194322e+01 2.023460e-01 6.867409e-09
3.194322e+01 2.834245e-01 1.099921e-08
3.194322e+01 3.967448e-01 1.707758e-08
3.194322e+01 5.552783e-01 2.570843e-08
3.194322e+01 7.774819e-01 3.637893e-08
3.194322e+01 1.088445e+00 4.754319e-08
3.194322e+01 1.523711e+00 5.750462e-08
3.194322e+01 2.088426e+00 6.318004e-08
3.194322e+01 2.685505e+00 5.898422e-08
3.260208e+01 1.570796e-02 4.524513e-11
3.260208e+01 2.346256e-02 1.079981e-10
3.260208e+01 3.503514e-02 2.619781e-10
3.260208e+01 5.263151e-02 6.485922e-10
3.260208e+01 7.314235e-02 1.265876e-09
3.260208e+01 1.025928e-01 2.13786e-09
3.260208e+01 1.448116e-01 3.363787e-09
3.260208e+01 2.023460e-01 5.298111e-09
3.260208e+01 2.834245e-01 8.519252e-09
3.260208e+01 3.967448e-01 1.324498e-08
3.260208e+01 5.552783e-01 1.998812e-08
3.260208e+01 7.774819e-01 2.842312e-08
3.260208e+01 1.088445e+00 3.764043e-08
3.260208e+01 1.523711e+00 4.684090e-08
3.260208e+01 2.088426e+00 5.436452e-08
3.260208e+01 2.685505e+00 5.532959e-08
3.327412e+01 1.570796e-02 3.164639e-11
3.327412e+01 2.346256e-02 7.54422e-11
3.327412e+01 3.503514e-02 1.833949e-10
3.327412e+01 5.263151e-02 4.542037e-10
3.327412e+01 7.314235e-02 8.880324e-10
3.327412e+01 1.025928e-01 1.502430e-09
3.327412e+01 1.448116e-01 2.369099e-09
3.327412e+01 2.023460e-01 3.744849e-09
3.327412e+01 2.834245e-01 6.045089e-09
3.327412e+01 3.967448e-01 9.412111e-09
3.327412e+01 5.552783e-01 1.423897e-08
3.327412e+01 7.774819e-01 2.035040e-08
3.327412e+01 1.088445e+00 2.729138e-08
3.327412e+01 1.523711e+00 3.494839e-08
3.327412e+01 2.088426e+00 4.292123e-08
3.327412e+01 2.685505e+00 4.745757e-08
3.395961e+01 1.570796e-02 1.910001e-11
3.395961e+01 2.346256e-02 4.574987e-11
3.395961e+01 3.503514e-02 1.110437e-10
3.395961e+01 5.263151e-02 2.751526e-10
3.395961e+01 7.314235e-02 5.382598e-10
3.395961e+01 1.025928e-01 9.110413e-10
3.395961e+01 1.448116e-01 1.437353e-09
3.395961e+01 2.023460e-01 2.270299e-09
3.395961e+01 2.834245e-01 3.659197e-09
3.395961e+01 3.967448e-01 5.670281e-09
3.395961e+01 5.552783e-01 8.551416e-09
3.395961e+01 7.774819e-01 1.222385e-08
3.395961e+01 1.088445e+00 1.65403e-08
3.395961e+01 1.523711e+00 2.174082e-08
3.395961e+01 2.088426e+00 2.810793e-08
3.395961e+01 2.685505e+00 3.338589e-08
3.46588e+01 1.570796e-02 6.047817e-12
3.46588e+01 2.346256e-02 1.426730e-11
3.46588e+01 3.503514e-02 3.454899e-11
3.46588e+01 5.263151e-02 8.570612e-11
3.46588e+01 7.314235e-02 1.687075e-10
3.46588e+01 1.025928e-01 2.840171e-10
3.46588e+01 1.448116e-01 4.530566e-10
3.46588e+01 2.023460e-01 7.210986e-10
3.46588e+01 2.834245e-01 1.178241e-09
3.46588e+01 3.967448e-01 1.835361e-09
3.46588e+01 5.552783e-01 2.784172e-09
3.46588e+01 7.774819e-01 4.008936e-09
3.46588e+01 1.088445e+00 5.494380e-09
3.46588e+01 1.523711e+00 7.391026e-09
3.46588e+01 2.088426e+00 1.003995e-08
3.46588e+01 2.685505e+00 1.282104e-08
3.537197e+01 1.570796e-02 0.e+00
3.537197e+01 2.346256e-02 0.e+00
3.537197e+01 3.503514e-02 0.e+00
3.537197e+01 5.263151e-02 0.e+00
3.537197e+01 7.314235e-02 0.e+00
3.537197e+01 1.025928e-01 0.e+00
3.537197e+01 1.448116e-01 0.e+00
3.537197e+01 2.023460e-01 0.e+00
3.537197e+01 2.834245e-01 0.e+00
3.537197e+01 3.967448e-01 0.e+00
3.537197e+01 5.552783e-01 0.e+00
3.537197e+01 7.774819e-01 0.e+00
3.537197e+01 1.088445e+00 0.e+00
3.537197e+01 1.523711e+00 0.e+00
3.537197e+01 2.088426e+00 0.e+00
3.537197e+01 2.685505e+00 0.e+00
