5.900000e+00 1.570796e-02 0.000000e+00
5.900000e+00 2.387861e-02 0.000000e+00
5.900000e+00 3.578130e-02 0.000000e+00
5.900000e+00 5.268943e-02 0.000000e+00
5.900000e+00 7.330240e-02 0.000000e+00
5.900000e+00 1.026252e-01 0.000000e+00
5.900000e+00 1.447152e-01 0.000000e+00
5.900000e+00 2.021730e-01 0.000000e+00
5.900000e+00 2.832939e-01 0.000000e+00
5.900000e+00 3.966153e-01 0.000000e+00
5.900000e+00 5.551303e-01 0.000000e+00
5.900000e+00 7.773414e-01 0.000000e+00
5.900000e+00 1.088304e+00 0.000000e+00
5.900000e+00 1.523572e+00 0.000000e+00
5.900000e+00 2.088051e+00 0.000000e+00
5.900000e+00 2.685305e+00 0.000000e+00
6.040000e+00 1.570796e-02 0.000000e+00
6.040000e+00 2.387861e-02 0.000000e+00
6.040000e+00 3.578130e-02 0.000000e+00
6.040000e+00 5.268943e-02 0.000000e+00
6.040000e+00 7.330240e-02 0.000000e+00
6.040000e+00 1.026252e-01 0.000000e+00
6.040000e+00 1.447152e-01 0.000000e+00
6.040000e+00 2.021730e-01 0.000000e+00
6.040000e+00 2.832939e-01 0.000000e+00
6.040000e+00 3.966153e-01 0.000000e+00
6.040000e+00 5.551303e-01 0.000000e+00
6.040000e+00 7.773414e-01 0.000000e+00
6.040000e+00 1.088304e+00 0.000000e+00
6.040000e+00 1.523572e+00 0.000000e+00
6.040000e+00 2.088051e+00 0.000000e+00
6.040000e+00 2.685305e+00 0.000000e+00
6.180000e+00 1.570796e-02 -2.765197e-06
6.180000e+00 2.387861e-02 -1.035208e-05
6.180000e+00 3.578130e-02 -5.262405e-05
6.180000e+00 5.268943e-02 -2.492910e-05
6.180000e+00 7.330240e-02 -2.181782e-05
6.180000e+00 1.026252e-01 1.311055e-05
6.180000e+00 1.447152e-01 -7.303629e-05
6.180000e+00 2.021730e-01 -6.743373e-06
6.180000e+00 2.832939e-01 -1.445418e-05
6.180000e+00 3.966153e-01 -1.879623e-05
6.180000e+00 5.551303e-01 -8.063510e-06
6.180000e+00 7.773414e-01 -1.077124e-05
6.180000e+00 1.088304e+00 -1.172716e-05
6.180000e+00 1.523572e+00 -1.297681e-05
6.180000e+00 2.088051e+00 -1.410224e-05
6.180000e+00 2.685305e+00 -1.526639e-05
6.320000e+00 1.570796e-02 -5.377024e-05
6.320000e+00 2.387861e-02 -1.835730e-04
6.320000e+00 3.578130e-02 -4.787872e-04
6.320000e+00 5.268943e-02 -6.867775e-04
6.320000e+00 7.330240e-02 -5.991708e-04
6.320000e+00 1.026252e-01 -2.962919e-04
6.320000e+00 1.447152e-01 -4.423013e-04
6.320000e+00 2.021730e-01 -3.201981e-04
6.320000e+00 2.832939e-01 -3.239892e-04
6.320000e+00 3.966153e-01 -2.999669e-04
6.320000e+00 5.551303e-01 -2.700093e-04
6.320000e+00 7.773414e-01 -2.331473e-04
6.320000e+00 1.088304e+00 -2.124483e-04
6.320000e+00 1.523572e+00 -2.110262e-04
6.320000e+00 2.088051e+00 -2.349750e-04
6.320000e+00 2.685305e+00 -2.335209e-04
6.470000e+00 1.570796e-02 -7.745982e-05
6.470000e+00 2.387861e-02 -4.528710e-04
6.470000e+00 3.578130e-02 -1.119981e-03
6.470000e+00 5.268943e-02 -1.972730e-03
6.470000e+00 7.330240e-02 -1.916571e-03
6.470000e+00 1.026252e-01 -1.286445e-03
6.470000e+00 1.447152e-01 -1.490846e-03
6.470000e+00 2.021730e-01 -1.228741e-03
6.470000e+00 2.832939e-01 -1.142038e-03
6.470000e+00 3.966153e-01 -1.057101e-03
6.470000e+00 5.551303e-01 -9.047160e-04
6.470000e+00 7.773414e-01 -7.826313e-04
6.470000e+00 1.088304e+00 -6.712775e-04
6.470000e+00 1.523572e+00 -6.607731e-04
6.470000e+00 2.088051e+00 -7.284823e-04
6.470000e+00 2.685305e+00 -7.435209e-04
6.620000e+00 1.570796e-02 -1.227867e-04
6.620000e+00 2.387861e-02 -9.339044e-04
6.620000e+00 3.578130e-02 -2.412878e-03
6.620000e+00 5.268943e-02 -4.645902e-03
6.620000e+00 7.330240e-02 -4.862642e-03
6.620000e+00 1.026252e-01 -3.942797e-03
6.620000e+00 1.447152e-01 -4.255005e-03
6.620000e+00 2.021730e-01 -3.824908e-03
6.620000e+00 2.832939e-01 -3.676904e-03
6.620000e+00 3.966153e-01 -3.247574e-03
6.620000e+00 5.551303e-01 -2.787433e-03
6.620000e+00 7.773414e-01 -2.301287e-03
6.620000e+00 1.088304e+00 -1.997782e-03
6.620000e+00 1.523572e+00 -1.920572e-03
6.620000e+00 2.088051e+00 -2.076084e-03
6.620000e+00 2.685305e+00 -2.099347e-03
6.770000e+00 1.570796e-02 -2.658880e-04
6.770000e+00 2.387861e-02 -1.322398e-03
6.770000e+00 3.578130e-02 -3.975985e-03
6.770000e+00 5.268943e-02 -7.775555e-03
6.770000e+00 7.330240e-02 -9.098002e-03
6.770000e+00 1.026252e-01 -7.889666e-03
6.770000e+00 1.447152e-01 -8.139062e-03
6.770000e+00 2.021730e-01 -8.120481e-03
6.770000e+00 2.832939e-01 -7.867081e-03
6.770000e+00 3.966153e-01 -6.946317e-03
6.770000e+00 5.551303e-01 -5.916923e-03
6.770000e+00 7.773414e-01 -4.941677e-03
6.770000e+00 1.088304e+00 -4.171976e-03
6.770000e+00 1.523572e+00 -3.941583e-03
6.770000e+00 2.088051e+00 -4.201864e-03
6.770000e+00 2.685305e+00 -4.222178e-03
6.930000e+00 1.570796e-02 -3.453234e-04
6.930000e+00 2.387861e-02 -1.520770e-03
6.930000e+00 3.578130e-02 -4.994342e-03
6.930000e+00 5.268943e-02 -1.033648e-02
6.930000e+00 7.330240e-02 -1.287737e-02
6.930000e+00 1.026252e-01 -1.258153e-02
6.930000e+00 1.447152e-01 -1.308254e-02
6.930000e+00 2.021730e-01 -1.326240e-02
6.930000e+00 2.832939e-01 -1.281459e-02
6.930000e+00 3.966153e-01 -1.171044e-02
6.930000e+00 5.551303e-01 -9.843983e-03
6.930000e+00 7.773414e-01 -8.300475e-03
6.930000e+00 1.088304e+00 -6.972718e-03
6.930000e+00 1.523572e+00 -6.455341e-03
6.930000e+00 2.088051e+00 -6.782172e-03
6.930000e+00 2.685305e+00 -6.741142e-03
7.090000e+00 1.570796e-02 -3.461264e-04
7.090000e+00 2.387861e-02 -1.527602e-03
7.090000e+00 3.578130e-02 -5.307050e-03
7.090000e+00 5.268943e-02 -1.203881e-02
7.090000e+00 7.330240e-02 -1.594085e-02
7.090000e+00 1.026252e-01 -1.708124e-02
7.090000e+00 1.447152e-01 -1.815733e-02
7.090000e+00 2.021730e-01 -1.881449e-02
7.090000e+00 2.832939e-01 -1.837875e-02
7.090000e+00 3.966153e-01 -1.695818e-02
7.090000e+00 5.551303e-01 -1.445319e-02
7.090000e+00 7.773414e-01 -1.217617e-02
7.090000e+00 1.088304e+00 -1.017813e-02
7.090000e+00 1.523572e+00 -9.332042e-03
7.090000e+00 2.088051e+00 -9.664760e-03
7.090000e+00 2.685305e+00 -9.541065e-03
7.250000e+00 1.570796e-02 -3.345078e-04
7.250000e+00 2.387861e-02 -1.513025e-03
7.250000e+00 3.578130e-02 -5.218152e-03
7.250000e+00 5.268943e-02 -1.247208e-02
7.250000e+00 7.330240e-02 -1.765273e-02
7.250000e+00 1.026252e-01 -2.094698e-02
7.250000e+00 1.447152e-01 -2.259643e-02
7.250000e+00 2.021730e-01 -2.410953e-02
7.250000e+00 2.832939e-01 -2.405345e-02
7.250000e+00 3.966153e-01 -2.214817e-02
7.250000e+00 5.551303e-01 -1.910152e-02
7.250000e+00 7.773414e-01 -1.617905e-02
7.250000e+00 1.088304e+00 -1.353376e-02
7.250000e+00 1.523572e+00 -1.222587e-02
7.250000e+00 2.088051e+00 -1.262305e-02
7.250000e+00 2.685305e+00 -1.234044e-02
7.410000e+00 1.570796e-02 -3.236636e-04
7.410000e+00 2.387861e-02 -1.449433e-03
7.410000e+00 3.578130e-02 -4.879150e-03
7.410000e+00 5.268943e-02 -1.219676e-02
7.410000e+00 7.330240e-02 -1.816203e-02
7.410000e+00 1.026252e-01 -2.353675e-02
7.410000e+00 1.447152e-01 -2.590286e-02
7.410000e+00 2.021730e-01 -2.859486e-02
7.410000e+00 2.832939e-01 -2.897336e-02
7.410000e+00 3.966153e-01 -2.675525e-02
7.410000e+00 5.551303e-01 -2.357205e-02
7.410000e+00 7.773414e-01 -2.004012e-02
7.410000e+00 1.088304e+00 -1.672889e-02
7.410000e+00 1.523572e+00 -1.501859e-02
7.410000e+00 2.088051e+00 -1.522813e-02
7.410000e+00 2.685305e+00 -1.478726e-02
7.580000e+00 1.570796e-02 -3.062570e-04
7.580000e+00 2.387861e-02 -1.346802e-03
7.580000e+00 3.578130e-02 -4.469397e-03
7.580000e+00 5.268943e-02 -1.145981e-02
7.580000e+00 7.330240e-02 -1.787439e-02
7.580000e+00 1.026252e-01 -2.451822e-02
7.580000e+00 1.447152e-01 -2.767482e-02
7.580000e+00 2.021730e-01 -3.181469e-02
7.580000e+00 2.832939e-01 -3.272795e-02
7.580000e+00 3.966153e-01 -3.097903e-02
7.580000e+00 5.551303e-01 -2.749874e-02
7.580000e+00 7.773414e-01 -2.351432e-02
7.580000e+00 1.088304e+00 -1.965824e-02
7.580000e+00 1.523572e+00 -1.745398e-02
7.580000e+00 2.088051e+00 -1.753987e-02
7.580000e+00 2.685305e+00 -1.671260e-02
7.750000e+00 1.570796e-02 -2.821741e-04
7.750000e+00 2.387861e-02 -1.240987e-03
7.750000e+00 3.578130e-02 -4.079932e-03
7.750000e+00 5.268943e-02 -1.065403e-02
7.750000e+00 7.330240e-02 -1.705479e-02
7.750000e+00 1.026252e-01 -2.424274e-02
7.750000e+00 1.447152e-01 -2.841902e-02
7.750000e+00 2.021730e-01 -3.365610e-02
7.750000e+00 2.832939e-01 -3.542738e-02
7.750000e+00 3.966153e-01 -3.416045e-02
7.750000e+00 5.551303e-01 -3.081048e-02
7.750000e+00 7.773414e-01 -2.651173e-02
7.750000e+00 1.088304e+00 -2.226669e-02
7.750000e+00 1.523572e+00 -1.964860e-02
7.750000e+00 2.088051e+00 -1.942782e-02
7.750000e+00 2.685305e+00 -1.838361e-02
7.930000e+00 1.570796e-02 -2.548121e-04
7.930000e+00 2.387861e-02 -1.142603e-03
7.930000e+00 3.578130e-02 -3.737185e-03
7.930000e+00 5.268943e-02 -9.777213e-03
7.930000e+00 7.330240e-02 -1.581365e-02
7.930000e+00 1.026252e-01 -2.325053e-02
7.930000e+00 1.447152e-01 -2.818270e-02
7.930000e+00 2.021730e-01 -3.432721e-02
7.930000e+00 2.832939e-01 -3.711613e-02
7.930000e+00 3.966153e-01 -3.641059e-02
7.930000e+00 5.551303e-01 -3.341628e-02
7.930000e+00 7.773414e-01 -2.903074e-02
7.930000e+00 1.088304e+00 -2.438575e-02
7.930000e+00 1.523572e+00 -2.152791e-02
7.930000e+00 2.088051e+00 -2.104824e-02
7.930000e+00 2.685305e+00 -1.977478e-02
8.110000e+00 1.570796e-02 -2.306063e-04
8.110000e+00 2.387861e-02 -1.041748e-03
8.110000e+00 3.578130e-02 -3.381629e-03
8.110000e+00 5.268943e-02 -8.944584e-03
8.110000e+00 7.330240e-02 -1.447168e-02
8.110000e+00 1.026252e-01 -2.179260e-02
8.110000e+00 1.447152e-01 -2.720357e-02
8.110000e+00 2.021730e-01 -3.413363e-02
8.110000e+00 2.832939e-01 -3.782538e-02
8.110000e+00 3.966153e-01 -3.793049e-02
8.110000e+00 5.551303e-01 -3.534742e-02
8.110000e+00 7.773414e-01 -3.102863e-02
8.110000e+00 1.088304e+00 -2.609077e-02
8.110000e+00 1.523572e+00 -2.300423e-02
8.110000e+00 2.088051e+00 -2.232306e-02
8.110000e+00 2.685305e+00 -2.066876e-02
8.290000e+00 1.570796e-02 -2.097864e-04
8.290000e+00 2.387861e-02 -9.454240e-04
8.290000e+00 3.578130e-02 -3.028216e-03
8.290000e+00 5.268943e-02 -8.144292e-03
8.290000e+00 7.330240e-02 -1.315143e-02
8.290000e+00 1.026252e-01 -2.007588e-02
8.290000e+00 1.447152e-01 -2.575255e-02
8.290000e+00 2.021730e-01 -3.318879e-02
8.290000e+00 2.832939e-01 -3.765910e-02
8.290000e+00 3.966153e-01 -3.864798e-02
8.290000e+00 5.551303e-01 -3.659409e-02
8.290000e+00 7.773414e-01 -3.246158e-02
8.290000e+00 1.088304e+00 -2.744641e-02
8.290000e+00 1.523572e+00 -2.418651e-02
8.290000e+00 2.088051e+00 -2.331169e-02
8.290000e+00 2.685305e+00 -2.144715e-02
8.470000e+00 1.570796e-02 -1.895030e-04
8.470000e+00 2.387861e-02 -8.469049e-04
8.470000e+00 3.578130e-02 -2.710186e-03
8.470000e+00 5.268943e-02 -7.345818e-03
8.470000e+00 7.330240e-02 -1.182587e-02
8.470000e+00 1.026252e-01 -1.827393e-02
8.470000e+00 1.447152e-01 -2.403000e-02
8.470000e+00 2.021730e-01 -3.166737e-02
8.470000e+00 2.832939e-01 -3.687785e-02
8.470000e+00 3.966153e-01 -3.860546e-02
8.470000e+00 5.551303e-01 -3.721702e-02
8.470000e+00 7.773414e-01 -3.339816e-02
8.470000e+00 1.088304e+00 -2.839609e-02
8.470000e+00 1.523572e+00 -2.502038e-02
8.470000e+00 2.088051e+00 -2.404191e-02
8.470000e+00 2.685305e+00 -2.190917e-02
8.660000e+00 1.570796e-02 -1.695222e-04
8.660000e+00 2.387861e-02 -7.458408e-04
8.660000e+00 3.578130e-02 -2.426415e-03
8.660000e+00 5.268943e-02 -6.578390e-03
8.660000e+00 7.330240e-02 -1.057116e-02
8.660000e+00 1.026252e-01 -1.640264e-02
8.660000e+00 1.447152e-01 -2.204718e-02
8.660000e+00 2.021730e-01 -2.968554e-02
8.660000e+00 2.832939e-01 -3.545444e-02
8.660000e+00 3.966153e-01 -3.790724e-02
8.660000e+00 5.551303e-01 -3.720884e-02
8.660000e+00 7.773414e-01 -3.380465e-02
8.660000e+00 1.088304e+00 -2.902171e-02
8.660000e+00 1.523572e+00 -2.561769e-02
8.660000e+00 2.088051e+00 -2.450667e-02
8.660000e+00 2.685305e+00 -2.225866e-02
8.860000e+00 1.570796e-02 -1.488900e-04
8.860000e+00 2.387861e-02 -6.578591e-04
8.860000e+00 3.578130e-02 -2.159862e-03
8.860000e+00 5.268943e-02 -5.864369e-03
8.860000e+00 7.330240e-02 -9.420263e-03
8.860000e+00 1.026252e-01 -1.461083e-02
8.860000e+00 1.447152e-01 -1.997617e-02
8.860000e+00 2.021730e-01 -2.740339e-02
8.860000e+00 2.832939e-01 -3.357327e-02
8.860000e+00 3.966153e-01 -3.663651e-02
8.860000e+00 5.551303e-01 -3.657524e-02
8.860000e+00 7.773414e-01 -3.372169e-02
8.860000e+00 1.088304e+00 -2.923199e-02
8.860000e+00 1.523572e+00 -2.594064e-02
8.860000e+00 2.088051e+00 -2.479474e-02
8.860000e+00 2.685305e+00 -2.239478e-02
9.050000e+00 1.570796e-02 -1.305419e-04
9.050000e+00 2.387861e-02 -5.860371e-04
9.050000e+00 3.578130e-02 -1.923041e-03
9.050000e+00 5.268943e-02 -5.251322e-03
9.050000e+00 7.330240e-02 -8.415911e-03
9.050000e+00 1.026252e-01 -1.302145e-02
9.050000e+00 1.447152e-01 -1.798778e-02
9.050000e+00 2.021730e-01 -2.503622e-02
9.050000e+00 2.832939e-01 -3.135731e-02
9.050000e+00 3.966153e-01 -3.494635e-02
9.050000e+00 5.551303e-01 -3.551705e-02
9.050000e+00 7.773414e-01 -3.319196e-02
9.050000e+00 1.088304e+00 -2.904793e-02
9.050000e+00 1.523572e+00 -2.595188e-02
9.050000e+00 2.088051e+00 -2.482456e-02
9.050000e+00 2.685305e+00 -2.227901e-02
9.250000e+00 1.570796e-02 -1.153275e-04
9.250000e+00 2.387861e-02 -5.231597e-04
9.250000e+00 3.578130e-02 -1.699931e-03
9.250000e+00 5.268943e-02 -4.667342e-03
9.250000e+00 7.330240e-02 -7.471369e-03
9.250000e+00 1.026252e-01 -1.152149e-02
9.250000e+00 1.447152e-01 -1.605997e-02
9.250000e+00 2.021730e-01 -2.266618e-02
9.250000e+00 2.832939e-01 -2.893508e-02
9.250000e+00 3.966153e-01 -3.291860e-02
9.250000e+00 5.551303e-01 -3.402285e-02
9.250000e+00 7.773414e-01 -3.227846e-02
9.250000e+00 1.088304e+00 -2.853082e-02
9.250000e+00 1.523572e+00 -2.570633e-02
9.250000e+00 2.088051e+00 -2.464025e-02
9.250000e+00 2.685305e+00 -2.194115e-02
9.460000e+00 1.570796e-02 -1.005006e-04
9.460000e+00 2.387861e-02 -4.666904e-04
9.460000e+00 3.578130e-02 -1.496588e-03
9.460000e+00 5.268943e-02 -4.139974e-03
9.460000e+00 7.330240e-02 -6.605667e-03
9.460000e+00 1.026252e-01 -1.017477e-02
9.460000e+00 1.447152e-01 -1.426261e-02
9.460000e+00 2.021730e-01 -2.032525e-02
9.460000e+00 2.832939e-01 -2.638975e-02
9.460000e+00 3.966153e-01 -3.062129e-02
9.460000e+00 5.551303e-01 -3.223387e-02
9.460000e+00 7.773414e-01 -3.100564e-02
9.460000e+00 1.088304e+00 -2.777928e-02
9.460000e+00 1.523572e+00 -2.524649e-02
9.460000e+00 2.088051e+00 -2.429426e-02
9.460000e+00 2.685305e+00 -2.159748e-02
9.670000e+00 1.570796e-02 -8.777872e-05
9.670000e+00 2.387861e-02 -4.116972e-04
9.670000e+00 3.578130e-02 -1.314943e-03
9.670000e+00 5.268943e-02 -3.659972e-03
9.670000e+00 7.330240e-02 -5.827277e-03
9.670000e+00 1.026252e-01 -8.985303e-03
9.670000e+00 1.447152e-01 -1.262513e-02
9.670000e+00 2.021730e-01 -1.812330e-02
9.670000e+00 2.832939e-01 -2.384441e-02
9.670000e+00 3.966153e-01 -2.818979e-02
9.670000e+00 5.551303e-01 -3.021289e-02
9.670000e+00 7.773414e-01 -2.950778e-02
9.670000e+00 1.088304e+00 -2.679961e-02
9.670000e+00 1.523572e+00 -2.456575e-02
9.670000e+00 2.088051e+00 -2.377046e-02
9.670000e+00 2.685305e+00 -2.105120e-02
9.880000e+00 1.570796e-02 -7.596887e-05
9.880000e+00 2.387861e-02 -3.610895e-04
9.880000e+00 3.578130e-02 -1.152856e-03
9.880000e+00 5.268943e-02 -3.226081e-03
9.880000e+00 7.330240e-02 -5.125236e-03
9.880000e+00 1.026252e-01 -7.919504e-03
9.880000e+00 1.447152e-01 -1.114708e-02
9.880000e+00 2.021730e-01 -1.604855e-02
9.880000e+00 2.832939e-01 -2.137511e-02
9.880000e+00 3.966153e-01 -2.571950e-02
9.880000e+00 5.551303e-01 -2.804751e-02
9.880000e+00 7.773414e-01 -2.777725e-02
9.880000e+00 1.088304e+00 -2.558828e-02
9.880000e+00 1.523572e+00 -2.376070e-02
9.880000e+00 2.088051e+00 -2.306335e-02
9.880000e+00 2.685305e+00 -2.040723e-02
1.010000e+01 1.570796e-02 -6.469614e-05
1.010000e+01 2.387861e-02 -3.146666e-04
1.010000e+01 3.578130e-02 -1.006875e-03
1.010000e+01 5.268943e-02 -2.822215e-03
1.010000e+01 7.330240e-02 -4.482103e-03
1.010000e+01 1.026252e-01 -6.938682e-03
1.010000e+01 1.447152e-01 -9.794481e-03
1.010000e+01 2.021730e-01 -1.412431e-02
1.010000e+01 2.832939e-01 -1.903989e-02
1.010000e+01 3.966153e-01 -2.323993e-02
1.010000e+01 5.551303e-01 -2.576501e-02
1.010000e+01 7.773414e-01 -2.588604e-02
1.010000e+01 1.088304e+00 -2.421658e-02
1.010000e+01 1.523572e+00 -2.275157e-02
1.010000e+01 2.088051e+00 -2.225161e-02
1.010000e+01 2.685305e+00 -1.953579e-02
1.032000e+01 1.570796e-02 -5.641715e-05
1.032000e+01 2.387861e-02 -2.739818e-04
1.032000e+01 3.578130e-02 -8.765234e-04
1.032000e+01 5.268943e-02 -2.467306e-03
1.032000e+01 7.330240e-02 -3.909010e-03
1.032000e+01 1.026252e-01 -6.072023e-03
1.032000e+01 1.447152e-01 -8.583084e-03
1.032000e+01 2.021730e-01 -1.239298e-02
1.032000e+01 2.832939e-01 -1.683600e-02
1.032000e+01 3.966153e-01 -2.082584e-02
1.032000e+01 5.551303e-01 -2.345974e-02
1.032000e+01 7.773414e-01 -2.390308e-02
1.032000e+01 1.088304e+00 -2.272134e-02
1.032000e+01 1.523572e+00 -2.163071e-02
1.032000e+01 2.088051e+00 -2.130270e-02
1.032000e+01 2.685305e+00 -1.865219e-02
1.055000e+01 1.570796e-02 -4.972221e-05
1.055000e+01 2.387861e-02 -2.381897e-04
1.055000e+01 3.578130e-02 -7.574348e-04
1.055000e+01 5.268943e-02 -2.145198e-03
1.055000e+01 7.330240e-02 -3.390280e-03
1.055000e+01 1.026252e-01 -5.280371e-03
1.055000e+01 1.447152e-01 -7.469820e-03
1.055000e+01 2.021730e-01 -1.080150e-02
1.055000e+01 2.832939e-01 -1.480015e-02
1.055000e+01 3.966153e-01 -1.850667e-02
1.055000e+01 5.551303e-01 -2.117775e-02
1.055000e+01 7.773414e-01 -2.193809e-02
1.055000e+01 1.088304e+00 -2.114606e-02
1.055000e+01 1.523572e+00 -2.043566e-02
1.055000e+01 2.088051e+00 -2.026751e-02
1.055000e+01 2.685305e+00 -1.764703e-02
1.078000e+01 1.570796e-02 -4.354423e-05
1.078000e+01 2.387861e-02 -2.069178e-04
1.078000e+01 3.578130e-02 -6.538940e-04
1.078000e+01 5.268943e-02 -1.857829e-03
1.078000e+01 7.330240e-02 -2.931802e-03
1.078000e+01 1.026252e-01 -4.567949e-03
1.078000e+01 1.447152e-01 -6.477247e-03
1.078000e+01 2.021730e-01 -9.375537e-03
1.078000e+01 2.832939e-01 -1.291728e-02
1.078000e+01 3.966153e-01 -1.632944e-02
1.078000e+01 5.551303e-01 -1.898468e-02
1.078000e+01 7.773414e-01 -1.994917e-02
1.078000e+01 1.088304e+00 -1.954505e-02
1.078000e+01 1.523572e+00 -1.917638e-02
1.078000e+01 2.088051e+00 -1.916136e-02
1.078000e+01 2.685305e+00 -1.666234e-02
1.101000e+01 1.570796e-02 -3.798354e-05
1.101000e+01 2.387861e-02 -1.796156e-04
1.101000e+01 3.578130e-02 -5.628794e-04
1.101000e+01 5.268943e-02 -1.600665e-03
1.101000e+01 7.330240e-02 -2.520738e-03
1.101000e+01 1.026252e-01 -3.946594e-03
1.101000e+01 1.447152e-01 -5.591240e-03
1.101000e+01 2.021730e-01 -8.114415e-03
1.101000e+01 2.832939e-01 -1.124170e-02
1.101000e+01 3.966153e-01 -1.430811e-02
1.101000e+01 5.551303e-01 -1.686618e-02
1.101000e+01 7.773414e-01 -1.801897e-02
1.101000e+01 1.088304e+00 -1.792829e-02
1.101000e+01 1.523572e+00 -1.784469e-02
1.101000e+01 2.088051e+00 -1.797847e-02
1.101000e+01 2.685305e+00 -1.557538e-02
1.125000e+01 1.570796e-02 -3.280581e-05
1.125000e+01 2.387861e-02 -1.534376e-04
1.125000e+01 3.578130e-02 -4.848441e-04
1.125000e+01 5.268943e-02 -1.374999e-03
1.125000e+01 7.330240e-02 -2.162819e-03
1.125000e+01 1.026252e-01 -3.385386e-03
1.125000e+01 1.447152e-01 -4.803887e-03
1.125000e+01 2.021730e-01 -6.985315e-03
1.125000e+01 2.832939e-01 -9.704326e-03
1.125000e+01 3.966153e-01 -1.245428e-02
1.125000e+01 5.551303e-01 -1.484444e-02
1.125000e+01 7.773414e-01 -1.611483e-02
1.125000e+01 1.088304e+00 -1.627805e-02
1.125000e+01 1.523572e+00 -1.647221e-02
1.125000e+01 2.088051e+00 -1.668772e-02
1.125000e+01 2.685305e+00 -1.441735e-02
1.150000e+01 1.570796e-02 -2.795149e-05
1.150000e+01 2.387861e-02 -1.311711e-04
1.150000e+01 3.578130e-02 -4.129242e-04
1.150000e+01 5.268943e-02 -1.172999e-03
1.150000e+01 7.330240e-02 -1.838669e-03
1.150000e+01 1.026252e-01 -2.885660e-03
1.150000e+01 1.447152e-01 -4.103120e-03
1.150000e+01 2.021730e-01 -5.976416e-03
1.150000e+01 2.832939e-01 -8.318558e-03
1.150000e+01 3.966153e-01 -1.075171e-02
1.150000e+01 5.551303e-01 -1.296666e-02
1.150000e+01 7.773414e-01 -1.428712e-02
1.150000e+01 1.088304e+00 -1.467126e-02
1.150000e+01 1.523572e+00 -1.507232e-02
1.150000e+01 2.088051e+00 -1.536797e-02
1.150000e+01 2.685305e+00 -1.323133e-02
1.175000e+01 1.570796e-02 -2.380696e-05
1.175000e+01 2.387861e-02 -1.116223e-04
1.175000e+01 3.578130e-02 -3.483949e-04
1.175000e+01 5.268943e-02 -9.961845e-04
1.175000e+01 7.330240e-02 -1.556344e-03
1.175000e+01 1.026252e-01 -2.444633e-03
1.175000e+01 1.447152e-01 -3.480038e-03
1.175000e+01 2.021730e-01 -5.081061e-03
1.175000e+01 2.832939e-01 -7.089132e-03
1.175000e+01 3.966153e-01 -9.211197e-03
1.175000e+01 5.551303e-01 -1.124095e-02
1.175000e+01 7.773414e-01 -1.258346e-02
1.175000e+01 1.088304e+00 -1.312674e-02
1.175000e+01 1.523572e+00 -1.370353e-02
1.175000e+01 2.088051e+00 -1.408744e-02
1.175000e+01 2.685305e+00 -1.213308e-02
1.200000e+01 1.570796e-02 -2.010011e-05
1.200000e+01 2.387861e-02 -9.464148e-05
1.200000e+01 3.578130e-02 -2.944307e-04
1.200000e+01 5.268943e-02 -8.397145e-04
1.200000e+01 7.330240e-02 -1.305511e-03
1.200000e+01 1.026252e-01 -2.064844e-03
1.200000e+01 1.447152e-01 -2.937597e-03
1.200000e+01 2.021730e-01 -4.303771e-03
1.200000e+01 2.832939e-01 -6.012823e-03
1.200000e+01 3.966153e-01 -7.849075e-03
1.200000e+01 5.551303e-01 -9.679645e-03
1.200000e+01 7.773414e-01 -1.097579e-02
1.200000e+01 1.088304e+00 -1.164902e-02
1.200000e+01 1.523572e+00 -1.235554e-02
1.200000e+01 2.088051e+00 -1.282351e-02
1.200000e+01 2.685305e+00 -1.106740e-02
1.226000e+01 1.570796e-02 -1.658492e-05
1.226000e+01 2.387861e-02 -7.933176e-05
1.226000e+01 3.578130e-02 -2.457538e-04
1.226000e+01 5.268943e-02 -7.042279e-04
1.226000e+01 7.330240e-02 -1.092802e-03
1.226000e+01 1.026252e-01 -1.735895e-03
1.226000e+01 1.447152e-01 -2.464127e-03
1.226000e+01 2.021730e-01 -3.614613e-03
1.226000e+01 2.832939e-01 -5.063991e-03
1.226000e+01 3.966153e-01 -6.646279e-03
1.226000e+01 5.551303e-01 -8.272179e-03
1.226000e+01 7.773414e-01 -9.497002e-03
1.226000e+01 1.088304e+00 -1.026986e-02
1.226000e+01 1.523572e+00 -1.105005e-02
1.226000e+01 2.088051e+00 -1.156968e-02
1.226000e+01 2.685305e+00 -1.000451e-02
1.253000e+01 1.570796e-02 -1.381731e-05
1.253000e+01 2.387861e-02 -6.634016e-05
1.253000e+01 3.578130e-02 -2.061406e-04
1.253000e+01 5.268943e-02 -5.858084e-04
1.253000e+01 7.330240e-02 -9.090051e-04
1.253000e+01 1.026252e-01 -1.446475e-03
1.253000e+01 1.447152e-01 -2.053550e-03
1.253000e+01 2.021730e-01 -3.024077e-03
1.253000e+01 2.832939e-01 -4.233555e-03
1.253000e+01 3.966153e-01 -5.584082e-03
1.253000e+01 5.551303e-01 -7.018556e-03
1.253000e+01 7.773414e-01 -8.152504e-03
1.253000e+01 1.088304e+00 -8.969844e-03
1.253000e+01 1.523572e+00 -9.812301e-03
1.253000e+01 2.088051e+00 -1.037706e-02
1.253000e+01 2.685305e+00 -9.033523e-03
1.280000e+01 1.570796e-02 -1.145285e-05
1.280000e+01 2.387861e-02 -5.529383e-05
1.280000e+01 3.578130e-02 -1.712544e-04
1.280000e+01 5.268943e-02 -4.838630e-04
1.280000e+01 7.330240e-02 -7.493766e-04
1.280000e+01 1.026252e-01 -1.199015e-03
1.280000e+01 1.447152e-01 -1.704194e-03
1.280000e+01 2.021730e-01 -2.516985e-03
1.280000e+01 2.832939e-01 -3.522279e-03
1.280000e+01 3.966153e-01 -4.667345e-03
1.280000e+01 5.551303e-01 -5.916006e-03
1.280000e+01 7.773414e-01 -6.965423e-03
1.280000e+01 1.088304e+00 -7.780655e-03
1.280000e+01 1.523572e+00 -8.645995e-03
1.280000e+01 2.088051e+00 -9.248182e-03
1.280000e+01 2.685305e+00 -8.110860e-03
1.308000e+01 1.570796e-02 -9.489506e-06
1.308000e+01 2.387861e-02 -4.583462e-05
1.308000e+01 3.578130e-02 -1.405642e-04
1.308000e+01 5.268943e-02 -3.979830e-04
1.308000e+01 7.330240e-02 -6.173830e-04
1.308000e+01 1.026252e-01 -9.878478e-04
1.308000e+01 1.447152e-01 -1.401171e-03
1.308000e+01 2.021730e-01 -2.074786e-03
1.308000e+01 2.832939e-01 -2.904864e-03
1.308000e+01 3.966153e-01 -3.866651e-03
1.308000e+01 5.551303e-01 -4.942364e-03
1.308000e+01 7.773414e-01 -5.901127e-03
1.308000e+01 1.088304e+00 -6.701065e-03
1.308000e+01 1.523572e+00 -7.560588e-03
1.308000e+01 2.088051e+00 -8.198052e-03
1.308000e+01 2.685305e+00 -7.255572e-03
1.336000e+01 1.570796e-02 -7.712673e-06
1.336000e+01 2.387861e-02 -3.771943e-05
1.336000e+01 3.578130e-02 -1.157478e-04
1.336000e+01 5.268943e-02 -3.258361e-04
1.336000e+01 7.330240e-02 -5.047197e-04
1.336000e+01 1.026252e-01 -8.086406e-04
1.336000e+01 1.447152e-01 -1.151358e-03
1.336000e+01 2.021730e-01 -1.702366e-03
1.336000e+01 2.832939e-01 -2.384886e-03
1.336000e+01 3.966153e-01 -3.189245e-03
1.336000e+01 5.551303e-01 -4.106635e-03
1.336000e+01 7.773414e-01 -4.964342e-03
1.336000e+01 1.088304e+00 -5.726974e-03
1.336000e+01 1.523572e+00 -6.573157e-03
1.336000e+01 2.088051e+00 -7.212846e-03
1.336000e+01 2.685305e+00 -6.414087e-03
1.365000e+01 1.570796e-02 -6.285387e-06
1.365000e+01 2.387861e-02 -3.046666e-05
1.365000e+01 3.578130e-02 -9.404060e-05
1.365000e+01 5.268943e-02 -2.653497e-04
1.365000e+01 7.330240e-02 -4.096467e-04
1.365000e+01 1.026252e-01 -6.589056e-04
1.365000e+01 1.447152e-01 -9.346546e-04
1.365000e+01 2.021730e-01 -1.388066e-03
1.365000e+01 2.832939e-01 -1.946898e-03
1.365000e+01 3.966153e-01 -2.608498e-03
1.365000e+01 5.551303e-01 -3.375934e-03
1.365000e+01 7.773414e-01 -4.146133e-03
1.365000e+01 1.088304e+00 -4.859316e-03
1.365000e+01 1.523572e+00 -5.668895e-03
1.365000e+01 2.088051e+00 -6.293336e-03
1.365000e+01 2.685305e+00 -5.638184e-03
1.394000e+01 1.570796e-02 -5.080470e-06
1.394000e+01 2.387861e-02 -2.496634e-05
1.394000e+01 3.578130e-02 -7.660272e-05
1.394000e+01 5.268943e-02 -2.140882e-04
1.394000e+01 7.330240e-02 -3.303922e-04
1.394000e+01 1.026252e-01 -5.336005e-04
1.394000e+01 1.447152e-01 -7.540026e-04
1.394000e+01 2.021730e-01 -1.124585e-03
1.394000e+01 2.832939e-01 -1.576974e-03
1.394000e+01 3.966153e-01 -2.119707e-03
1.394000e+01 5.551303e-01 -2.763240e-03
1.394000e+01 7.773414e-01 -3.442839e-03
1.394000e+01 1.088304e+00 -4.093870e-03
1.394000e+01 1.523572e+00 -4.859913e-03
1.394000e+01 2.088051e+00 -5.463776e-03
1.394000e+01 2.685305e+00 -4.940246e-03
1.424000e+01 1.570796e-02 -4.160425e-06
1.424000e+01 2.387861e-02 -2.015803e-05
1.424000e+01 3.578130e-02 -6.190843e-05
1.424000e+01 5.268943e-02 -1.722809e-04
1.424000e+01 7.330240e-02 -2.651061e-04
1.424000e+01 1.026252e-01 -4.305750e-04
1.424000e+01 1.447152e-01 -6.080367e-04
1.424000e+01 2.021730e-01 -9.077917e-04
1.424000e+01 2.832939e-01 -1.270595e-03
1.424000e+01 3.966153e-01 -1.714057e-03
1.424000e+01 5.551303e-01 -2.251549e-03
1.424000e+01 7.773414e-01 -2.839730e-03
1.424000e+01 1.088304e+00 -3.435601e-03
1.424000e+01 1.523572e+00 -4.134960e-03
1.424000e+01 2.088051e+00 -4.722556e-03
1.424000e+01 2.685305e+00 -4.308091e-03
1.454000e+01 1.570796e-02 -3.284728e-06
1.454000e+01 2.387861e-02 -1.618245e-05
1.454000e+01 3.578130e-02 -4.967293e-05
1.454000e+01 5.268943e-02 -1.374109e-04
1.454000e+01 7.330240e-02 -2.115209e-04
1.454000e+01 1.026252e-01 -3.442909e-04
1.454000e+01 1.447152e-01 -4.872308e-04
1.454000e+01 2.021730e-01 -7.256186e-04
1.454000e+01 2.832939e-01 -1.016398e-03
1.454000e+01 3.966153e-01 -1.377429e-03
1.454000e+01 5.551303e-01 -1.823795e-03
1.454000e+01 7.773414e-01 -2.324422e-03
1.454000e+01 1.088304e+00 -2.860661e-03
1.454000e+01 1.523572e+00 -3.500145e-03
1.454000e+01 2.088051e+00 -4.032953e-03
1.454000e+01 2.685305e+00 -3.725703e-03
1.485000e+01 1.570796e-02 -2.596103e-06
1.485000e+01 2.387861e-02 -1.272360e-05
1.485000e+01 3.578130e-02 -3.921595e-05
1.485000e+01 5.268943e-02 -1.093540e-04
1.485000e+01 7.330240e-02 -1.669055e-04
1.485000e+01 1.026252e-01 -2.731409e-04
1.485000e+01 1.447152e-01 -3.869043e-04
1.485000e+01 2.021730e-01 -5.761687e-04
1.485000e+01 2.832939e-01 -8.072355e-04
1.485000e+01 3.966153e-01 -1.097247e-03
1.485000e+01 5.551303e-01 -1.462418e-03
1.485000e+01 7.773414e-01 -1.884523e-03
1.485000e+01 1.088304e+00 -2.362873e-03
1.485000e+01 1.523572e+00 -2.929728e-03
1.485000e+01 2.088051e+00 -3.422727e-03
1.485000e+01 2.685305e+00 -3.178420e-03
1.517000e+01 1.570796e-02 -2.081102e-06
1.517000e+01 2.387861e-02 -1.007100e-05
1.517000e+01 3.578130e-02 -3.094075e-05
1.517000e+01 5.268943e-02 -8.617334e-05
1.517000e+01 7.330240e-02 -1.307670e-04
1.517000e+01 1.026252e-01 -2.148054e-04
1.517000e+01 1.447152e-01 -3.042219e-04
1.517000e+01 2.021730e-01 -4.550511e-04
1.517000e+01 2.832939e-01 -6.366418e-04
1.517000e+01 3.966153e-01 -8.670602e-04
1.517000e+01 5.551303e-01 -1.165394e-03
1.517000e+01 7.773414e-01 -1.518568e-03
1.517000e+01 1.088304e+00 -1.935530e-03
1.517000e+01 1.523572e+00 -2.435582e-03
1.517000e+01 2.088051e+00 -2.875714e-03
1.517000e+01 2.685305e+00 -2.696901e-03
1.549000e+01 1.570796e-02 -1.635742e-06
1.549000e+01 2.387861e-02 -7.933916e-06
1.549000e+01 3.578130e-02 -2.430674e-05
1.549000e+01 5.268943e-02 -6.761833e-05
1.549000e+01 7.330240e-02 -1.015041e-04
1.549000e+01 1.026252e-01 -1.677367e-04
1.549000e+01 1.447152e-01 -2.385783e-04
1.549000e+01 2.021730e-01 -3.566543e-04
1.549000e+01 2.832939e-01 -5.003586e-04
1.549000e+01 3.966153e-01 -6.834675e-04
1.549000e+01 5.551303e-01 -9.213626e-04
1.549000e+01 7.773414e-01 -1.215667e-03
1.549000e+01 1.088304e+00 -1.572036e-03
1.549000e+01 1.523572e+00 -2.012229e-03
1.549000e+01 2.088051e+00 -2.399929e-03
1.549000e+01 2.685305e+00 -2.264731e-03
1.582000e+01 1.570796e-02 -1.297140e-06
1.582000e+01 2.387861e-02 -6.132647e-06
1.582000e+01 3.578130e-02 -1.897250e-05
1.582000e+01 5.268943e-02 -5.268240e-05
1.582000e+01 7.330240e-02 -7.825886e-05
1.582000e+01 1.026252e-01 -1.304332e-04
1.582000e+01 1.447152e-01 -1.845959e-04
1.582000e+01 2.021730e-01 -2.771233e-04
1.582000e+01 2.832939e-01 -3.895613e-04
1.582000e+01 3.966153e-01 -5.332682e-04
1.582000e+01 5.551303e-01 -7.219386e-04
1.582000e+01 7.773414e-01 -9.645063e-04
1.582000e+01 1.088304e+00 -1.262487e-03
1.582000e+01 1.523572e+00 -1.637005e-03
1.582000e+01 2.088051e+00 -1.978405e-03
1.582000e+01 2.685305e+00 -1.873634e-03
1.616000e+01 1.570796e-02 -9.549939e-07
1.616000e+01 2.387861e-02 -4.619821e-06
1.616000e+01 3.578130e-02 -1.460387e-05
1.616000e+01 5.268943e-02 -4.016924e-05
1.616000e+01 7.330240e-02 -5.967561e-05
1.616000e+01 1.026252e-01 -9.944569e-05
1.616000e+01 1.447152e-01 -1.414051e-04
1.616000e+01 2.021730e-01 -2.124326e-04
1.616000e+01 2.832939e-01 -2.984905e-04
1.616000e+01 3.966153e-01 -4.096157e-04
1.616000e+01 5.551303e-01 -5.586697e-04
1.616000e+01 7.773414e-01 -7.534498e-04
1.616000e+01 1.088304e+00 -1.001123e-03
1.616000e+01 1.523572e+00 -1.317539e-03
1.616000e+01 2.088051e+00 -1.608085e-03
1.616000e+01 2.685305e+00 -1.526422e-03
1.650000e+01 1.570796e-02 -6.739484e-07
1.650000e+01 2.387861e-02 -3.503378e-06
1.650000e+01 3.578130e-02 -1.114249e-05
1.650000e+01 5.268943e-02 -3.027406e-05
1.650000e+01 7.330240e-02 -4.509858e-05
1.650000e+01 1.026252e-01 -7.559651e-05
1.650000e+01 1.447152e-01 -1.068754e-04
1.650000e+01 2.021730e-01 -1.613718e-04
1.650000e+01 2.832939e-01 -2.278653e-04
1.650000e+01 3.966153e-01 -3.124608e-04
1.650000e+01 5.551303e-01 -4.284588e-04
1.650000e+01 7.773414e-01 -5.849221e-04
1.650000e+01 1.088304e+00 -7.857479e-04
1.650000e+01 1.523572e+00 -1.044452e-03
1.650000e+01 2.088051e+00 -1.288803e-03
1.650000e+01 2.685305e+00 -1.210649e-03
1.685000e+01 1.570796e-02 -5.032289e-07
1.685000e+01 2.387861e-02 -2.683693e-06
1.685000e+01 3.578130e-02 -8.346819e-06
1.685000e+01 5.268943e-02 -2.287782e-05
1.685000e+01 7.330240e-02 -3.374745e-05
1.685000e+01 1.026252e-01 -5.690177e-05
1.685000e+01 1.447152e-01 -8.069554e-05
1.685000e+01 2.021730e-01 -1.218758e-04
1.685000e+01 2.832939e-01 -1.719334e-04
1.685000e+01 3.966153e-01 -2.368811e-04
1.685000e+01 5.551303e-01 -3.265538e-04
1.685000e+01 7.773414e-01 -4.499865e-04
1.685000e+01 1.088304e+00 -6.108861e-04
1.685000e+01 1.523572e+00 -8.189799e-04
1.685000e+01 2.088051e+00 -1.017264e-03
1.685000e+01 2.685305e+00 -9.566915e-04
1.721000e+01 1.570796e-02 -3.798499e-07
1.721000e+01 2.387861e-02 -2.003386e-06
1.721000e+01 3.578130e-02 -6.305652e-06
1.721000e+01 5.268943e-02 -1.685441e-05
1.721000e+01 7.330240e-02 -2.528901e-05
1.721000e+01 1.026252e-01 -4.282023e-05
1.721000e+01 1.447152e-01 -6.006936e-05
1.721000e+01 2.021730e-01 -9.088185e-05
1.721000e+01 2.832939e-01 -1.282109e-04
1.721000e+01 3.966153e-01 -1.767179e-04
1.721000e+01 5.551303e-01 -2.459046e-04
1.721000e+01 7.773414e-01 -3.404832e-04
1.721000e+01 1.088304e+00 -4.706014e-04
1.721000e+01 1.523572e+00 -6.365386e-04
1.721000e+01 2.088051e+00 -7.909015e-04
1.721000e+01 2.685305e+00 -7.415745e-04
1.757000e+01 1.570796e-02 -2.903956e-07
1.757000e+01 2.387861e-02 -1.466865e-06
1.757000e+01 3.578130e-02 -4.610249e-06
1.757000e+01 5.268943e-02 -1.213474e-05
1.757000e+01 7.330240e-02 -1.882054e-05
1.757000e+01 1.026252e-01 -3.140228e-05
1.757000e+01 1.447152e-01 -4.449905e-05
1.757000e+01 2.021730e-01 -6.691862e-05
1.757000e+01 2.832939e-01 -9.400504e-05
1.757000e+01 3.966153e-01 -1.304698e-04
1.757000e+01 5.551303e-01 -1.828722e-04
1.757000e+01 7.773414e-01 -2.549320e-04
1.757000e+01 1.088304e+00 -3.541124e-04
1.757000e+01 1.523572e+00 -4.823024e-04
1.757000e+01 2.088051e+00 -6.007417e-04
1.757000e+01 2.685305e+00 -5.588440e-04
1.794000e+01 1.570796e-02 -2.283215e-07
1.794000e+01 2.387861e-02 -1.080649e-06
1.794000e+01 3.578130e-02 -3.400467e-06
1.794000e+01 5.268943e-02 -8.692311e-06
1.794000e+01 7.330240e-02 -1.320121e-05
1.794000e+01 1.026252e-01 -2.250215e-05
1.794000e+01 1.447152e-01 -3.214033e-05
1.794000e+01 2.021730e-01 -4.804267e-05
1.794000e+01 2.832939e-01 -6.725630e-05
1.794000e+01 3.966153e-01 -9.404668e-05
1.794000e+01 5.551303e-01 -1.327980e-04
1.794000e+01 7.773414e-01 -1.860170e-04
1.794000e+01 1.088304e+00 -2.609565e-04
1.794000e+01 1.523572e+00 -3.571391e-04
1.794000e+01 2.088051e+00 -4.478327e-04
1.794000e+01 2.685305e+00 -4.130354e-04
1.832000e+01 1.570796e-02 -1.707306e-07
1.832000e+01 2.387861e-02 -7.674988e-07
1.832000e+01 3.578130e-02 -2.355351e-06
1.832000e+01 5.268943e-02 -6.132576e-06
1.832000e+01 7.330240e-02 -9.281802e-06
1.832000e+01 1.026252e-01 -1.582117e-05
1.832000e+01 1.447152e-01 -2.276924e-05
1.832000e+01 2.021730e-01 -3.384732e-05
1.832000e+01 2.832939e-01 -4.696620e-05
1.832000e+01 3.966153e-01 -6.609551e-05
1.832000e+01 5.551303e-01 -9.409938e-05
1.832000e+01 7.773414e-01 -1.333578e-04
1.832000e+01 1.088304e+00 -1.873002e-04
1.832000e+01 1.523572e+00 -2.584833e-04
1.832000e+01 2.088051e+00 -3.260650e-04
1.832000e+01 2.685305e+00 -3.050220e-04
1.871000e+01 1.570796e-02 -1.184625e-07
1.871000e+01 2.387861e-02 -5.151642e-07
1.871000e+01 3.578130e-02 -1.628331e-06
1.871000e+01 5.268943e-02 -4.186837e-06
1.871000e+01 7.330240e-02 -6.367498e-06
1.871000e+01 1.026252e-01 -1.089606e-05
1.871000e+01 1.447152e-01 -1.583511e-05
1.871000e+01 2.021730e-01 -2.334754e-05
1.871000e+01 2.832939e-01 -3.230585e-05
1.871000e+01 3.966153e-01 -4.616990e-05
1.871000e+01 5.551303e-01 -6.585994e-05
1.871000e+01 7.773414e-01 -9.394211e-05
1.871000e+01 1.088304e+00 -1.328119e-04
1.871000e+01 1.523572e+00 -1.842689e-04
1.871000e+01 2.088051e+00 -2.328444e-04
1.871000e+01 2.685305e+00 -2.223067e-04
1.910000e+01 1.570796e-02 -8.711482e-08
1.910000e+01 2.387861e-02 -3.350459e-07
1.910000e+01 3.578130e-02 -1.130928e-06
1.910000e+01 5.268943e-02 -2.785958e-06
1.910000e+01 7.330240e-02 -4.277476e-06
1.910000e+01 1.026252e-01 -7.314837e-06
1.910000e+01 1.447152e-01 -1.077366e-05
1.910000e+01 2.021730e-01 -1.577892e-05
1.910000e+01 2.832939e-01 -2.147984e-05
1.910000e+01 3.966153e-01 -3.117978e-05
1.910000e+01 5.551303e-01 -4.458902e-05
1.910000e+01 7.773414e-01 -6.403370e-05
1.910000e+01 1.088304e+00 -9.087952e-05
1.910000e+01 1.523572e+00 -1.260035e-04
1.910000e+01 2.088051e+00 -1.621715e-04
1.910000e+01 2.685305e+00 -1.562433e-04
1.951000e+01 1.570796e-02 -5.753269e-08
1.951000e+01 2.387861e-02 -2.246646e-07
1.951000e+01 3.578130e-02 -7.175501e-07
1.951000e+01 5.268943e-02 -1.831131e-06
1.951000e+01 7.330240e-02 -2.799793e-06
1.951000e+01 1.026252e-01 -4.776280e-06
1.951000e+01 1.447152e-01 -6.994280e-06
1.951000e+01 2.021730e-01 -1.044427e-05
1.951000e+01 2.832939e-01 -1.419257e-05
1.951000e+01 3.966153e-01 -2.084801e-05
1.951000e+01 5.551303e-01 -2.988161e-05
1.951000e+01 7.773414e-01 -4.294129e-05
1.951000e+01 1.088304e+00 -6.100120e-05
1.951000e+01 1.523572e+00 -8.482092e-05
1.951000e+01 2.088051e+00 -1.095597e-04
1.951000e+01 2.685305e+00 -1.068617e-04
1.992000e+01 1.570796e-02 -3.349680e-08
1.992000e+01 2.387861e-02 -1.427948e-07
1.992000e+01 3.578130e-02 -4.739593e-07
1.992000e+01 5.268943e-02 -1.153055e-06
1.992000e+01 7.330240e-02 -1.742801e-06
1.992000e+01 1.026252e-01 -3.066763e-06
1.992000e+01 1.447152e-01 -4.541039e-06
1.992000e+01 2.021730e-01 -6.809513e-06
1.992000e+01 2.832939e-01 -9.127276e-06
1.992000e+01 3.966153e-01 -1.351756e-05
1.992000e+01 5.551303e-01 -1.956813e-05
1.992000e+01 7.773414e-01 -2.832492e-05
1.992000e+01 1.088304e+00 -4.007327e-05
1.992000e+01 1.523572e+00 -5.591243e-05
1.992000e+01 2.088051e+00 -7.318415e-05
1.992000e+01 2.685305e+00 -7.110291e-05
2.034000e+01 1.570796e-02 -1.891264e-08
2.034000e+01 2.387861e-02 -8.940271e-08
2.034000e+01 3.578130e-02 -3.076192e-07
2.034000e+01 5.268943e-02 -7.047191e-07
2.034000e+01 7.330240e-02 -1.113090e-06
2.034000e+01 1.026252e-01 -1.960625e-06
2.034000e+01 1.447152e-01 -2.932501e-06
2.034000e+01 2.021730e-01 -4.346666e-06
2.034000e+01 2.832939e-01 -5.803032e-06
2.034000e+01 3.966153e-01 -8.801037e-06
2.034000e+01 5.551303e-01 -1.265172e-05
2.034000e+01 7.773414e-01 -1.833013e-05
2.034000e+01 1.088304e+00 -2.620792e-05
2.034000e+01 1.523572e+00 -3.655602e-05
2.034000e+01 2.088051e+00 -4.771462e-05
2.034000e+01 2.685305e+00 -4.616959e-05
2.076000e+01 1.570796e-02 -1.229958e-08
2.076000e+01 2.387861e-02 -5.121276e-08
2.076000e+01 3.578130e-02 -1.789185e-07
2.076000e+01 5.268943e-02 -4.429281e-07
2.076000e+01 7.330240e-02 -6.883943e-07
2.076000e+01 1.026252e-01 -1.205042e-06
2.076000e+01 1.447152e-01 -1.852537e-06
2.076000e+01 2.021730e-01 -2.721603e-06
2.076000e+01 2.832939e-01 -3.605787e-06
2.076000e+01 3.966153e-01 -5.552869e-06
2.076000e+01 5.551303e-01 -8.006137e-06
2.076000e+01 7.773414e-01 -1.154883e-05
2.076000e+01 1.088304e+00 -1.676108e-05
2.076000e+01 1.523572e+00 -2.357406e-05
2.076000e+01 2.088051e+00 -3.052276e-05
2.076000e+01 2.685305e+00 -2.983812e-05
2.120000e+01 1.570796e-02 -6.298352e-09
2.120000e+01 2.387861e-02 -3.174610e-08
2.120000e+01 3.578130e-02 -1.076648e-07
2.120000e+01 5.268943e-02 -2.390259e-07
2.120000e+01 7.330240e-02 -4.196353e-07
2.120000e+01 1.026252e-01 -6.998921e-07
2.120000e+01 1.447152e-01 -1.045930e-06
2.120000e+01 2.021730e-01 -1.587268e-06
2.120000e+01 2.832939e-01 -2.076385e-06
2.120000e+01 3.966153e-01 -3.257009e-06
2.120000e+01 5.551303e-01 -4.735419e-06
2.120000e+01 7.773414e-01 -6.973372e-06
2.120000e+01 1.088304e+00 -1.021910e-05
2.120000e+01 1.523572e+00 -1.460810e-05
2.120000e+01 2.088051e+00 -1.909574e-05
2.120000e+01 2.685305e+00 -1.859393e-05
2.164000e+01 1.570796e-02 5.486929e-11
2.164000e+01 2.387861e-02 -9.433744e-11
2.164000e+01 3.578130e-02 1.028675e-09
2.164000e+01 5.268943e-02 2.461206e-09
2.164000e+01 7.330240e-02 5.755859e-09
2.164000e+01 1.026252e-01 8.244435e-09
2.164000e+01 1.447152e-01 1.350852e-08
2.164000e+01 2.021730e-01 2.428022e-08
2.164000e+01 2.832939e-01 3.931238e-08
2.164000e+01 3.966153e-01 5.262824e-08
2.164000e+01 5.551303e-01 6.726595e-08
2.164000e+01 7.773414e-01 7.949138e-08
2.164000e+01 1.088304e+00 6.861027e-08
2.164000e+01 1.523572e+00 3.119673e-08
2.164000e+01 2.088051e+00 3.389201e-09
2.164000e+01 2.685305e+00 1.364452e-09
2.209000e+01 1.570796e-02 1.254311e-10
2.209000e+01 2.387861e-02 2.463993e-10
2.209000e+01 3.578130e-02 1.769236e-09
2.209000e+01 5.268943e-02 4.566365e-09
2.209000e+01 7.330240e-02 8.677352e-09
2.209000e+01 1.026252e-01 1.270784e-08
2.209000e+01 1.447152e-01 1.892649e-08
2.209000e+01 2.021730e-01 3.047574e-08
2.209000e+01 2.832939e-01 4.537235e-08
2.209000e+01 3.966153e-01 5.885027e-08
2.209000e+01 5.551303e-01 7.278249e-08
2.209000e+01 7.773414e-01 8.202667e-08
2.209000e+01 1.088304e+00 6.975207e-08
2.209000e+01 1.523572e+00 3.195992e-08
2.209000e+01 2.088051e+00 2.329278e-09
2.209000e+01 2.685305e+00 -1.164767e-09
2.256000e+01 1.570796e-02 1.429922e-10
2.256000e+01 2.387861e-02 4.554106e-10
2.256000e+01 3.578130e-02 2.175210e-09
2.256000e+01 5.268943e-02 5.759030e-09
2.256000e+01 7.330240e-02 1.007023e-08
2.256000e+01 1.026252e-01 1.524950e-08
2.256000e+01 1.447152e-01 2.195313e-08
2.256000e+01 2.021730e-01 3.370570e-08
2.256000e+01 2.832939e-01 4.829152e-08
2.256000e+01 3.966153e-01 6.169394e-08
2.256000e+01 5.551303e-01 7.485888e-08
2.256000e+01 7.773414e-01 8.212475e-08
2.256000e+01 1.088304e+00 6.928507e-08
2.256000e+01 1.523572e+00 3.199969e-08
2.256000e+01 2.088051e+00 9.803626e-10
2.256000e+01 2.685305e+00 -3.903074e-09
2.303000e+01 1.570796e-02 1.636605e-10
2.303000e+01 2.387861e-02 5.744948e-10
2.303000e+01 3.578130e-02 2.368952e-09
2.303000e+01 5.268943e-02 6.343666e-09
2.303000e+01 7.330240e-02 1.083971e-08
2.303000e+01 1.026252e-01 1.645821e-08
2.303000e+01 1.447152e-01 2.332154e-08
2.303000e+01 2.021730e-01 3.496848e-08
2.303000e+01 2.832939e-01 4.905326e-08
2.303000e+01 3.966153e-01 6.221009e-08
2.303000e+01 5.551303e-01 7.459421e-08
2.303000e+01 7.773414e-01 8.060667e-08
2.303000e+01 1.088304e+00 6.741476e-08
2.303000e+01 1.523572e+00 3.188955e-08
2.303000e+01 2.088051e+00 8.963975e-10
2.303000e+01 2.685305e+00 -4.702330e-09
2.351000e+01 1.570796e-02 1.743693e-10
2.351000e+01 2.387861e-02 6.356914e-10
2.351000e+01 3.578130e-02 2.470302e-09
2.351000e+01 5.268943e-02 6.540881e-09
2.351000e+01 7.330240e-02 1.092212e-08
2.351000e+01 1.026252e-01 1.681841e-08
2.351000e+01 1.447152e-01 2.362019e-08
2.351000e+01 2.021730e-01 3.497401e-08
2.351000e+01 2.832939e-01 4.844327e-08
2.351000e+01 3.966153e-01 6.123219e-08
2.351000e+01 5.551303e-01 7.282545e-08
2.351000e+01 7.773414e-01 7.773226e-08
2.351000e+01 1.088304e+00 6.493391e-08
2.351000e+01 1.523572e+00 3.137648e-08
2.351000e+01 2.088051e+00 1.887763e-09
2.351000e+01 2.685305e+00 -4.406123e-09
2.400000e+01 1.570796e-02 1.678732e-10
2.400000e+01 2.387861e-02 6.578793e-10
2.400000e+01 3.578130e-02 2.401747e-09
2.400000e+01 5.268943e-02 6.475290e-09
2.400000e+01 7.330240e-02 1.094707e-08
2.400000e+01 1.026252e-01 1.654671e-08
2.400000e+01 1.447152e-01 2.323734e-08
2.400000e+01 2.021730e-01 3.412478e-08
2.400000e+01 2.832939e-01 4.685671e-08
2.400000e+01 3.966153e-01 5.915009e-08
2.400000e+01 5.551303e-01 7.000582e-08
2.400000e+01 7.773414e-01 7.429519e-08
2.400000e+01 1.088304e+00 6.172112e-08
2.400000e+01 1.523572e+00 3.094633e-08
2.400000e+01 2.088051e+00 2.824706e-09
2.400000e+01 2.685305e+00 -4.226960e-09
2.450000e+01 1.570796e-02 1.579334e-10
2.450000e+01 2.387861e-02 6.530788e-10
2.450000e+01 3.578130e-02 2.320359e-09
2.450000e+01 5.268943e-02 6.248604e-09
2.450000e+01 7.330240e-02 1.033809e-08
2.450000e+01 1.026252e-01 1.596285e-08
2.450000e+01 1.447152e-01 2.241318e-08
2.450000e+01 2.021730e-01 3.271326e-08
2.450000e+01 2.832939e-01 4.466739e-08
2.450000e+01 3.966153e-01 5.644964e-08
2.450000e+01 5.551303e-01 6.658712e-08
2.450000e+01 7.773414e-01 7.017804e-08
2.450000e+01 1.088304e+00 5.828907e-08
2.450000e+01 1.523572e+00 3.048766e-08
2.450000e+01 2.088051e+00 4.081647e-09
2.450000e+01 2.685305e+00 -3.739661e-09
2.501000e+01 1.570796e-02 1.581364e-10
2.501000e+01 2.387861e-02 6.343513e-10
2.501000e+01 3.578130e-02 2.213448e-09
2.501000e+01 5.268943e-02 5.947558e-09
2.501000e+01 7.330240e-02 9.717493e-09
2.501000e+01 1.026252e-01 1.520326e-08
2.501000e+01 1.447152e-01 2.129737e-08
2.501000e+01 2.021730e-01 3.101318e-08
2.501000e+01 2.832939e-01 4.219024e-08
2.501000e+01 3.966153e-01 5.332960e-08
2.501000e+01 5.551303e-01 6.276725e-08
2.501000e+01 7.773414e-01 6.574319e-08
2.501000e+01 1.088304e+00 5.469631e-08
2.501000e+01 1.523572e+00 2.960501e-08
2.501000e+01 2.088051e+00 5.250786e-09
2.501000e+01 2.685305e+00 -3.203740e-09
2.553000e+01 1.570796e-02 1.530567e-10
2.553000e+01 2.387861e-02 6.048151e-10
2.553000e+01 3.578130e-02 2.080558e-09
2.553000e+01 5.268943e-02 5.586425e-09
2.553000e+01 7.330240e-02 9.168893e-09
2.553000e+01 1.026252e-01 1.428072e-08
2.553000e+01 1.447152e-01 2.003870e-08
2.553000e+01 2.021730e-01 2.908644e-08
2.553000e+01 2.832939e-01 3.947839e-08
2.553000e+01 3.966153e-01 4.994771e-08
2.553000e+01 5.551303e-01 5.872240e-08
2.553000e+01 7.773414e-01 6.120954e-08
2.553000e+01 1.088304e+00 5.102149e-08
2.553000e+01 1.523572e+00 2.863760e-08
2.553000e+01 2.088051e+00 6.500412e-09
2.553000e+01 2.685305e+00 -2.623465e-09
2.606000e+01 1.570796e-02 1.272689e-10
2.606000e+01 2.387861e-02 5.684924e-10
2.606000e+01 3.578130e-02 1.935495e-09
2.606000e+01 5.268943e-02 5.205772e-09
2.606000e+01 7.330240e-02 8.659020e-09
2.606000e+01 1.026252e-01 1.331384e-08
2.606000e+01 1.447152e-01 1.870874e-08
2.606000e+01 2.021730e-01 2.709324e-08
2.606000e+01 2.832939e-01 3.667271e-08
2.606000e+01 3.966153e-01 4.646176e-08
2.606000e+01 5.551303e-01 5.455815e-08
2.606000e+01 7.773414e-01 5.671254e-08
2.606000e+01 1.088304e+00 4.743469e-08
2.606000e+01 1.523572e+00 2.771443e-08
2.606000e+01 2.088051e+00 7.754796e-09
2.606000e+01 2.685305e+00 -1.832171e-09
2.660000e+01 1.570796e-02 1.218232e-10
2.660000e+01 2.387861e-02 5.287645e-10
2.660000e+01 3.578130e-02 1.831924e-09
2.660000e+01 5.268943e-02 4.833211e-09
2.660000e+01 7.330240e-02 8.012308e-09
2.660000e+01 1.026252e-01 1.234373e-08
2.660000e+01 1.447152e-01 1.729099e-08
2.660000e+01 2.021730e-01 2.503820e-08
2.660000e+01 2.832939e-01 3.393047e-08
2.660000e+01 3.966153e-01 4.293733e-08
2.660000e+01 5.551303e-01 5.035508e-08
2.660000e+01 7.773414e-01 5.220662e-08
2.660000e+01 1.088304e+00 4.385662e-08
2.660000e+01 1.523572e+00 2.665659e-08
2.660000e+01 2.088051e+00 8.891989e-09
2.660000e+01 2.685305e+00 -6.907856e-10
2.715000e+01 1.570796e-02 1.134932e-10
2.715000e+01 2.387861e-02 4.888582e-10
2.715000e+01 3.578130e-02 1.647991e-09
2.715000e+01 5.268943e-02 4.398909e-09
2.715000e+01 7.330240e-02 7.114926e-09
2.715000e+01 1.026252e-01 1.130931e-08
2.715000e+01 1.447152e-01 1.581648e-08
2.715000e+01 2.021730e-01 2.295236e-08
2.715000e+01 2.832939e-01 3.100249e-08
2.715000e+01 3.966153e-01 3.932451e-08
2.715000e+01 5.551303e-01 4.607467e-08
2.715000e+01 7.773414e-01 4.768921e-08
2.715000e+01 1.088304e+00 4.036811e-08
2.715000e+01 1.523572e+00 2.569091e-08
2.715000e+01 2.088051e+00 9.844068e-09
2.715000e+01 2.685305e+00 -6.509322e-11
2.771000e+01 1.570796e-02 1.118276e-10
2.771000e+01 2.387861e-02 4.449472e-10
2.771000e+01 3.578130e-02 1.525349e-09
2.771000e+01 5.268943e-02 4.038160e-09
2.771000e+01 7.330240e-02 6.805889e-09
2.771000e+01 1.026252e-01 1.031658e-08
2.771000e+01 1.447152e-01 1.443247e-08
2.771000e+01 2.021730e-01 2.092590e-08
2.771000e+01 2.832939e-01 2.825425e-08
2.771000e+01 3.966153e-01 3.583384e-08
2.771000e+01 5.551303e-01 4.199540e-08
2.771000e+01 7.773414e-01 4.331624e-08
2.771000e+01 1.088304e+00 3.698183e-08
2.771000e+01 1.523572e+00 2.472268e-08
2.771000e+01 2.088051e+00 1.071288e-08
2.771000e+01 2.685305e+00 7.503965e-10
2.829000e+01 1.570796e-02 8.412408e-11
2.829000e+01 2.387861e-02 4.040945e-10
2.829000e+01 3.578130e-02 1.335081e-09
2.829000e+01 5.268943e-02 3.608574e-09
2.829000e+01 7.330240e-02 5.915386e-09
2.829000e+01 1.026252e-01 9.281945e-09
2.829000e+01 1.447152e-01 1.303739e-08
2.829000e+01 2.021730e-01 1.886743e-08
2.829000e+01 2.832939e-01 2.539598e-08
2.829000e+01 3.966153e-01 3.225567e-08
2.829000e+01 5.551303e-01 3.774147e-08
2.829000e+01 7.773414e-01 3.891216e-08
2.829000e+01 1.088304e+00 3.355428e-08
2.829000e+01 1.523572e+00 2.355212e-08
2.829000e+01 2.088051e+00 1.153551e-08
2.829000e+01 2.685305e+00 1.584063e-09
2.887000e+01 1.570796e-02 5.912235e-11
2.887000e+01 2.387861e-02 3.610224e-10
2.887000e+01 3.578130e-02 1.192654e-09
2.887000e+01 5.268943e-02 3.223054e-09
2.887000e+01 7.330240e-02 5.193121e-09
2.887000e+01 1.026252e-01 8.291934e-09
2.887000e+01 1.447152e-01 1.160413e-08
2.887000e+01 2.021730e-01 1.684215e-08
2.887000e+01 2.832939e-01 2.269216e-08
2.887000e+01 3.966153e-01 2.880086e-08
2.887000e+01 5.551303e-01 3.370362e-08
2.887000e+01 7.773414e-01 3.470340e-08
2.887000e+01 1.088304e+00 3.018180e-08
2.887000e+01 1.523572e+00 2.224722e-08
2.887000e+01 2.088051e+00 1.221080e-08
2.887000e+01 2.685305e+00 2.488495e-09
2.947000e+01 1.570796e-02 6.304708e-11
2.947000e+01 2.387861e-02 3.194414e-10
2.947000e+01 3.578130e-02 1.063306e-09
2.947000e+01 5.268943e-02 2.845317e-09
2.947000e+01 7.330240e-02 4.564875e-09
2.947000e+01 1.026252e-01 7.320302e-09
2.947000e+01 1.447152e-01 1.024167e-08
2.947000e+01 2.021730e-01 1.487185e-08
2.947000e+01 2.832939e-01 2.001443e-08
2.947000e+01 3.966153e-01 2.541076e-08
2.947000e+01 5.551303e-01 2.970918e-08
2.947000e+01 7.773414e-01 3.053270e-08
2.947000e+01 1.088304e+00 2.673800e-08
2.947000e+01 1.523572e+00 2.067563e-08
2.947000e+01 2.088051e+00 1.265139e-08
2.947000e+01 2.685305e+00 3.303766e-09
3.008000e+01 1.570796e-02 4.209017e-11
3.008000e+01 2.387861e-02 2.783360e-10
3.008000e+01 3.578130e-02 9.150588e-10
3.008000e+01 5.268943e-02 2.478266e-09
3.008000e+01 7.330240e-02 3.974816e-09
3.008000e+01 1.026252e-01 6.358744e-09
3.008000e+01 1.447152e-01 8.916747e-09
3.008000e+01 2.021730e-01 1.293175e-08
3.008000e+01 2.832939e-01 1.740449e-08
3.008000e+01 3.966153e-01 2.210636e-08
3.008000e+01 5.551303e-01 2.581728e-08
3.008000e+01 7.773414e-01 2.647707e-08
3.008000e+01 1.088304e+00 2.331897e-08
3.008000e+01 1.523572e+00 1.875663e-08
3.008000e+01 2.088051e+00 1.258483e-08
3.008000e+01 2.685305e+00 3.855994e-09
3.070000e+01 1.570796e-02 3.225264e-11
3.070000e+01 2.387861e-02 2.377910e-10
3.070000e+01 3.578130e-02 7.779524e-10
3.070000e+01 5.268943e-02 2.114180e-09
3.070000e+01 7.330240e-02 3.391620e-09
3.070000e+01 1.026252e-01 5.433052e-09
3.070000e+01 1.447152e-01 7.594811e-09
3.070000e+01 2.021730e-01 1.103515e-08
3.070000e+01 2.832939e-01 1.483480e-08
3.070000e+01 3.966153e-01 1.885705e-08
3.070000e+01 5.551303e-01 2.196092e-08
3.070000e+01 7.773414e-01 2.248044e-08
3.070000e+01 1.088304e+00 1.971186e-08
3.070000e+01 1.523572e+00 1.613096e-08
3.070000e+01 2.088051e+00 1.133984e-08
3.070000e+01 2.685305e+00 3.569068e-09
3.134000e+01 1.570796e-02 5.058378e-11
3.134000e+01 2.387861e-02 1.988607e-10
3.134000e+01 3.578130e-02 6.560780e-10
3.134000e+01 5.268943e-02 1.761222e-09
3.134000e+01 7.330240e-02 2.943999e-09
3.134000e+01 1.026252e-01 4.563951e-09
3.134000e+01 1.447152e-01 6.432196e-09
3.134000e+01 2.021730e-01 9.269845e-09
3.134000e+01 2.832939e-01 1.241532e-08
3.134000e+01 3.966153e-01 1.572250e-08
3.134000e+01 5.551303e-01 1.830294e-08
3.134000e+01 7.773414e-01 1.855143e-08
3.134000e+01 1.088304e+00 1.604483e-08
3.134000e+01 1.523572e+00 1.294126e-08
3.134000e+01 2.088051e+00 8.978607e-09
3.134000e+01 2.685305e+00 2.545087e-09
3.198000e+01 1.570796e-02 2.261272e-11
3.198000e+01 2.387861e-02 1.588365e-10
3.198000e+01 3.578130e-02 5.231254e-10
3.198000e+01 5.268943e-02 1.411764e-09
3.198000e+01 7.330240e-02 2.255178e-09
3.198000e+01 1.026252e-01 3.636291e-09
3.198000e+01 1.447152e-01 5.108574e-09
3.198000e+01 2.021730e-01 7.404025e-09
3.198000e+01 2.832939e-01 9.941999e-09
3.198000e+01 3.966153e-01 1.259067e-08
3.198000e+01 5.551303e-01 1.460727e-08
3.198000e+01 7.773414e-01 1.469935e-08
3.198000e+01 1.088304e+00 1.245998e-08
3.198000e+01 1.523572e+00 9.641877e-09
3.198000e+01 2.088051e+00 6.352781e-09
3.198000e+01 2.685305e+00 1.521267e-09
3.264000e+01 1.570796e-02 3.531064e-11
3.264000e+01 2.387861e-02 1.227347e-10
3.264000e+01 3.578130e-02 4.049058e-10
3.264000e+01 5.268943e-02 1.088585e-09
3.264000e+01 7.330240e-02 1.829813e-09
3.264000e+01 1.026252e-01 2.839794e-09
3.264000e+01 1.447152e-01 3.987567e-09
3.264000e+01 2.021730e-01 5.714755e-09
3.264000e+01 2.832939e-01 7.650039e-09
3.264000e+01 3.966153e-01 9.640236e-09
3.264000e+01 5.551303e-01 1.112914e-08
3.264000e+01 7.773414e-01 1.107569e-08
3.264000e+01 1.088304e+00 9.115808e-09
3.264000e+01 1.523572e+00 6.654356e-09
3.264000e+01 2.088051e+00 4.091720e-09
3.264000e+01 2.685305e+00 8.419025e-10
3.332000e+01 1.570796e-02 9.229094e-12
3.332000e+01 2.387861e-02 7.501176e-11
3.332000e+01 3.578130e-02 2.564729e-10
3.332000e+01 5.268943e-02 7.040450e-10
3.332000e+01 7.330240e-02 1.087288e-09
3.332000e+01 1.026252e-01 1.830330e-09
3.332000e+01 1.447152e-01 2.604470e-09
3.332000e+01 2.021730e-01 3.813597e-09
3.332000e+01 2.832939e-01 5.163595e-09
3.332000e+01 3.966153e-01 6.562394e-09
3.332000e+01 5.551303e-01 7.563620e-09
3.332000e+01 7.773414e-01 7.495425e-09
3.332000e+01 1.088304e+00 5.983873e-09
3.332000e+01 1.523572e+00 4.107388e-09
3.332000e+01 2.088051e+00 2.340418e-09
3.332000e+01 2.685305e+00 3.732779e-10
3.400000e+01 1.570796e-02 1.567308e-12
3.400000e+01 2.387861e-02 4.145532e-11
3.400000e+01 3.578130e-02 1.370715e-10
3.400000e+01 5.268943e-02 3.805815e-10
3.400000e+01 7.330240e-02 5.732232e-10
3.400000e+01 1.026252e-01 1.012076e-09
3.400000e+01 1.447152e-01 1.453886e-09
3.400000e+01 2.021730e-01 2.137142e-09
3.400000e+01 2.832939e-01 2.927229e-09
3.400000e+01 3.966153e-01 3.735023e-09
3.400000e+01 5.551303e-01 4.278754e-09
3.400000e+01 7.773414e-01 4.193236e-09
3.400000e+01 1.088304e+00 3.226623e-09
3.400000e+01 1.523572e+00 2.004115e-09
3.400000e+01 2.088051e+00 9.981537e-10
3.400000e+01 2.685305e+00 1.320814e-10
3.470000e+01 1.570796e-02 1.809904e-13
3.470000e+01 2.387861e-02 1.011615e-11
3.470000e+01 3.578130e-02 2.848694e-11
3.470000e+01 5.268943e-02 9.241074e-11
3.470000e+01 7.330240e-02 1.291454e-10
3.470000e+01 1.026252e-01 2.290549e-10
3.470000e+01 1.447152e-01 3.243983e-10
3.470000e+01 2.021730e-01 4.716584e-10
3.470000e+01 2.832939e-01 6.448401e-10
3.470000e+01 3.966153e-01 8.248791e-10
3.470000e+01 5.551303e-01 9.436293e-10
3.470000e+01 7.773414e-01 9.189669e-10
3.470000e+01 1.088304e+00 6.816910e-10
3.470000e+01 1.523572e+00 3.669610e-10
3.470000e+01 2.088051e+00 1.449072e-10
3.470000e+01 2.685305e+00 8.423449e-12
