5.0 0.01570796326794897 0.0
5.0 0.023462558633972192 0.0
5.0 0.03503514218779029 0.0
5.0 0.05263150808357201 0.0
5.0 0.0731423493547288 0.0
5.0 0.1025927647713422 0.0
5.0 0.14481159820038791 0.0
5.0 0.20234603287313824 0.0
5.0 0.2834245013168247 0.0
5.0 0.3967448265966417 0.0
5.0 0.5552782518837672 0.0
5.0 0.7774818770639701 0.0
5.0 1.0884445474248694 0.0
5.0 1.5237112672761537 0.0
5.0 2.088426337077478 0.0
5.0 2.685504776398588 0.0
5.12 0.01570796326794897 -2.5411544179598716e-05
5.12 0.023462558633972192 -0.00010437096313619858
5.12 0.03503514218779029 -7.264492305124108e-05
5.12 0.05263150808357201 -3.252804729523753e-05
5.12 0.0731423493547288 -8.911345259510046e-05
5.12 0.1025927647713422 -3.749352178677001e-05
5.12 0.14481159820038791 -7.145528104769697e-05
5.12 0.20234603287313824 -6.0503721051216456e-05
5.12 0.2834245013168247 -6.521588550163085e-05
5.12 0.3967448265966417 -5.9205809902914976e-05
5.12 0.5552782518837672 -4.907652592238507e-05
5.12 0.7774818770639701 -3.9136823858262325e-05
5.12 1.0884445474248694 -3.65778052894325e-05
5.12 1.5237112672761537 -3.812204352034035e-05
5.12 2.088426337077478 -3.8036274704190445e-05
5.12 2.685504776398588 -4.078549202362981e-05
5.2424 0.01570796326794897 -0.00012829732837649847
5.2424 0.023462558633972192 -0.000582768134548519
5.2424 0.03503514218779029 -0.00035904227012254896
5.2424 0.05263150808357201 -0.000405483649377688
5.2424 0.0731423493547288 -0.0006966483556528006
5.2424 0.1025927647713422 -0.0008371426140968736
5.2424 0.14481159820038791 -0.000509906553339001
5.2424 0.20234603287313824 -0.0006749220849473511
5.2424 0.2834245013168247 -0.0006265684061883563
5.2424 0.3967448265966417 -0.0005709094186629795
5.2424 0.5552782518837672 -0.00047159276549688025
5.2424 0.7774818770639701 -0.0003636073502263064
5.2424 1.0884445474248694 -0.00034272734359852515
5.2424 1.5237112672761537 -0.0003458118849550772
5.2424 2.088426337077478 -0.0003722861388870815
5.2424 2.685504776398588 -0.00040495529843526367
5.367248 0.01570796326794897 -0.00017290036578405357
5.367248 0.023462558633972192 -0.0011103287664841956
5.367248 0.03503514218779029 -0.0007966554259237218
5.367248 0.05263150808357201 -0.0014467628311013302
5.367248 0.0731423493547288 -0.0020584294865446024
5.367248 0.1025927647713422 -0.0022116138762211684
5.367248 0.14481159820038791 -0.0021471267815841607
5.367248 0.20234603287313824 -0.002009381767624465
5.367248 0.2834245013168247 -0.0019275766830875183
5.367248 0.3967448265966417 -0.001747565990011582
5.367248 0.5552782518837672 -0.001495674022908136
5.367248 0.7774818770639701 -0.0012464500436226498
5.367248 1.0884445474248694 -0.0010880371205949986
5.367248 1.5237112672761537 -0.0010658567027757282
5.367248 2.088426337077478 -0.0011452600627123006
5.367248 2.685504776398588 -0.001231733302234568
5.49459296 0.01570796326794897 -0.0001996396256618016
5.49459296 0.023462558633972192 -0.001666463549600783
5.49459296 0.03503514218779029 -0.0012119050257598245
5.49459296 0.05263150808357201 -0.0028016975426358114
5.49459296 0.0731423493547288 -0.004424369502895041
5.49459296 0.1025927647713422 -0.004470774987600739
5.49459296 0.14481159820038791 -0.004614310178155814
5.49459296 0.20234603287313824 -0.0044462136988404006
5.49459296 0.2834245013168247 -0.00432750450431499
5.49459296 0.3967448265966417 -0.003870853347330115
5.49459296 0.5552782518837672 -0.0032939080942688747
5.49459296 0.7774818770639701 -0.0027781268844951834
5.49459296 1.0884445474248694 -0.002401112148131997
5.49459296 1.5237112672761537 -0.002295685515654236
5.49459296 2.088426337077478 -0.0024421789551452673
5.49459296 2.685504776398588 -0.0025891023939436713
5.624484819199999 0.01570796326794897 -0.00021928597772029042
5.624484819199999 0.023462558633972192 -0.0020869176130725803
5.624484819199999 0.03503514218779029 -0.0015919394055591439
5.624484819199999 0.05263150808357201 -0.004516085056587863
5.624484819199999 0.0731423493547288 -0.0076594784707555595
5.624484819199999 0.1025927647713422 -0.007922828227518922
5.624484819199999 0.14481159820038791 -0.00847515414467151
5.624484819199999 0.20234603287313824 -0.008354120945354634
5.624484819199999 0.2834245013168247 -0.0080213158665824
5.624484819199999 0.3967448265966417 -0.007141941308418881
5.624484819199999 0.5552782518837672 -0.006136465902923507
5.624484819199999 0.7774818770639701 -0.0051916039885046795
5.624484819199999 1.0884445474248694 -0.004501833234461403
5.624484819199999 1.5237112672761537 -0.004179249323196798
5.624484819199999 2.088426337077478 -0.004438323037017465
5.624484819199999 2.685504776398588 -0.00465252707777371
5.756974515584 0.01570796326794897 -0.0002520168039533348
5.756974515584 0.023462558633972192 -0.002425951362856468
5.756974515584 0.03503514218779029 -0.002026473690852762
5.756974515584 0.05263150808357201 -0.00597209137982453
5.756974515584 0.0731423493547288 -0.011041882586908757
5.756974515584 0.1025927647713422 -0.011848067769787838
5.756974515584 0.14481159820038791 -0.01330341323728412
5.756974515584 0.20234603287313824 -0.013350120186730263
5.756974515584 0.2834245013168247 -0.0127761523069014
5.756974515584 0.3967448265966417 -0.011469497449601676
5.756974515584 0.5552782518837672 -0.009929155722392105
5.756974515584 0.7774818770639701 -0.008483734655208075
5.756974515584 1.0884445474248694 -0.007298189229207311
5.756974515584 1.5237112672761537 -0.006648120054096887
5.756974515584 2.088426337077478 -0.006996936853760857
5.756974515584 2.685504776398588 -0.007269510595429794
5.89211400589568 0.01570796326794897 -0.0002811596372505097
5.89211400589568 0.023462558633972192 -0.002361904226026107
5.89211400589568 0.03503514218779029 -0.0023787291486062805
5.89211400589568 0.05263150808357201 -0.00727702332323498
5.89211400589568 0.0731423493547288 -0.013911920195691008
5.89211400589568 0.1025927647713422 -0.015551502456505216
5.89211400589568 0.14481159820038791 -0.017747713562541234
5.89211400589568 0.20234603287313824 -0.0185208549447924
5.89211400589568 0.2834245013168247 -0.01773461647629401
5.89211400589568 0.3967448265966417 -0.016389270971617995
5.89211400589568 0.5552782518837672 -0.014337977484689728
5.89211400589568 0.7774818770639701 -0.012170431611493
5.89211400589568 1.0884445474248694 -0.010374988695517574
5.89211400589568 1.5237112672761537 -0.009352844399414471
5.89211400589568 2.088426337077478 -0.009732152659435469
5.89211400589568 2.685504776398588 -0.010002283220839077
6.029956286013594 0.01570796326794897 -0.0002903231488007981
6.029956286013594 0.023462558633972192 -0.002250398445438574
6.029956286013594 0.03503514218779029 -0.002590389908690065
6.029956286013594 0.05263150808357201 -0.007866538109768327
6.029956286013594 0.0731423493547288 -0.016097257841061974
6.029956286013594 0.1025927647713422 -0.01865805668544998
6.029956286013594 0.14481159820038791 -0.02152129338684899
6.029956286013594 0.20234603287313824 -0.02338460398128662
6.029956286013594 0.2834245013168247 -0.022824870578077684
6.029956286013594 0.3967448265966417 -0.021251680684147626
6.029956286013594 0.5552782518837672 -0.01893244062528263
6.029956286013594 0.7774818770639701 -0.016059240900878628
6.029956286013594 1.0884445474248694 -0.013608482854771179
6.029956286013594 1.5237112672761537 -0.01214217080149856
6.029956286013594 2.088426337077478 -0.012545474553225834
6.029956286013594 2.685504776398588 -0.01287406897719148
6.170555411733866 0.01570796326794897 -0.00029872761476036484
6.170555411733866 0.023462558633972192 -0.0021610191438744693
6.170555411733866 0.03503514218779029 -0.002670055828321167
6.170555411733866 0.05263150808357201 -0.007933958865781503
6.170555411733866 0.0731423493547288 -0.017394154980808763
6.170555411733866 0.1025927647713422 -0.0206882780867982
6.170555411733866 0.14481159820038791 -0.024487713026677595
6.170555411733866 0.20234603287313824 -0.02760197246829115
6.170555411733866 0.2834245013168247 -0.02732083676332375
6.170555411733866 0.3967448265966417 -0.025990055127585253
6.170555411733866 0.5552782518837672 -0.023217582695036515
6.170555411733866 0.7774818770639701 -0.01995947115618181
6.170555411733866 1.0884445474248694 -0.016757357744606988
6.170555411733866 1.5237112672761537 -0.014814644861781582
6.170555411733866 2.088426337077478 -0.01517608780750013
6.170555411733866 2.685504776398588 -0.015495493657560247
6.313966519968544 0.01570796326794897 -0.0003013622202419411
6.313966519968544 0.023462558633972192 -0.0020008500447950568
6.313966519968544 0.03503514218779029 -0.0026139893637913943
6.313966519968544 0.05263150808357201 -0.007732924905998856
6.313966519968544 0.0731423493547288 -0.017741616232328797
6.313966519968544 0.1025927647713422 -0.02208294507427496
6.313966519968544 0.14481159820038791 -0.026857711257381
6.313966519968544 0.20234603287313824 -0.03095546867735343
6.313966519968544 0.2834245013168247 -0.031362493618282465
6.313966519968544 0.3967448265966417 -0.030351512590248493
6.313966519968544 0.5552782518837672 -0.027405449358967462
6.313966519968544 0.7774818770639701 -0.023701667029509186
6.313966519968544 1.0884445474248694 -0.019838547286728736
6.313966519968544 1.5237112672761537 -0.017409556160411375
6.313966519968544 2.088426337077478 -0.017696386215684996
6.313966519968544 2.685504776398588 -0.017785455050988372
6.460245850367914 0.01570796326794897 -0.00028611280310356384
6.460245850367914 0.023462558633972192 -0.0018782603119520923
6.460245850367914 0.03503514218779029 -0.002443391036625691
6.460245850367914 0.05263150808357201 -0.007334055988202129
6.460245850367914 0.0731423493547288 -0.017337339465851268
6.460245850367914 0.1025927647713422 -0.022578295263064225
6.460245850367914 0.14481159820038791 -0.028317908692104182
6.460245850367914 0.20234603287313824 -0.033477638183479465
6.460245850367914 0.2834245013168247 -0.03452794873246657
6.460245850367914 0.3967448265966417 -0.03403715814374605
6.460245850367914 0.5552782518837672 -0.03114616117039995
6.460245850367914 0.7774818770639701 -0.02713649412028513
6.460245850367914 1.0884445474248694 -0.02263299181056597
6.460245850367914 1.5237112672761537 -0.01981939613611541
6.460245850367914 2.088426337077478 -0.019909523391317845
6.460245850367914 2.685504776398588 -0.019718557117423083
6.6094507673752725 0.01570796326794897 -0.0002669627567592128
6.6094507673752725 0.023462558633972192 -0.001774893718311802
6.6094507673752725 0.03503514218779029 -0.0022768499914354967
6.6094507673752725 0.05263150808357201 -0.0068551416983938535
6.6094507673752725 0.0731423493547288 -0.016529196368598183
6.6094507673752725 0.1025927647713422 -0.02228439780439801
6.6094507673752725 0.14481159820038791 -0.028837381847732286
6.6094507673752725 0.20234603287313824 -0.035116619466899285
6.6094507673752725 0.2834245013168247 -0.0369912451643393
6.6094507673752725 0.3967448265966417 -0.03718563605896076
6.6094507673752725 0.5552782518837672 -0.03446932562409563
6.6094507673752725 0.7774818770639701 -0.0301606949532314
6.6094507673752725 1.0884445474248694 -0.02524079714783188
6.6094507673752725 1.5237112672761537 -0.02201408294241534
6.6094507673752725 2.088426337077478 -0.021858332298851983
6.6094507673752725 2.685504776398588 -0.021531780735500862
6.761639782722777 0.01570796326794897 -0.0002438688971958476
6.761639782722777 0.023462558633972192 -0.001673697335791299
6.761639782722777 0.03503514218779029 -0.0021190194782874255
6.761639782722777 0.05263150808357201 -0.006381261579097347
6.761639782722777 0.0731423493547288 -0.01551546333781285
6.761639782722777 0.1025927647713422 -0.021467687355715
6.761639782722777 0.14481159820038791 -0.028706434004875537
6.761639782722777 0.20234603287313824 -0.03608176023856298
6.761639782722777 0.2834245013168247 -0.03876797550200193
6.761639782722777 0.3967448265966417 -0.03956021127326246
6.761639782722777 0.5552782518837672 -0.03728419961254074
6.761639782722777 0.7774818770639701 -0.03284395432871315
6.761639782722777 1.0884445474248694 -0.027532023936123324
6.761639782722777 1.5237112672761537 -0.023945101090134917
6.761639782722777 2.088426337077478 -0.023604923711591036
6.761639782722777 2.685504776398588 -0.02305941840159154
6.916872578377234 0.01570796326794897 -0.00022549105574207472
6.916872578377234 0.023462558633972192 -0.0015519613649563578
6.916872578377234 0.03503514218779029 -0.0019668873618284687
6.916872578377234 0.05263150808357201 -0.005941883506679199
6.916872578377234 0.0731423493547288 -0.014429407914867546
6.916872578377234 0.1025927647713422 -0.020332658773146328
6.916872578377234 0.14481159820038791 -0.027924312103460736
6.916872578377234 0.20234603287313824 -0.036147598905591126
6.916872578377234 0.2834245013168247 -0.03976155117404316
6.916872578377234 0.3967448265966417 -0.04123252250464484
6.916872578377234 0.5552782518837672 -0.03939049417124727
6.916872578377234 0.7774818770639701 -0.035099182050183544
6.916872578377234 1.0884445474248694 -0.029478368188628805
6.916872578377234 1.5237112672761537 -0.025630063923972605
6.916872578377234 2.088426337077478 -0.025104822729775333
6.916872578377234 2.685504776398588 -0.024272894921865674
7.075210029944778 0.01570796326794897 -0.0002101872321380319
7.075210029944778 0.023462558633972192 -0.0014291909642021837
7.075210029944778 0.03503514218779029 -0.0018213048183686215
7.075210029944778 0.05263150808357201 -0.005509140623224346
7.075210029944778 0.0731423493547288 -0.013369794562686232
7.075210029944778 0.1025927647713422 -0.019064027468725715
7.075210029944778 0.14481159820038791 -0.026715156278901683
7.075210029944778 0.20234603287313824 -0.035540669391113715
7.075210029944778 0.2834245013168247 -0.040047863922511626
7.075210029944778 0.3967448265966417 -0.042307178663309804
7.075210029944778 0.5552782518837672 -0.04094008408873205
7.075210029944778 0.7774818770639701 -0.036841147877198666
7.075210029944778 1.0884445474248694 -0.031128817157840168
7.075210029944778 1.5237112672761537 -0.02698934518556309
7.075210029944778 2.088426337077478 -0.02634609018142311
7.075210029944778 2.685504776398588 -0.025144896820412974
7.236714230543676 0.01570796326794897 -0.00019573134427314142
7.236714230543676 0.023462558633972192 -0.0013050213872883231
7.236714230543676 0.03503514218779029 -0.0016782404681310165
7.236714230543676 0.05263150808357201 -0.005068419367891906
7.236714230543676 0.0731423493547288 -0.012289698207610616
7.236714230543676 0.1025927647713422 -0.017717626038065783
7.236714230543676 0.14481159820038791 -0.025299226937778488
7.236714230543676 0.20234603287313824 -0.03437711015584252
7.236714230543676 0.2834245013168247 -0.03973816805529951
7.236714230543676 0.3967448265966417 -0.04274569431241417
7.236714230543676 0.5552782518837672 -0.041935634646251226
7.236714230543676 0.7774818770639701 -0.0381741027643295
7.236714230543676 1.0884445474248694 -0.032401251885475706
7.236714230543676 1.5237112672761537 -0.028156708699506292
7.236714230543676 2.088426337077478 -0.027328620198718512
7.236714230543676 2.685504776398588 -0.025908902885907026
7.401448515154549 0.01570796326794897 -0.00017846156857118892
7.401448515154549 0.023462558633972192 -0.0011841992657925175
7.401448515154549 0.03503514218779029 -0.0015422000130554025
7.401448515154549 0.05263150808357201 -0.004639751934392739
7.401448515154549 0.0731423493547288 -0.011236474492796723
7.401448515154549 0.1025927647713422 -0.01635610952161643
7.401448515154549 0.14481159820038791 -0.02369392756890105
7.401448515154549 0.20234603287313824 -0.03283315965951692
7.401448515154549 0.2834245013168247 -0.038866206928226864
7.401448515154549 0.3967448265966417 -0.0425902250997357
7.401448515154549 0.5552782518837672 -0.04247614321593922
7.401448515154549 0.7774818770639701 -0.039066994072882034
7.401448515154549 1.0884445474248694 -0.03335383775534998
7.401448515154549 1.5237112672761537 -0.029015119250511312
7.401448515154549 2.088426337077478 -0.02806305864134881
7.401448515154549 2.685504776398588 -0.026452237113302527
7.5694774854576385 0.01570796326794897 -0.00016160141531793977
7.5694774854576385 0.023462558633972192 -0.0010812373540021328
7.5694774854576385 0.03503514218779029 -0.0014198006320384495
7.5694774854576385 0.05263150808357201 -0.004253725642002856
7.5694774854576385 0.0731423493547288 -0.010245850728784256
7.5694774854576385 0.1025927647713422 -0.015034462915529338
7.5694774854576385 0.14481159820038791 -0.02199872753494132
7.5694774854576385 0.20234603287313824 -0.031001401093721518
7.5694774854576385 0.2834245013168247 -0.037510246591121336
7.5694774854576385 0.3967448265966417 -0.0418937122229433
7.5694774854576385 0.5552782518837672 -0.04249668588302837
7.5694774854576385 0.7774818770639701 -0.0394939997832806
7.5694774854576385 1.0884445474248694 -0.033977405423999414
7.5694774854576385 1.5237112672761537 -0.029699544163466512
7.5694774854576385 2.088426337077478 -0.028600977615897413
7.5694774854576385 2.685504776398588 -0.02672613771583855
7.740867035166793 0.01570796326794897 -0.00014616709890953922
7.740867035166793 0.023462558633972192 -0.000991524921416734
7.740867035166793 0.03503514218779029 -0.0013049680724472926
7.740867035166793 0.05263150808357201 -0.0038777752570253775
7.740867035166793 0.0731423493547288 -0.009311303968276232
7.740867035166793 0.1025927647713422 -0.013746095031960543
7.740867035166793 0.14481159820038791 -0.02029029861843594
7.740867035166793 0.20234603287313824 -0.02903169418942152
7.740867035166793 0.2834245013168247 -0.035843610567694084
7.740867035166793 0.3967448265966417 -0.04072149408454248
7.740867035166793 0.5552782518837672 -0.042019131747802266
7.740867035166793 0.7774818770639701 -0.03949989661989852
7.740867035166793 1.0884445474248694 -0.03428075433077372
7.740867035166793 1.5237112672761537 -0.030136635984477533
7.740867035166793 2.088426337077478 -0.028974966428575555
7.740867035166793 2.685504776398588 -0.02687842985678631
7.915684375870128 0.01570796326794897 -0.00013458279533555892
7.915684375870128 0.023462558633972192 -0.0009019974311578097
7.915684375870128 0.03503514218779029 -0.0011988572018789196
7.915684375870128 0.05263150808357201 -0.003530490610670896
7.915684375870128 0.0731423493547288 -0.00845326837250146
7.915684375870128 0.1025927647713422 -0.012541741056918349
7.915684375870128 0.14481159820038791 -0.01861793019209427
7.915684375870128 0.20234603287313824 -0.02696520634302285
7.915684375870128 0.2834245013168247 -0.03389924335284434
7.915684375870128 0.3967448265966417 -0.03918789719995669
7.915684375870128 0.5552782518837672 -0.04106576888671027
7.915684375870128 0.7774818770639701 -0.0390730729876707
7.915684375870128 1.0884445474248694 -0.0342496571828401
7.915684375870128 1.5237112672761537 -0.030273308045317908
7.915684375870128 2.088426337077478 -0.029142216105148357
7.915684375870128 2.685504776398588 -0.026781240575408368
8.093998063387529 0.01570796326794897 -0.00012250691519910564
8.093998063387529 0.023462558633972192 -0.0008227026698261686
8.093998063387529 0.03503514218779029 -0.0010960147861867405
8.093998063387529 0.05263150808357201 -0.003209060447163512
8.093998063387529 0.0731423493547288 -0.007665919567197149
8.093998063387529 0.1025927647713422 -0.011425363312299954
8.093998063387529 0.14481159820038791 -0.01702258117072444
8.093998063387529 0.20234603287313824 -0.0248876579606786
8.093998063387529 0.2834245013168247 -0.03175880274075262
8.093998063387529 0.3967448265966417 -0.037347964082507394
8.093998063387529 0.5552782518837672 -0.039751670616296586
8.093998063387529 0.7774818770639701 -0.038298653284525135
8.093998063387529 1.0884445474248694 -0.03397882766848006
8.093998063387529 1.5237112672761537 -0.03019128054610842
8.093998063387529 2.088426337077478 -0.029097647153231182
8.093998063387529 2.685504776398588 -0.026580003916629902
8.275878024655281 0.01570796326794897 -0.0001112606828178639
8.275878024655281 0.023462558633972192 -0.0007474631507062662
8.275878024655281 0.03503514218779029 -0.0010019789557368713
8.275878024655281 0.05263150808357201 -0.0029019434515873874
8.275878024655281 0.0731423493547288 -0.006948872655384808
8.275878024655281 0.1025927647713422 -0.010361853223131212
8.275878024655281 0.14481159820038791 -0.01548903293546051
8.275878024655281 0.20234603287313824 -0.02285092420652636
8.275878024655281 0.2834245013168247 -0.0295262380639274
8.275878024655281 0.3967448265966417 -0.03529543524159788
8.275878024655281 0.5552782518837672 -0.03815403860149308
8.275878024655281 0.7774818770639701 -0.037223109123596006
8.275878024655281 1.0884445474248694 -0.03341168733246798
8.275878024655281 1.5237112672761537 -0.029926555978629844
8.275878024655281 2.088426337077478 -0.02890490944058865
8.275878024655281 2.685504776398588 -0.026319774269477656
8.461395585148386 0.01570796326794897 -0.0001003720157274863
8.461395585148386 0.023462558633972192 -0.0006772292005861537
8.461395585148386 0.03503514218779029 -0.0009099839040692027
8.461395585148386 0.05263150808357201 -0.0026238363076672155
8.461395585148386 0.0731423493547288 -0.0062771407326860035
8.461395585148386 0.1025927647713422 -0.009370820883342405
8.461395585148386 0.14481159820038791 -0.014032338156698269
8.461395585148386 0.20234603287313824 -0.020864306088807325
8.461395585148386 0.2834245013168247 -0.027252159470758083
8.461395585148386 0.3967448265966417 -0.03308575298150663
8.461395585148386 0.5552782518837672 -0.036309954637235436
8.461395585148386 0.7774818770639701 -0.035908952400556346
8.461395585148386 1.0884445474248694 -0.03263585648468517
8.461395585148386 1.5237112672761537 -0.029493893690162212
8.461395585148386 2.088426337077478 -0.028554305606606663
8.461395585148386 2.685504776398588 -0.02579557738674953
8.650623496851354 0.01570796326794897 -9.021097996503302e-05
8.650623496851354 0.023462558633972192 -0.0006130281686781883
8.650623496851354 0.03503514218779029 -0.000820696999506513
8.650623496851354 0.05263150808357201 -0.0023622592596457075
8.650623496851354 0.0731423493547288 -0.0056552278574622155
8.650623496851354 0.1025927647713422 -0.008450033696259858
8.650623496851354 0.14481159820038791 -0.012664164178630623
8.650623496851354 0.20234603287313824 -0.0189720669653102
8.650623496851354 0.2834245013168247 -0.02501623482614501
8.650623496851354 0.3967448265966417 -0.030806255273703325
8.650623496851354 0.5552782518837672 -0.0342930618280055
8.650623496851354 0.7774818770639701 -0.03436036887008754
8.650623496851354 1.0884445474248694 -0.031624073876745484
8.650623496851354 1.5237112672761537 -0.028839331922464326
8.650623496851354 2.088426337077478 -0.028018922901525148
8.650623496851354 2.685504776398588 -0.02512820237451548
8.843635966788382 0.01570796326794897 -8.118647337808775e-05
8.843635966788382 0.023462558633972192 -0.0005513706050782141
8.843635966788382 0.03503514218779029 -0.0007364844861107889
8.843635966788382 0.05263150808357201 -0.0021225443566272933
8.843635966788382 0.0731423493547288 -0.005076019303354411
8.843635966788382 0.1025927647713422 -0.007592412888388105
8.843635966788382 0.14481159820038791 -0.011393554928461528
8.843635966788382 0.20234603287313824 -0.017158656002230474
8.843635966788382 0.2834245013168247 -0.022833001062936127
8.843635966788382 0.3967448265966417 -0.02847916557341305
8.843635966788382 0.5552782518837672 -0.03214200799464824
8.843635966788382 0.7774818770639701 -0.032669813207230815
8.843635966788382 1.0884445474248694 -0.030420160985189182
8.843635966788382 1.5237112672761537 -0.028040513988272876
8.843635966788382 2.088426337077478 -0.027315036212874032
8.843635966788382 2.685504776398588 -0.024427746009959103
9.04050868612415 0.01570796326794897 -7.283125227438185e-05
9.04050868612415 0.023462558633972192 -0.0004941718108894508
9.04050868612415 0.03503514218779029 -0.0006586723324416606
9.04050868612415 0.05263150808357201 -0.001893584458007921
9.04050868612415 0.0731423493547288 -0.004537474911787335
9.04050868612415 0.1025927647713422 -0.006809661603611101
9.04050868612415 0.14481159820038791 -0.010218917922960093
9.04050868612415 0.20234603287313824 -0.015456467600675138
9.04050868612415 0.2834245013168247 -0.020741706982530472
9.04050868612415 0.3967448265966417 -0.026160863385900412
9.04050868612415 0.5552782518837672 -0.029908336089213464
9.04050868612415 0.7774818770639701 -0.030803220790421058
9.04050868612415 1.0884445474248694 -0.029062611762083825
9.04050868612415 1.5237112672761537 -0.027099925152751725
9.04050868612415 2.088426337077478 -0.02654393210599648
9.04050868612415 2.685504776398588 -0.02362798897762777
9.241318859846633 0.01570796326794897 -6.538519709019207e-05
9.241318859846633 0.023462558633972192 -0.00044124690983985136
9.241318859846633 0.03503514218779029 -0.0005911631057933256
9.241318859846633 0.05263150808357201 -0.0016870058583180008
9.241318859846633 0.0731423493547288 -0.004053001904435781
9.241318859846633 0.1025927647713422 -0.0060851758824913135
9.241318859846633 0.14481159820038791 -0.009141302277005776
9.241318859846633 0.20234603287313824 -0.013869519252420364
9.241318859846633 0.2834245013168247 -0.01875069617525341
9.241318859846633 0.3967448265966417 -0.023879200945670732
9.241318859846633 0.5552782518837672 -0.027648732403792464
9.241318859846633 0.7774818770639701 -0.028859051320077232
9.241318859846633 1.0884445474248694 -0.02758020322521677
9.241318859846633 1.5237112672761537 -0.026035288591848053
9.241318859846633 2.088426337077478 -0.025644088968288497
9.241318859846633 2.685504776398588 -0.02274310409246357
9.446145237043565 0.01570796326794897 -5.883129697691825e-05
9.446145237043565 0.023462558633972192 -0.0003930464286128101
9.446145237043565 0.03503514218779029 -0.000527524104374055
9.446145237043565 0.05263150808357201 -0.001506943068451417
9.446145237043565 0.0731423493547288 -0.00360592013250294
9.446145237043565 0.1025927647713422 -0.0054266692899934636
9.446145237043565 0.14481159820038791 -0.008165281668904109
9.446145237043565 0.20234603287313824 -0.012406601361160927
9.446145237043565 0.2834245013168247 -0.01687353937946194
9.446145237043565 0.3967448265966417 -0.021689709001067252
9.446145237043565 0.5552782518837672 -0.02539393188598641
9.446145237043565 0.7774818770639701 -0.026839685325684717
9.446145237043565 1.0884445474248694 -0.02603086716093196
9.446145237043565 1.5237112672761537 -0.02489551367085284
9.446145237043565 2.088426337077478 -0.024645531372290485
9.446145237043565 2.685504776398588 -0.02178253837177184
9.655068141784435 0.01570796326794897 -5.272217320711925e-05
9.655068141784435 0.023462558633972192 -0.00034886144134650124
9.655068141784435 0.03503514218779029 -0.00046885461517839406
9.655068141784435 0.05263150808357201 -0.0013380833300260626
9.655068141784435 0.0731423493547288 -0.0032039722852457765
9.655068141784435 0.1025927647713422 -0.004821240508973425
9.655068141784435 0.14481159820038791 -0.007260467186016199
9.655068141784435 0.20234603287313824 -0.011046745698055657
9.655068141784435 0.2834245013168247 -0.01510997882551018
9.655068141784435 0.3967448265966417 -0.019567654373715458
9.655068141784435 0.5552782518837672 -0.02317327230118104
9.655068141784435 0.7774818770639701 -0.024814716139323668
9.655068141784435 1.0884445474248694 -0.024379460210800608
9.655068141784435 1.5237112672761537 -0.023653924298097984
9.655068141784435 2.088426337077478 -0.023558214153508984
9.655068141784435 2.685504776398588 -0.020713204332082596
9.868169504620123 0.01570796326794897 -4.736662830228111e-05
9.868169504620123 0.023462558633972192 -0.0003083129925614884
9.868169504620123 0.03503514218779029 -0.00041689031578411837
9.868169504620123 0.05263150808357201 -0.001182240750618524
9.868169504620123 0.0731423493547288 -0.002832343326648353
9.868169504620123 0.1025927647713422 -0.004266248241313568
9.868169504620123 0.14481159820038791 -0.006434951426298313
9.868169504620123 0.20234603287313824 -0.009800139798527042
9.868169504620123 0.2834245013168247 -0.013466298439551569
9.868169504620123 0.3967448265966417 -0.017546576491800782
9.868169504620123 0.5552782518837672 -0.02100704772191325
9.868169504620123 0.7774818770639701 -0.022788166967008548
9.868169504620123 1.0884445474248694 -0.022718609612222558
9.868169504620123 1.5237112672761537 -0.022305630778751636
9.868169504620123 2.088426337077478 -0.02236388669724083
9.868169504620123 2.685504776398588 -0.01961254963816441
10.085532894712527 0.01570796326794897 -4.179545469740909e-05
10.085532894712527 0.023462558633972192 -0.0002747556343354717
10.085532894712527 0.03503514218779029 -0.0003682874153934228
10.085532894712527 0.05263150808357201 -0.0010425601910136206
10.085532894712527 0.0731423493547288 -0.002499893373753893
10.085532894712527 0.1025927647713422 -0.00376029402015825
10.085532894712527 0.14481159820038791 -0.005677221547698973
10.085532894712527 0.20234603287313824 -0.008667954172226875
10.085532894712527 0.2834245013168247 -0.011936990521061851
10.085532894712527 0.3967448265966417 -0.015643968523510857
10.085532894712527 0.5552782518837672 -0.018912605480571536
10.085532894712527 0.7774818770639701 -0.020795629438678864
10.085532894712527 1.0884445474248694 -0.021025437636828525
10.085532894712527 1.5237112672761537 -0.020935674067246564
10.085532894712527 2.088426337077478 -0.021125675461917064
10.085532894712527 2.685504776398588 -0.018449725296491824
10.30724355260678 0.01570796326794897 -3.653183257970542e-05
10.30724355260678 0.023462558633972192 -0.00024243793806651842
10.30724355260678 0.03503514218779029 -0.0003256532888110931
10.30724355260678 0.05263150808357201 -0.000914698014790858
10.30724355260678 0.0731423493547288 -0.0022016501062070227
10.30724355260678 0.1025927647713422 -0.0033052324908144433
10.30724355260678 0.14481159820038791 -0.004996422380101134
10.30724355260678 0.20234603287313824 -0.007625157162821139
10.30724355260678 0.2834245013168247 -0.010543264091516041
10.30724355260678 0.3967448265966417 -0.013898856263541131
10.30724355260678 0.5552782518837672 -0.01693495866529441
10.30724355260678 0.7774818770639701 -0.01885122683119561
10.30724355260678 1.0884445474248694 -0.01933230774471417
10.30724355260678 1.5237112672761537 -0.01950989842996321
10.30724355260678 2.088426337077478 -0.01988213508704196
10.30724355260678 2.685504776398588 -0.01729916533917059
10.533388423658916 0.01570796326794897 -3.21258838392779e-05
10.533388423658916 0.023462558633972192 -0.0002119335393926408
10.533388423658916 0.03503514218779029 -0.0002843348903916462
10.533388423658916 0.05263150808357201 -0.0008001079131786157
10.533388423658916 0.0731423493547288 -0.0019271556915738113
10.533388423658916 0.1025927647713422 -0.002894621496411781
10.533388423658916 0.14481159820038791 -0.004380870539352969
10.533388423658916 0.20234603287313824 -0.0066866529071975475
10.533388423658916 0.2834245013168247 -0.009263192925710588
10.533388423658916 0.3967448265966417 -0.012272836536094027
10.533388423658916 0.5552782518837672 -0.015080938969030084
10.533388423658916 0.7774818770639701 -0.01699885565609724
10.533388423658916 1.0884445474248694 -0.017677985265591417
10.533388423658916 1.5237112672761537 -0.018124284940254285
10.533388423658916 2.088426337077478 -0.01859409522158736
10.533388423658916 2.685504776398588 -0.016142929916023382
10.764056192132092 0.01570796326794897 -2.8151881360672167e-05
10.764056192132092 0.023462558633972192 -0.00018509718649404152
10.764056192132092 0.03503514218779029 -0.00024739262271252996
10.764056192132092 0.05263150808357201 -0.0006988810660905207
10.764056192132092 0.0731423493547288 -0.0016745047756756876
10.764056192132092 0.1025927647713422 -0.002520351667274277
10.764056192132092 0.14481159820038791 -0.0038158105684646735
10.764056192132092 0.20234603287313824 -0.005832411102498515
10.764056192132092 0.2834245013168247 -0.008091268302822995
10.764056192132092 0.3967448265966417 -0.01077716578335425
10.764056192132092 0.5552782518837672 -0.013338215063239534
10.764056192132092 0.7774818770639701 -0.015239546984208919
10.764056192132092 1.0884445474248694 -0.01606377266811427
10.764056192132092 1.5237112672761537 -0.016721929622777954
10.764056192132092 2.088426337077478 -0.017285058261181183
10.764056192132092 2.685504776398588 -0.015014893448395088
10.999337315974737 0.01570796326794897 -2.420465534776837e-05
10.999337315974737 0.023462558633972192 -0.0001622626138401425
10.999337315974737 0.03503514218779029 -0.0002137230904749812
10.999337315974737 0.05263150808357201 -0.0006074569302342541
10.999337315974737 0.0731423493547288 -0.001450440739775643
10.999337315974737 0.1025927647713422 -0.002184368972192687
10.999337315974737 0.14481159820038791 -0.0033151436391841327
10.999337315974737 0.20234603287313824 -0.005061073816732223
10.999337315974737 0.2834245013168247 -0.007032968854747228
10.999337315974737 0.3967448265966417 -0.00941453977624642
10.999337315974737 0.5552782518837672 -0.011729761780701826
10.999337315974737 0.7774818770639701 -0.013552112123536192
10.999337315974737 1.0884445474248694 -0.014497514016657234
10.999337315974737 1.5237112672761537 -0.01533433759033095
10.999337315974737 2.088426337077478 -0.015990622681235682
10.999337315974737 2.685504776398588 -0.013909972705409654
11.23932406229423 0.01570796326794897 -2.066757999359769e-05
11.23932406229423 0.023462558633972192 -0.00013983003462782686
11.23932406229423 0.03503514218779029 -0.00018497017423348597
11.23932406229423 0.05263150808357201 -0.0005230600189096452
11.23932406229423 0.0731423493547288 -0.0012549403069188226
11.23932406229423 0.1025927647713422 -0.0018860090937627642
11.23932406229423 0.14481159820038791 -0.002871000832072468
11.23932406229423 0.20234603287313824 -0.00437845966199959
11.23932406229423 0.2834245013168247 -0.006095897172042548
11.23932406229423 0.3967448265966417 -0.008185522705953515
11.23932406229423 0.5552782518837672 -0.010266294993735516
11.23932406229423 0.7774818770639701 -0.01200572529358229
11.23932406229423 1.0884445474248694 -0.013027405685771742
11.23932406229423 1.5237112672761537 -0.013984039146580295
11.23932406229423 2.088426337077478 -0.0147016126175046
11.23932406229423 2.685504776398588 -0.01280046384888377
11.484110543540115 0.01570796326794897 -1.7830326290212792e-05
11.484110543540115 0.023462558633972192 -0.0001198922444268221
11.484110543540115 0.03503514218779029 -0.00015960709824890785
11.484110543540115 0.05263150808357201 -0.0004502870646425699
11.484110543540115 0.0731423493547288 -0.0010791972365790908
11.484110543540115 0.1025927647713422 -0.001619629550742868
11.484110543540115 0.14481159820038791 -0.002474976742543937
11.484110543540115 0.20234603287313824 -0.003768146349438023
11.484110543540115 0.2834245013168247 -0.005258802199873314
11.484110543540115 0.3967448265966417 -0.00708529871662833
11.484110543540115 0.5552782518837672 -0.008926626018167107
11.484110543540115 0.7774818770639701 -0.01056232065025645
11.484110543540115 1.0884445474248694 -0.011634258324262606
11.484110543540115 1.5237112672761537 -0.012685086269548151
11.484110543540115 2.088426337077478 -0.01346283580744025
11.484110543540115 2.685504776398588 -0.011758280063774662
11.733792754410914 0.01570796326794897 -1.5503826589861107e-05
11.733792754410914 0.023462558633972192 -0.00010172136436253809
11.733792754410914 0.03503514218779029 -0.00013665746328458622
11.733792754410914 0.05263150808357201 -0.00038528522778226914
11.733792754410914 0.0731423493547288 -0.0009245982556485902
11.733792754410914 0.1025927647713422 -0.001385279569059742
11.733792754410914 0.14481159820038791 -0.0021243443873197394
11.733792754410914 0.20234603287313824 -0.0032294787505919693
11.733792754410914 0.2834245013168247 -0.004514158442862475
11.733792754410914 0.3967448265966417 -0.006096321164529355
11.733792754410914 0.5552782518837672 -0.0077253326516153985
11.733792754410914 0.7774818770639701 -0.009243103288056305
11.733792754410914 1.0884445474248694 -0.010339981691877132
11.733792754410914 1.5237112672761537 -0.011449304235933377
11.733792754410914 2.088426337077478 -0.012280153381589696
11.733792754410914 2.685504776398588 -0.010731596142279963
11.988468609499135 0.01570796326794897 -1.3155249818785535e-05
11.988468609499135 0.023462558633972192 -8.58663045799642e-05
11.988468609499135 0.03503514218779029 -0.00011600295665740427
11.988468609499135 0.05263150808357201 -0.000329527520784071
11.988468609499135 0.0731423493547288 -0.0007871384196660296
11.988468609499135 0.1025927647713422 -0.0011788170463708134
11.988468609499135 0.14481159820038791 -0.0018114525276835163
11.988468609499135 0.20234603287313824 -0.0027501603787273912
11.988468609499135 0.2834245013168247 -0.0038537602743444078
11.988468609499135 0.3967448265966417 -0.0052085284370768856
11.988468609499135 0.5552782518837672 -0.006635911928393561
11.988468609499135 0.7774818770639701 -0.008036191234760674
11.988468609499135 1.0884445474248694 -0.009116050497917036
11.988468609499135 1.5237112672761537 -0.010272898251363098
11.988468609499135 2.088426337077478 -0.01111317071572771
11.988468609499135 2.685504776398588 -0.009778386257466649
12.248237981689115 0.01570796326794897 -1.1032174497520578e-05
12.248237981689115 0.023462558633972192 -7.281700003492916e-05
12.248237981689115 0.03503514218779029 -9.820885462441805e-05
12.248237981689115 0.05263150808357201 -0.00027998159016648827
12.248237981689115 0.0731423493547288 -0.0006649572918068084
12.248237981689115 0.1025927647713422 -0.0009967082857001033
12.248237981689115 0.14481159820038791 -0.0015367630733249989
12.248237981689115 0.20234603287313824 -0.002330592826988159
12.248237981689115 0.2834245013168247 -0.0032710340781342715
12.248237981689115 0.3967448265966417 -0.0044351716013893774
12.248237981689115 0.5552782518837672 -0.005665807219828125
12.248237981689115 0.7774818770639701 -0.006941523773052588
12.248237981689115 1.0884445474248694 -0.00800312772081795
12.248237981689115 1.5237112672761537 -0.009153907143143692
12.248237981689115 2.088426337077478 -0.010023832678255505
12.248237981689115 2.685504776398588 -0.008847859624992389
12.513202741322901 0.01570796326794897 -9.227038560716508e-06
12.513202741322901 0.023462558633972192 -6.212973009186404e-05
12.513202741322901 0.03503514218779029 -8.305399446683717e-05
12.513202741322901 0.05263150808357201 -0.00023572633374629635
12.513202741322901 0.0731423493547288 -0.0005615724789858805
12.513202741322901 0.1025927647713422 -0.0008396892128496918
12.513202741322901 0.14481159820038791 -0.001299355006877778
12.513202741322901 0.20234603287313824 -0.001966266690401956
12.513202741322901 0.2834245013168247 -0.002767268208963669
12.513202741322901 0.3967448265966417 -0.003751356629828119
12.513202741322901 0.5552782518837672 -0.004818485605791456
12.513202741322901 0.7774818770639701 -0.005967292259039722
12.513202741322901 1.0884445474248694 -0.0069841730702484145
12.513202741322901 1.5237112672761537 -0.008104861336733472
12.513202741322901 2.088426337077478 -0.008953486780596796
12.513202741322901 2.685504776398588 -0.007967562261317108
12.783466796149359 0.01570796326794897 -7.579553690483698e-06
12.783466796149359 0.023462558633972192 -5.179931458123031e-05
12.783466796149359 0.03503514218779029 -7.01800031400537e-05
12.783466796149359 0.05263150808357201 -0.0001984815271493017
12.783466796149359 0.0731423493547288 -0.00047196924527334377
12.783466796149359 0.1025927647713422 -0.0007037572936369491
12.783466796149359 0.14481159820038791 -0.001092673012138265
12.783466796149359 0.20234603287313824 -0.0016501711025633913
12.783466796149359 0.2834245013168247 -0.002327589034832491
12.783466796149359 0.3967448265966417 -0.003157106055288724
12.783466796149359 0.5552782518837672 -0.004074408144905332
12.783466796149359 0.7774818770639701 -0.005099536329906735
12.783466796149359 1.0884445474248694 -0.006060846950862654
12.783466796149359 1.5237112672761537 -0.007144355683636747
12.783466796149359 2.088426337077478 -0.007981147484311696
12.783466796149359 2.685504776398588 -0.0071127653220796686
13.059136132072346 0.01570796326794897 -6.452281314414037e-06
13.059136132072346 0.023462558633972192 -4.3022374855113817e-05
13.059136132072346 0.03503514218779029 -5.8550455124479005e-05
13.059136132072346 0.05263150808357201 -0.00016622128641898828
13.059136132072346 0.0731423493547288 -0.00039378728567525677
13.059136132072346 0.1025927647713422 -0.00058803392688282
13.059136132072346 0.14481159820038791 -0.0009128926053830254
13.059136132072346 0.20234603287313824 -0.0013778917209938
13.059136132072346 0.2834245013168247 -0.0019499587110848246
13.059136132072346 0.3967448265966417 -0.002645879813474528
13.059136132072346 0.5552782518837672 -0.003430428045408834
13.059136132072346 0.7774818770639701 -0.00433846046106832
13.059136132072346 1.0884445474248694 -0.005235124450308068
13.059136132072346 1.5237112672761537 -0.006264418514169546
13.059136132072346 2.088426337077478 -0.007078025631416913
13.059136132072346 2.685504776398588 -0.006347824072733307
13.340318854713793 0.01570796326794897 -5.342060511091916e-06
13.340318854713793 0.023462558633972192 -3.626217606285173e-05
13.340318854713793 0.03503514218779029 -4.815181449096401e-05
13.340318854713793 0.05263150808357201 -0.00013792317684446548
13.340318854713793 0.0731423493547288 -0.00032685227876315864
13.340318854713793 0.1025927647713422 -0.0004885611577170204
13.340318854713793 0.14481159820038791 -0.000760367743298665
13.340318854713793 0.20234603287313824 -0.0011434536509105301
13.340318854713793 0.2834245013168247 -0.0016229119254247096
13.340318854713793 0.3967448265966417 -0.0022070225182449442
13.340318854713793 0.5552782518837672 -0.002872507425835772
13.340318854713793 0.7774818770639701 -0.003667300986822364
13.340318854713793 1.0884445474248694 -0.0044946048206015565
13.340318854713793 1.5237112672761537 -0.005458397301044882
13.340318854713793 2.088426337077478 -0.006238311992776114
13.340318854713793 2.685504776398588 -0.005615895886337715
13.627125231808071 0.01570796326794897 -4.445683880268809e-06
13.627125231808071 0.023462558633972192 -2.999049636326281e-05
13.627125231808071 0.03503514218779029 -4.0065547326502754e-05
13.627125231808071 0.05263150808357201 -0.0001139580365188064
13.627125231808071 0.0731423493547288 -0.0002708279359351849
13.627125231808071 0.1025927647713422 -0.000405637986753528
13.627125231808071 0.14481159820038791 -0.0006271988256424815
13.627125231808071 0.20234603287313824 -0.0009475762269729383
13.627125231808071 0.2834245013168247 -0.0013473264242810164
13.627125231808071 0.3967448265966417 -0.0018300832887996254
13.627125231808071 0.5552782518837672 -0.0023918314373070552
13.627125231808071 0.7774818770639701 -0.003084323998970255
13.627125231808071 1.0884445474248694 -0.0038315598515949205
13.627125231808071 1.5237112672761537 -0.0047206157807246855
13.627125231808071 2.088426337077478 -0.005437804566270408
13.627125231808071 2.685504776398588 -0.004911581921980546
13.91966773644423 0.01570796326794897 -3.7305019299839586e-06
13.91966773644423 0.023462558633972192 -2.480914741844671e-05
13.91966773644423 0.03503514218779029 -3.3092417101395226e-05
13.91966773644423 0.05263150808357201 -9.372331818055591e-05
13.91966773644423 0.0731423493547288 -0.00022148816597460493
13.91966773644423 0.1025927647713422 -0.00033304563961424765
13.91966773644423 0.14481159820038791 -0.00051480209640019
13.91966773644423 0.20234603287313824 -0.0007805735526786238
13.91966773644423 0.2834245013168247 -0.001107941077093851
13.91966773644423 0.3967448265966417 -0.0015060535696474699
13.91966773644423 0.5552782518837672 -0.0019787566431736865
13.91966773644423 0.7774818770639701 -0.00257663945282179
13.91966773644423 1.0884445474248694 -0.0032454593437047613
13.91966773644423 1.5237112672761537 -0.004065704852725554
13.91966773644423 2.088426337077478 -0.004730248970444206
13.91966773644423 2.685504776398588 -0.004293786500113779
14.218061091173114 0.01570796326794897 -3.029909628896743e-06
14.218061091173114 0.023462558633972192 -2.033720496169308e-05
14.218061091173114 0.03503514218779029 -2.7425368282308325e-05
14.218061091173114 0.05263150808357201 -7.618877683808021e-05
14.218061091173114 0.0731423493547288 -0.00018109825840948636
14.218061091173114 0.1025927647713422 -0.00027229702938975095
14.218061091173114 0.14481159820038791 -0.0004218133517534653
14.218061091173114 0.20234603287313824 -0.0006389148629288683
14.218061091173114 0.2834245013168247 -0.0009087475045341681
14.218061091173114 0.3967448265966417 -0.0012367130172392285
14.218061091173114 0.5552782518837672 -0.0016305480133526676
14.218061091173114 0.7774818770639701 -0.002143320616548913
14.218061091173114 1.0884445474248694 -0.0027393478981414354
14.218061091173114 1.5237112672761537 -0.00347484580416366
14.218061091173114 2.088426337077478 -0.004088397401937262
14.218061091173114 2.685504776398588 -0.003736170688678622
14.52242231299658 0.01570796326794897 -2.47240549687711e-06
14.52242231299658 0.023462558633972192 -1.6636775400715595e-05
14.52242231299658 0.03503514218779029 -2.2208081191463825e-05
14.52242231299658 0.05263150808357201 -6.197224627996716e-05
14.52242231299658 0.0731423493547288 -0.000146312402147241
14.52242231299658 0.1025927647713422 -0.00022119181074544976
14.52242231299658 0.14481159820038791 -0.00034345097739606466
14.52242231299658 0.20234603287313824 -0.0005201512152721821
14.52242231299658 0.2834245013168247 -0.0007406720366486429
14.52242231299658 0.3967448265966417 -0.001007477861249682
14.52242231299658 0.5552782518837672 -0.0013353501605033462
14.52242231299658 0.7774818770639701 -0.0017700969029014102
14.52242231299658 1.0884445474248694 -0.0022969164995427656
14.52242231299658 1.5237112672761537 -0.0029503381234628327
14.52242231299658 2.088426337077478 -0.0035057651483643326
14.52242231299658 2.685504776398588 -0.0032179111119814176
14.83287075925651 0.01570796326794897 -2.0245129107265246e-06
14.83287075925651 0.023462558633972192 -1.322925986212327e-05
14.83287075925651 0.03503514218779029 -1.7958765951228458e-05
14.83287075925651 0.05263150808357201 -4.978581100860472e-05
14.83287075925651 0.0731423493547288 -0.00011868680537787932
14.83287075925651 0.1025927647713422 -0.00017942473210587884
14.83287075925651 0.14481159820038791 -0.0002778384792203508
14.83287075925651 0.20234603287313824 -0.000420728693755907
14.83287075925651 0.2834245013168247 -0.0006011742358581554
14.83287075925651 0.3967448265966417 -0.0008182722360976892
14.83287075925651 0.5552782518837672 -0.001092045291051931
14.83287075925651 0.7774818770639701 -0.0014589960964616635
14.83287075925651 1.0884445474248694 -0.0019110951343423708
14.83287075925651 1.5237112672761537 -0.002494632189226421
14.83287075925651 2.088426337077478 -0.0029897716725140705
14.83287075925651 2.685504776398588 -0.002751298152023443
15.149528174441643 0.01570796326794897 -1.600323005689554e-06
15.149528174441643 0.023462558633972192 -1.0569298668762802e-05
15.149528174441643 0.03503514218779029 -1.4388537266603684e-05
15.149528174441643 0.05263150808357201 -4.005790597535292e-05
15.149528174441643 0.0731423493547288 -9.454288690036025e-05
15.149528174441643 0.1025927647713422 -0.00014404463298931064
15.149528174441643 0.14481159820038791 -0.00022302104041386654
15.149528174441643 0.20234603287313824 -0.0003372153879235226
15.149528174441643 0.2834245013168247 -0.00048402617047104784
15.149528174441643 0.3967448265966417 -0.0006595920702240252
15.149528174441643 0.5552782518837672 -0.0008834793228917774
15.149528174441643 0.7774818770639701 -0.001192695209961912
15.149528174441643 1.0884445474248694 -0.0015821747792557472
15.149528174441643 1.5237112672761537 -0.002087476936166646
15.149528174441643 2.088426337077478 -0.002529112279068729
15.149528174441643 2.685504776398588 -0.0023355537644645713
15.472518737930475 0.01570796326794897 -1.265987539845439e-06
15.472518737930475 0.023462558633972192 -8.28367178990146e-06
15.472518737930475 0.03503514218779029 -1.1412791358404276e-05
15.472518737930475 0.05263150808357201 -3.186342944689785e-05
15.472518737930475 0.0731423493547288 -7.537070773615903e-05
15.472518737930475 0.1025927647713422 -0.000113912956342644
15.472518737930475 0.14481159820038791 -0.00017754706560928906
15.472518737930475 0.20234603287313824 -0.000269280377037809
15.472518737930475 0.2834245013168247 -0.0003866547907801725
15.472518737930475 0.3967448265966417 -0.0005275393380095231
15.472518737930475 0.5552782518837672 -0.0007108978868564312
15.472518737930475 0.7774818770639701 -0.0009683545132518813
15.472518737930475 1.0884445474248694 -0.0012970567150387073
15.472518737930475 1.5237112672761537 -0.0017310614812775349
15.472518737930475 2.088426337077478 -0.002115121937511477
15.472518737930475 2.685504776398588 -0.0019671366526233143
15.801969112689084 0.01570796326794897 -1.0659040436842673e-06
15.801969112689084 0.023462558633972192 -6.458112521406013e-06
15.801969112689084 0.03503514218779029 -9.002876535214503e-06
15.801969112689084 0.05263150808357201 -2.529451888930773e-05
15.801969112689084 0.0731423493547288 -5.9983123654225156e-05
15.801969112689084 0.1025927647713422 -9.012770336730964e-05
15.801969112689084 0.14481159820038791 -0.000141025233390703
15.801969112689084 0.20234603287313824 -0.00021290450958865
15.801969112689084 0.2834245013168247 -0.00030731460967451936
15.801969112689084 0.3967448265966417 -0.00041964222573719236
15.801969112689084 0.5552782518837672 -0.0005670719572246997
15.801969112689084 0.7774818770639701 -0.0007805324823801723
15.801969112689084 1.0884445474248694 -0.0010560394183215449
15.801969112689084 1.5237112672761537 -0.0014192105231549215
15.801969112689084 2.088426337077478 -0.0017504468729787211
15.801969112689084 2.685504776398588 -0.0016400429775709142
16.13800849494287 0.01570796326794897 -8.190528597688056e-07
16.13800849494287 0.023462558633972192 -5.008344883420605e-06
16.13800849494287 0.03503514218779029 -7.108966750249832e-06
16.13800849494287 0.05263150808357201 -1.9832140918976204e-05
16.13800849494287 0.0731423493547288 -4.6608730656835557e-05
16.13800849494287 0.1025927647713422 -6.998154737391261e-05
16.13800849494287 0.14481159820038791 -0.00011122734907309135
16.13800849494287 0.20234603287313824 -0.00016712902908424298
16.13800849494287 0.2834245013168247 -0.0002418186002467769
16.13800849494287 0.3967448265966417 -0.0003301787375583232
16.13800849494287 0.5552782518837672 -0.00044880489860925235
16.13800849494287 0.7774818770639701 -0.0006248458303550312
16.13800849494287 1.0884445474248694 -0.0008515928887963091
16.13800849494287 1.5237112672761537 -0.0011563950587025202
16.13800849494287 2.088426337077478 -0.0014421724240774928
16.13800849494287 2.685504776398588 -0.0013575119113453595
16.480768664841722 0.01570796326794897 -6.492889677356054e-07
16.480768664841722 0.023462558633972192 -3.724330430305835e-06
16.480768664841722 0.03503514218779029 -5.637036636669118e-06
16.480768664841722 0.05263150808357201 -1.5489765048755138e-05
16.480768664841722 0.0731423493547288 -3.6008314417386907e-05
16.480768664841722 0.1025927647713422 -5.459822488306054e-05
16.480768664841722 0.14481159820038791 -8.680068021566419e-05
16.480768664841722 0.20234603287313824 -0.00013038272059677129
16.480768664841722 0.2834245013168247 -0.0001892271584314257
16.480768664841722 0.3967448265966417 -0.000258283232960585
16.480768664841722 0.5552782518837672 -0.0003533879044380468
16.480768664841722 0.7774818770639701 -0.0004965918867462139
16.480768664841722 1.0884445474248694 -0.0006819722639392933
16.480768664841722 1.5237112672761537 -0.0009338288088955236
16.480768664841722 2.088426337077478 -0.0011735982769095455
16.480768664841722 2.685504776398588 -0.0011109776216922788
16.83038403813856 0.01570796326794897 -4.926256924937661e-07
16.83038403813856 0.023462558633972192 -2.925503072205793e-06
16.83038403813856 0.03503514218779029 -4.244614724647115e-06
16.83038403813856 0.05263150808357201 -1.1936389312361964e-05
16.83038403813856 0.0731423493547288 -2.7650474458344684e-05
16.83038403813856 0.1025927647713422 -4.232530477551361e-05
16.83038403813856 0.14481159820038791 -6.742652829325027e-05
16.83038403813856 0.20234603287313824 -0.00010054079025460364
16.83038403813856 0.2834245013168247 -0.00014641386599886986
16.83038403813856 0.3967448265966417 -0.00020105653255441666
16.83038403813856 0.5552782518837672 -0.0002752939842367767
16.83038403813856 0.7774818770639701 -0.000392166306567914
16.83038403813856 1.0884445474248694 -0.0005407815965510262
16.83038403813856 1.5237112672761537 -0.0007460035086065808
16.83038403813856 2.088426337077478 -0.0009448237254336805
16.83038403813856 2.685504776398588 -0.0008961969944369004
17.186991718901332 0.01570796326794897 -3.710610913010735e-07
17.186991718901332 0.023462558633972192 -2.205984861041019e-06
17.186991718901332 0.03503514218779029 -3.2046208397601143e-06
17.186991718901332 0.05263150808357201 -9.149448845392802e-06
17.186991718901332 0.0731423493547288 -2.1164695243630264e-05
17.186991718901332 0.1025927647713422 -3.214319607433602e-05
17.186991718901332 0.14481159820038791 -5.112237175390188e-05
17.186991718901332 0.20234603287313824 -7.670975440507972e-05
17.186991718901332 0.2834245013168247 -0.00011131432159499672
17.186991718901332 0.3967448265966417 -0.00015383466637132806
17.186991718901332 0.5552782518837672 -0.00021139581434723214
17.186991718901332 0.7774818770639701 -0.00030382118294611406
17.186991718901332 1.0884445474248694 -0.00042096326846573256
17.186991718901332 1.5237112672761537 -0.0005856646170402198
17.186991718901332 2.088426337077478 -0.0007475619726612581
17.186991718901332 2.685504776398588 -0.0007087760344049437
17.55073155327936 0.01570796326794897 -2.6762322861729413e-07
17.55073155327936 0.023462558633972192 -1.618749570091816e-06
17.55073155327936 0.03503514218779029 -2.3967887052926152e-06
17.55073155327936 0.05263150808357201 -7.1085850639638216e-06
17.55073155327936 0.0731423493547288 -1.586416286206402e-05
17.55073155327936 0.1025927647713422 -2.416138513302524e-05
17.55073155327936 0.14481159820038791 -3.821578269459528e-05
17.55073155327936 0.20234603287313824 -5.79072608594104e-05
17.55073155327936 0.2834245013168247 -8.407727031477346e-05
17.55073155327936 0.3967448265966417 -0.00011582642143687395
17.55073155327936 0.5552782518837672 -0.00016080559018506434
17.55073155327936 0.7774818770639701 -0.0002332829471647698
17.55073155327936 1.0884445474248694 -0.0003238120392109241
17.55073155327936 1.5237112672761537 -0.00045224042095622693
17.55073155327936 2.088426337077478 -0.0005809267398433202
17.55073155327936 2.685504776398588 -0.0005542300442098488
17.92174618434495 0.01570796326794897 -2.14087417978333e-07
17.92174618434495 0.023462558633972192 -1.2618633105463342e-06
17.92174618434495 0.03503514218779029 -1.7591976805998875e-06
17.92174618434495 0.05263150808357201 -5.225752650920134e-06
17.92174618434495 0.0731423493547288 -1.18877429923708e-05
17.92174618434495 0.1025927647713422 -1.786689728087035e-05
17.92174618434495 0.14481159820038791 -2.8519953241135663e-05
17.92174618434495 0.20234603287313824 -4.3174732120381874e-05
17.92174618434495 0.2834245013168247 -6.259708925783367e-05
17.92174618434495 0.3967448265966417 -8.656274369791163e-05
17.92174618434495 0.5552782518837672 -0.00012130080533243374
17.92174618434495 0.7774818770639701 -0.00017702432038419483
17.92174618434495 1.0884445474248694 -0.00024709494397203856
17.92174618434495 1.5237112672761537 -0.0003468375910189634
17.92174618434495 2.088426337077478 -0.0004464287774299547
17.92174618434495 2.685504776398588 -0.0004292018165488641
18.300181108031847 0.01570796326794897 -1.6201181736824872e-07
18.300181108031847 0.023462558633972192 -9.125554035077207e-07
18.300181108031847 0.03503514218779029 -1.2825735834777901e-06
18.300181108031847 0.05263150808357201 -3.8640852469357715e-06
18.300181108031847 0.0731423493547288 -8.716628741779289e-06
18.300181108031847 0.1025927647713422 -1.2922467581214122e-05
18.300181108031847 0.14481159820038791 -2.081409876233884e-05
18.300181108031847 0.20234603287313824 -3.147451769932812e-05
18.300181108031847 0.2834245013168247 -4.623321762947436e-05
18.300181108031847 0.3967448265966417 -6.374586494304173e-05
18.300181108031847 0.5552782518837672 -8.986949001358887e-05
18.300181108031847 0.7774818770639701 -0.00013181239903324512
18.300181108031847 1.0884445474248694 -0.0001843854584677616
18.300181108031847 1.5237112672761537 -0.00026009114525260037
18.300181108031847 2.088426337077478 -0.0003365158809409635
18.300181108031847 2.685504776398588 -0.00032894370898726267
18.686184730192483 0.01570796326794897 -1.2364294946813776e-07
18.686184730192483 0.023462558633972192 -6.322237670295503e-07
18.686184730192483 0.03503514218779029 -9.1160456131641e-07
18.686184730192483 0.05263150808357201 -2.788329361611973e-06
18.686184730192483 0.0731423493547288 -6.397351587095005e-06
18.686184730192483 0.1025927647713422 -9.252124962160716e-06
18.686184730192483 0.14481159820038791 -1.5179695508152212e-05
18.686184730192483 0.20234603287313824 -2.269857119470593e-05
18.686184730192483 0.2834245013168247 -3.3613081032779883e-05
18.686184730192483 0.3967448265966417 -4.647463447777385e-05
18.686184730192483 0.5552782518837672 -6.585969878234984e-05
18.686184730192483 0.7774818770639701 -9.759722272819307e-05
18.686184730192483 1.0884445474248694 -0.00013747289947191245
18.686184730192483 1.5237112672761537 -0.00019329803063437056
18.686184730192483 2.088426337077478 -0.0002516597806778506
18.686184730192483 2.685504776398588 -0.0002452665131066264
19.07990842479633 0.01570796326794897 -9.658266823097444e-08
19.07990842479633 0.023462558633972192 -4.275512828750985e-07
19.07990842479633 0.03503514218779029 -6.451409305596038e-07
19.07990842479633 0.05263150808357201 -1.981150735418144e-06
19.07990842479633 0.0731423493547288 -4.533620809422132e-06
19.07990842479633 0.1025927647713422 -6.6460456652361514e-06
19.07990842479633 0.14481159820038791 -1.088905668529629e-05
19.07990842479633 0.20234603287313824 -1.6097839250528084e-05
19.07990842479633 0.2834245013168247 -2.41419052829696e-05
19.07990842479633 0.3967448265966417 -3.364870024027964e-05
19.07990842479633 0.5552782518837672 -4.7505136462203665e-05
19.07990842479633 0.7774818770639701 -7.113714957125358e-05
19.07990842479633 1.0884445474248694 -0.00010013014872908806
19.07990842479633 1.5237112672761537 -0.00014153892699523928
19.07990842479633 2.088426337077478 -0.0001846266785585242
19.07990842479633 2.685504776398588 -0.00017792816288416085
19.481506593292263 0.01570796326794897 -6.77646962945259e-08
19.481506593292263 0.023462558633972192 -3.2869408134071286e-07
19.481506593292263 0.03503514218779029 -4.3435871320676405e-07
19.481506593292263 0.05263150808357201 -1.3946148819017606e-06
19.481506593292263 0.0731423493547288 -3.2385921141445692e-06
19.481506593292263 0.1025927647713422 -4.734537477884299e-06
19.481506593292263 0.14481159820038791 -7.600597553312309e-06
19.481506593292263 0.20234603287313824 -1.1214758416867394e-05
19.481506593292263 0.2834245013168247 -1.6962989397882566e-05
19.481506593292263 0.3967448265966417 -2.3595827763963683e-05
19.481506593292263 0.5552782518837672 -3.393781104505728e-05
19.481506593292263 0.7774818770639701 -5.0851449269345316e-05
19.481506593292263 1.0884445474248694 -7.156800546355092e-05
19.481506593292263 1.5237112672761537 -0.0001021256980415678
19.481506593292263 2.088426337077478 -0.0001343628193011489
19.481506593292263 2.685504776398588 -0.000130550230287372
19.891136725158105 0.01570796326794897 -4.952728863770821e-08
19.891136725158105 0.023462558633972192 -2.1915414119496132e-07
19.891136725158105 0.03503514218779029 -2.9776588755741317e-07
19.891136725158105 0.05263150808357201 -9.268691103983817e-07
19.891136725158105 0.0731423493547288 -2.1602502229851937e-06
19.891136725158105 0.1025927647713422 -3.2504938060903617e-06
19.891136725158105 0.14481159820038791 -5.203183883062287e-06
19.891136725158105 0.20234603287313824 -7.581875766282012e-06
19.891136725158105 0.2834245013168247 -1.1669331435611787e-05
19.891136725158105 0.3967448265966417 -1.634658122699865e-05
19.891136725158105 0.5552782518837672 -2.361515211532417e-05
19.891136725158105 0.7774818770639701 -3.542315291214506e-05
19.891136725158105 1.0884445474248694 -5.0400268679544926e-05
19.891136725158105 1.5237112672761537 -7.263532378613276e-05
19.891136725158105 2.088426337077478 -9.585790308187553e-05
19.891136725158105 2.685504776398588 -9.095501647444769e-05
20.308959459661267 0.01570796326794897 -3.0878953758609904e-08
20.308959459661267 0.023462558633972192 -1.367376853628043e-07
20.308959459661267 0.03503514218779029 -1.9119502663703887e-07
20.308959459661267 0.05263150808357201 -6.315732413325975e-07
20.308959459661267 0.0731423493547288 -1.4760822708062896e-06
20.308959459661267 0.1025927647713422 -2.168697989892351e-06
20.308959459661267 0.14481159820038791 -3.4831821830283127e-06
20.308959459661267 0.20234603287313824 -5.031204303535849e-06
20.308959459661267 0.2834245013168247 -7.908298739336984e-06
20.308959459661267 0.3967448265966417 -1.1157230262702006e-05
20.308959459661267 0.5552782518837672 -1.6210308844750493e-05
20.308959459661267 0.7774818770639701 -2.448004567873149e-05
20.308959459661267 1.0884445474248694 -3.497780200135515e-05
20.308959459661267 1.5237112672761537 -5.042010881296735e-05
20.308959459661267 2.088426337077478 -6.621425498178304e-05
20.308959459661267 2.685504776398588 -6.373417445851367e-05
20.73513864885449 0.01570796326794897 -2.0870420546558265e-08
20.73513864885449 0.023462558633972192 -8.731274768175381e-08
20.73513864885449 0.03503514218779029 -1.3137658281678545e-07
20.73513864885449 0.05263150808357201 -4.1525179214030985e-07
20.73513864885449 0.0731423493547288 -9.599018500292477e-07
20.73513864885449 0.1025927647713422 -1.418496097204647e-06
20.73513864885449 0.14481159820038791 -2.287141182889405e-06
20.73513864885449 0.20234603287313824 -3.2959882323759695e-06
20.73513864885449 0.2834245013168247 -5.179970259740776e-06
20.73513864885449 0.3967448265966417 -7.433765270152627e-06
20.73513864885449 0.5552782518837672 -1.0833379760079558e-05
20.73513864885449 0.7774818770639701 -1.647149084070998e-05
20.73513864885449 1.0884445474248694 -2.362680019292533e-05
20.73513864885449 1.5237112672761537 -3.4562656566441804e-05
20.73513864885449 2.088426337077478 -4.49095432583545e-05
20.73513864885449 2.685504776398588 -4.404696418594711e-05
21.169841421831578 0.01570796326794897 -1.4713656375795756e-08
21.169841421831578 0.023462558633972192 -5.611554476758306e-08
21.169841421831578 0.03503514218779029 -8.872554994887445e-08
21.169841421831578 0.05263150808357201 -2.718592292311213e-07
21.169841421831578 0.0731423493547288 -6.189282790764564e-07
21.169841421831578 0.1025927647713422 -9.191131468622628e-07
21.169841421831578 0.14481159820038791 -1.4745345058519787e-06
21.169841421831578 0.20234603287313824 -2.1390903770810248e-06
21.169841421831578 0.2834245013168247 -3.3818159930971943e-06
21.169841421831578 0.3967448265966417 -4.960210841134413e-06
21.169841421831578 0.5552782518837672 -7.191201021862662e-06
21.169841421831578 0.7774818770639701 -1.088741664380298e-05
21.169841421831578 1.0884445474248694 -1.5938114022503796e-05
21.169841421831578 1.5237112672761537 -2.3260747604854604e-05
21.169841421831578 2.088426337077478 -3.0141471737453772e-05
21.169841421831578 2.685504776398588 -2.94891459782034e-05
21.61323825026821 0.01570796326794897 -9.620071537004508e-09
21.61323825026821 0.023462558633972192 -3.629122626118849e-08
21.61323825026821 0.03503514218779029 -5.501018129415438e-08
21.61323825026821 0.05263150808357201 -1.6885503359282904e-07
21.61323825026821 0.0731423493547288 -4.121014518397683e-07
21.61323825026821 0.1025927647713422 -5.865265364689503e-07
21.61323825026821 0.14481159820038791 -9.47892065001248e-07
21.61323825026821 0.20234603287313824 -1.3511277693640614e-06
21.61323825026821 0.2834245013168247 -2.195636702991911e-06
21.61323825026821 0.3967448265966417 -3.193966807252548e-06
21.61323825026821 0.5552782518837672 -4.690326899064393e-06
21.61323825026821 0.7774818770639701 -7.069178570534248e-06
21.61323825026821 1.0884445474248694 -1.0565177676726116e-05
21.61323825026821 1.5237112672761537 -1.532626753071314e-05
21.61323825026821 2.088426337077478 -1.9932221446418272e-05
21.61323825026821 2.685504776398588 -1.9486335605704688e-05
22.065503015273574 0.01570796326794897 -5.4205560966715445e-09
22.065503015273574 0.023462558633972192 -2.548130372389301e-08
22.065503015273574 0.03503514218779029 -3.3008077753773304e-08
22.065503015273574 0.05263150808357201 -9.6284723317409e-08
22.065503015273574 0.0731423493547288 -2.5132095524228676e-07
22.065503015273574 0.1025927647713422 -3.499887448746579e-07
22.065503015273574 0.14481159820038791 -5.705784919648314e-07
22.065503015273574 0.20234603287313824 -7.928697925688938e-07
22.065503015273574 0.2834245013168247 -1.3003944132521804e-06
22.065503015273574 0.3967448265966417 -1.9403650045512963e-06
22.065503015273574 0.5552782518837672 -2.8366459544392795e-06
22.065503015273574 0.7774818770639701 -4.313989330994776e-06
22.065503015273574 1.0884445474248694 -6.49024321687891e-06
22.065503015273574 1.5237112672761537 -9.589423264485546e-06
22.065503015273574 2.088426337077478 -1.2618039395632327e-05
22.065503015273574 2.685504776398588 -1.2486413975598712e-05
22.526813075579053 0.01570796326794897 1.6985243624552217e-10
22.526813075579053 0.023462558633972192 1.2489079438998794e-09
22.526813075579053 0.03503514218779029 1.528636977357172e-09
22.526813075579053 0.05263150808357201 4.6026621318879646e-09
22.526813075579053 0.0731423493547288 1.1066109839807576e-08
22.526813075579053 0.1025927647713422 1.660254459129911e-08
22.526813075579053 0.14481159820038791 2.5484622272672275e-08
22.526813075579053 0.20234603287313824 3.89159943059752e-08
22.526813075579053 0.2834245013168247 5.5452409384195974e-08
22.526813075579053 0.3967448265966417 7.90383165336401e-08
22.526813075579053 0.5552782518837672 1.1025037870235643e-07
22.526813075579053 0.7774818770639701 1.4277158865127672e-07
22.526813075579053 1.0884445474248694 1.5591048449830668e-07
22.526813075579053 1.5237112672761537 1.3423940695019018e-07
22.526813075579053 2.088426337077478 8.671996556199146e-08
22.526813075579053 2.685504776398588 4.044116056441324e-08
22.997349337090636 0.01570796326794897 1.6003499030247618e-10
22.997349337090636 0.023462558633972192 1.1753173765173274e-09
22.997349337090636 0.03503514218779029 1.4380614385913949e-09
22.997349337090636 0.05263150808357201 4.331445859680893e-09
22.997349337090636 0.0731423493547288 1.0418957070598864e-08
22.997349337090636 0.1025927647713422 1.562479093414479e-08
22.997349337090636 0.14481159820038791 2.4008722183966653e-08
22.997349337090636 0.20234603287313824 3.674157212230932e-08
22.997349337090636 0.2834245013168247 5.2609362062286284e-08
22.997349337090636 0.3967448265966417 7.551537942880775e-08
22.997349337090636 0.5552782518837672 1.0606073194683089e-07
22.997349337090636 0.7774818770639701 1.3814309218712563e-07
22.997349337090636 1.0884445474248694 1.5184428306180346e-07
22.997349337090636 1.5237112672761537 1.3222937997301609e-07
22.997349337090636 2.088426337077478 8.658744323102535e-08
22.997349337090636 2.685504776398588 4.059872129501596e-08
23.477296323832444 0.01570796326794897 1.5017734050743264e-10
23.477296323832444 0.023462558633972192 1.1025268304538823e-09
23.477296323832444 0.03503514218779029 1.3486812795745902e-09
23.477296323832444 0.05263150808357201 4.063481649344132e-09
23.477296323832444 0.0731423493547288 9.77664792919614e-09
23.477296323832444 0.1025927647713422 1.4659416132437849e-08
23.477296323832444 0.14481159820038791 2.255296649087376e-08
23.477296323832444 0.20234603287313824 3.4610614527281266e-08
23.477296323832444 0.2834245013168247 4.98108979059256e-08
23.477296323832444 0.3967448265966417 7.19968859494325e-08
23.477296323832444 0.5552782518837672 1.01785182995196e-07
23.477296323832444 0.7774818770639701 1.3333545766885841e-07
23.477296323832444 1.0884445474248694 1.475615822328335e-07
23.477296323832444 1.5237112672761537 1.3014356202588125e-07
23.477296323832444 2.088426337077478 8.653632995544303e-08
23.477296323832444 2.685504776398588 4.061220911888541e-08
23.966842250309092 0.01570796326794897 1.4051209648297384e-10
23.966842250309092 0.023462558633972192 1.030910522866362e-09
23.966842250309092 0.03503514218779029 1.2604979535464849e-09
23.966842250309092 0.05263150808357201 3.800995916326672e-09
23.966842250309092 0.0731423493547288 9.14737446553858e-09
23.966842250309092 0.1025927647713422 1.3714513582999929e-08
23.966842250309092 0.14481159820038791 2.1127943453870638e-08
23.966842250309092 0.20234603287313824 3.2517385136908714e-08
23.966842250309092 0.2834245013168247 4.7040713935033935e-08
23.966842250309092 0.3967448265966417 6.849091342723688e-08
23.966842250309092 0.5552782518837672 9.74393162200571e-08
23.966842250309092 0.7774818770639701 1.2826441806152109e-07
23.966842250309092 1.0884445474248694 1.4303494046839302e-07
23.966842250309092 1.5237112672761537 1.2782979136009177e-07
23.966842250309092 2.088426337077478 8.648599300322766e-08
23.966842250309092 2.685504776398588 4.083386017450204e-08
24.46617909531528 0.01570796326794897 1.3105663809722244e-10
24.46617909531528 0.023462558633972192 9.609756497341778e-10
24.46617909531528 0.03503514218779029 1.1742254837660556e-09
24.46617909531528 0.05263150808357201 3.543021658219924e-09
24.46617909531528 0.0731423493547288 8.530957329045825e-09
24.46617909531528 0.1025927647713422 1.278947061153017e-08
24.46617909531528 0.14481159820038791 1.9731355750892723e-08
24.46617909531528 0.20234603287313824 3.0478886864708296e-08
24.46617909531528 0.2834245013168247 4.4308677722567136e-08
24.46617909531528 0.3967448265966417 6.499212602367097e-08
24.46617909531528 0.5552782518837672 9.301400492363095e-08
24.46617909531528 0.7774818770639701 1.2304078997315814e-07
24.46617909531528 1.0884445474248694 1.3831569498191845e-07
24.46617909531528 1.5237112672761537 1.2550600258040875e-07
24.46617909531528 2.088426337077478 8.65025514921792e-08
24.46617909531528 2.685504776398588 4.117427927365014e-08
24.97550267722158 0.01570796326794897 1.2176275956441095e-10
24.97550267722158 0.023462558633972192 8.922340876135513e-10
24.97550267722158 0.03503514218779029 1.0900181163062281e-09
24.97550267722158 0.05263150808357201 3.2927935939644275e-09
24.97550267722158 0.0731423493547288 7.928775299403064e-09
24.97550267722158 0.1025927647713422 1.1891148610773208e-08
24.97550267722158 0.14481159820038791 1.8369412126131944e-08
24.97550267722158 0.20234603287313824 2.8476458150802775e-08
24.97550267722158 0.2834245013168247 4.163490301062753e-08
24.97550267722158 0.3967448265966417 6.149992575925142e-08
24.97550267722158 0.5552782518837672 8.851267092751835e-08
24.97550267722158 0.7774818770639701 1.1767469742707641e-07
24.97550267722158 1.0884445474248694 1.3339294000537276e-07
24.97550267722158 1.5237112672761537 1.2296056288139018e-07
24.97550267722158 2.088426337077478 8.652044339790722e-08
24.97550267722158 2.685504776398588 4.17390810954317e-08
25.49501273076601 0.01570796326794897 1.1269770558323636e-10
25.49501273076601 0.023462558633972192 8.252510233468521e-10
25.49501273076601 0.03503514218779029 1.0081147185630114e-09
25.49501273076601 0.05263150808357201 3.0478671583993244e-09
25.49501273076601 0.0731423493547288 7.3422185830113115e-09
25.49501273076601 0.1025927647713422 1.101427189417686e-08
25.49501273076601 0.14481159820038791 1.7039865880579018e-08
25.49501273076601 0.20234603287313824 2.6524346246353128e-08
25.49501273076601 0.2834245013168247 3.899619766797877e-08
25.49501273076601 0.3967448265966417 5.8021199218258944e-08
25.49501273076601 0.5552782518837672 8.393784656563534e-08
25.49501273076601 0.7774818770639701 1.1209083454613967e-07
25.49501273076601 1.0884445474248694 1.2826111019876347e-07
25.49501273076601 1.5237112672761537 1.2015316199513063e-07
25.49501273076601 2.088426337077478 8.658941089834938e-08
25.49501273076601 2.685504776398588 4.242857693159515e-08
26.024912985381327 0.01570796326794897 1.0383928968148364e-10
26.024912985381327 0.023462558633972192 7.604457695379264e-10
26.024912985381327 0.03503514218779029 9.286676883326087e-10
26.024912985381327 0.05263150808357201 2.809341719541454e-09
26.024912985381327 0.0731423493547288 6.771619600706127e-09
26.024912985381327 0.1025927647713422 1.0160460969205155e-08
26.024912985381327 0.14481159820038791 1.574921503831053e-08
26.024912985381327 0.20234603287313824 2.4622179680839923e-08
26.024912985381327 0.2834245013168247 3.639270878699851e-08
26.024912985381327 0.3967448265966417 5.451629918484715e-08
26.024912985381327 0.5552782518837672 7.922709243186287e-08
26.024912985381327 0.7774818770639701 1.0630362860735343e-07
26.024912985381327 1.0884445474248694 1.229019571664641e-07
26.024912985381327 1.5237112672761537 1.1716336971461544e-07
26.024912985381327 2.088426337077478 8.660578105380282e-08
26.024912985381327 2.685504776398588 4.330333227546425e-08
26.56541124508896 0.01570796326794897 9.513896637680532e-11
26.56541124508896 0.023462558633972192 6.970339224975062e-10
26.56541124508896 0.03503514218779029 8.511844550547257e-10
26.56541124508896 0.05263150808357201 2.577176594857452e-09
26.56541124508896 0.0731423493547288 6.214372156049161e-09
26.56541124508896 0.1025927647713422 9.330660212447068e-09
26.56541124508896 0.14481159820038791 1.4488997882149577e-08
26.56541124508896 0.20234603287313824 2.274727101488444e-08
26.56541124508896 0.2834245013168247 3.382671422388685e-08
26.56541124508896 0.3967448265966417 5.0989165590975315e-08
26.56541124508896 0.5552782518837672 7.442690799347723e-08
26.56541124508896 0.7774818770639701 1.0036527789824286e-07
26.56541124508896 1.0884445474248694 1.1719799822910838e-07
26.56541124508896 1.5237112672761537 1.1392879674647677e-07
26.56541124508896 2.088426337077478 8.661243488105603e-08
26.56541124508896 2.685504776398588 4.472485123388487e-08
27.11671946999074 0.01570796326794897 8.675406343765879e-11
27.11671946999074 0.023462558633972192 6.351015742087679e-10
27.11671946999074 0.03503514218779029 7.760770905182869e-10
27.11671946999074 0.05263150808357201 2.3517651235127397e-09
27.11671946999074 0.0731423493547288 5.672580201988632e-09
27.11671946999074 0.1025927647713422 8.522623158615957e-09
27.11671946999074 0.14481159820038791 1.3260605230480949e-08
27.11671946999074 0.20234603287313824 2.0912234136771602e-08
27.11671946999074 0.2834245013168247 3.12786349229532e-08
27.11671946999074 0.3967448265966417 4.743007170910961e-08
27.11671946999074 0.5552782518837672 6.952222768920872e-08
27.11671946999074 0.7774818770639701 9.422011283695608e-08
27.11671946999074 1.0884445474248694 1.1123904393434717e-07
27.11671946999074 1.5237112672761537 1.1040328216743584e-07
27.11671946999074 2.088426337077478 8.650987858956858e-08
27.11671946999074 2.685504776398588 4.6389610205881915e-08
27.67905385939056 0.01570796326794897 7.85184248466031e-11
27.67905385939056 0.023462558633972192 5.751258554518778e-10
27.67905385939056 0.03503514218779029 7.032055373534815e-10
27.67905385939056 0.05263150808357201 2.1324290463587865e-09
27.67905385939056 0.0731423493547288 5.145358845511515e-09
27.67905385939056 0.1025927647713422 7.735793338433785e-09
27.67905385939056 0.14481159820038791 1.2062087707863297e-08
27.67905385939056 0.20234603287313824 1.9108198843264827e-08
27.67905385939056 0.2834245013168247 2.874423865510121e-08
27.67905385939056 0.3967448265966417 4.3840988544376255e-08
27.67905385939056 0.5552782518837672 6.449440777760142e-08
27.67905385939056 0.7774818770639701 8.787723953128927e-08
27.67905385939056 1.0884445474248694 1.0491385087872268e-07
27.67905385939056 1.5237112672761537 1.0633244093250815e-07
27.67905385939056 2.088426337077478 8.615706998133377e-08
27.67905385939056 2.685504776398588 4.830607175242778e-08
28.25263493657837 0.01570796326794897 7.053463474193752e-11
28.25263493657837 0.023462558633972192 5.167112823877142e-10
28.25263493657837 0.03503514218779029 6.322368212307031e-10
28.25263493657837 0.05263150808357201 1.9181638538960595e-09
28.25263493657837 0.0731423493547288 4.632849589972099e-09
28.25263493657837 0.1025927647713422 6.969867203441507e-09
28.25263493657837 0.14481159820038791 1.0892879336123148e-08
28.25263493657837 0.20234603287313824 1.7331430332834966e-08
28.25263493657837 0.2834245013168247 2.6223087526997616e-08
28.25263493657837 0.3967448265966417 4.020653390661551e-08
28.25263493657837 0.5552782518837672 5.9347761548919466e-08
28.25263493657837 0.7774818770639701 8.128783274558383e-08
28.25263493657837 1.0884445474248694 9.824661579012393e-08
28.25263493657837 1.5237112672761537 1.0179368213783675e-07
28.25263493657837 2.088426337077478 8.547230422761017e-08
28.25263493657837 2.685504776398588 5.057530637412316e-08
28.837687635309933 0.01570796326794897 6.280845197587729e-11
28.837687635309933 0.023462558633972192 4.5952461339540125e-10
28.837687635309933 0.03503514218779029 5.631517006922827e-10
28.837687635309933 0.05263150808357201 1.7099860145451836e-09
28.837687635309933 0.0731423493547288 4.1332697870468046e-09
28.837687635309933 0.1025927647713422 6.222459259117596e-09
28.837687635309933 0.14481159820038791 9.750494430586744e-09
28.837687635309933 0.20234603287313824 1.5582708661180347e-08
28.837687635309933 0.2834245013168247 2.3710495928912917e-08
28.837687635309933 0.3967448265966417 3.652749129796992e-08
28.837687635309933 0.5552782518837672 5.41056031874763e-08
28.837687635309933 0.7774818770639701 7.44616093889764e-08
28.837687635309933 1.0884445474248694 9.115947003621992e-08
28.837687635309933 1.5237112672761537 9.661816502835236e-08
28.837687635309933 2.088426337077478 8.436736782951552e-08
28.837687635309933 2.685504776398588 5.3102585388844675e-08
29.43444138801614 0.01570796326794897 5.523463210675763e-11
29.43444138801614 0.023462558633972192 4.040608037603052e-10
29.43444138801614 0.03503514218779029 4.961249321210949e-10
29.43444138801614 0.05263150808357201 1.5072385329371822e-09
29.43444138801614 0.0731423493547288 3.648240399424173e-09
29.43444138801614 0.1025927647713422 5.49440002161683e-09
29.43444138801614 0.14481159820038791 8.631503870731251e-09
29.43444138801614 0.20234603287313824 1.3858657632262903e-08
29.43444138801614 0.2834245013168247 2.119953602596584e-08
29.43444138801614 0.3967448265966417 3.280447453767482e-08
29.43444138801614 0.5552782518837672 4.8714210785994955e-08
29.43444138801614 0.7774818770639701 6.742749057101448e-08
29.43444138801614 1.0884445474248694 8.359472214197054e-08
29.43444138801614 1.5237112672761537 9.082286723265708e-08
29.43444138801614 2.088426337077478 8.266383014876753e-08
29.43444138801614 2.685504776398588 5.577901611225269e-08
30.043130215776454 0.01570796326794897 4.7934112272939796e-11
30.043130215776454 0.023462558633972192 3.503553020610042e-10
30.043130215776454 0.03503514218779029 4.308800691726173e-10
30.043130215776454 0.05263150808357201 1.309902263624202e-09
30.043130215776454 0.0731423493547288 3.1741678379302145e-09
30.043130215776454 0.1025927647713422 4.7843035211473356e-09
30.043130215776454 0.14481159820038791 7.53498425012598e-09
30.043130215776454 0.20234603287313824 1.2153339579657958e-08
30.043130215776454 0.2834245013168247 1.868915932218305e-08
30.043130215776454 0.3967448265966417 2.903093146537115e-08
30.043130215776454 0.5552782518837672 4.3235325821613976e-08
30.043130215776454 0.7774818770639701 6.01587523398306e-08
30.043130215776454 1.0884445474248694 7.558568041026424e-08
30.043130215776454 1.5237112672761537 8.424348159785443e-08
30.043130215776454 2.088426337077478 8.011703489426783e-08
30.043130215776454 2.685504776398588 5.83452805102235e-08
30.663992820091988 0.01570796326794897 4.082805866936015e-11
30.663992820091988 0.023462558633972192 2.9810496329362046e-10
30.663992820091988 0.03503514218779029 3.6745327786148737e-10
30.663992820091988 0.05263150808357201 1.117594864544596e-09
30.663992820091988 0.0731423493547288 2.712363361098357e-09
30.663992820091988 0.1025927647713422 4.092665191439384e-09
30.663992820091988 0.14481159820038791 6.459859097285159e-09
30.663992820091988 0.20234603287313824 1.0464448245644715e-08
30.663992820091988 0.2834245013168247 1.6176746991706424e-08
30.663992820091988 0.3967448265966417 2.5216913980377948e-08
30.663992820091988 0.5552782518837672 3.764474587872349e-08
30.663992820091988 0.7774818770639701 5.2681942911192566e-08
30.663992820091988 1.0884445474248694 6.70370559753047e-08
30.663992820091988 1.5237112672761537 7.676141977019503e-08
30.663992820091988 2.088426337077478 7.647728812187687e-08
30.663992820091988 2.685504776398588 6.03518086929811e-08
31.297272676493826 0.01570796326794897 3.3976092106893275e-11
31.297272676493826 0.023462558633972192 2.4774567180421336e-10
31.297272676493826 0.03503514218779029 3.0580451107966576e-10
31.297272676493826 0.05263150808357201 9.305134180566672e-10
31.297272676493826 0.0731423493547288 2.2620128826746332e-09
31.297272676493826 0.1025927647713422 3.4162555104468554e-09
31.297272676493826 0.14481159820038791 5.405957687474627e-09
31.297272676493826 0.20234603287313824 8.796114456723748e-09
31.297272676493826 0.2834245013168247 1.3663464207441908e-08
31.297272676493826 0.3967448265966417 2.1364116964091623e-08
31.297272676493826 0.5552782518837672 3.197341313962319e-08
31.297272676493826 0.7774818770639701 4.497439628312827e-08
31.297272676493826 1.0884445474248694 5.8005745672744415e-08
31.297272676493826 1.5237112672761537 6.82158777030967e-08
31.297272676493826 2.088426337077478 7.133550548626604e-08
31.297272676493826 2.685504776398588 6.131229904189687e-08
31.943218130023702 0.01570796326794897 2.729554191939702e-11
31.943218130023702 0.023462558633972192 1.986802788487569e-10
31.943218130023702 0.03503514218779029 2.4590528836584963e-10
31.943218130023702 0.05263150808357201 7.486141865783615e-10
31.943218130023702 0.0731423493547288 1.8235820187754806e-09
31.943218130023702 0.1025927647713422 2.756532727086264e-09
31.943218130023702 0.14481159820038791 4.37219568988877e-09
31.943218130023702 0.20234603287313824 7.143399726433207e-09
31.943218130023702 0.2834245013168247 1.1149870938824145e-08
31.943218130023702 0.3967448265966417 1.7471205975770574e-08
31.943218130023702 0.5552782518837672 2.6210100065209417e-08
31.943218130023702 0.7774818770639701 3.7054579644065216e-08
31.943218130023702 1.0884445474248694 4.8440224067015375e-08
31.943218130023702 1.5237112672761537 5.858946062008254e-08
31.943218130023702 2.088426337077478 6.45595008383499e-08
31.943218130023702 2.685504776398588 6.047480380546143e-08
32.60208249262418 0.01570796326794897 2.0767177339805235e-11
32.60208249262418 0.023462558633972192 1.5146662026143639e-10
32.60208249262418 0.03503514218779029 1.8787350806999062e-10
32.60208249262418 0.05263150808357201 5.719123195348662e-10
32.60208249262418 0.0731423493547288 1.3961765647139904e-09
32.60208249262418 0.1025927647713422 2.1124319568616854e-09
32.60208249262418 0.14481159820038791 3.359129556067616e-09
32.60208249262418 0.20234603287313824 5.50935257566736e-09
32.60208249262418 0.2834245013168247 8.642313126841519e-09
32.60208249262418 0.3967448265966417 1.3565538378396869e-08
32.60208249262418 0.5552782518837672 2.0391761677046615e-08
32.60208249262418 0.7774818770639701 2.8956568862295575e-08
32.60208249262418 1.0884445474248694 3.833715999914561e-08
32.60208249262418 1.5237112672761537 4.7703660308193705e-08
32.60208249262418 2.088426337077478 5.556532088554046e-08
32.60208249262418 2.685504776398588 5.683044524263091e-08
33.27412414247666 0.01570796326794897 1.4526241409447894e-11
33.27412414247666 0.023462558633972192 1.0558050695940093e-10
33.27412414247666 0.03503514218779029 1.3135802968234694e-10
33.27412414247666 0.05263150808357201 4.0012609650242983e-10
33.27412414247666 0.0731423493547288 9.788083755497647e-10
33.27412414247666 0.1025927647713422 1.4833209701054345e-09
33.27412414247666 0.14481159820038791 2.365077807045381e-09
33.27412414247666 0.20234603287313824 3.894466447309847e-09
33.27412414247666 0.2834245013168247 6.1380242261112865e-09
33.27412414247666 0.3967448265966417 9.651635967964839e-09
33.27412414247666 0.5552782518837672 1.4539827848027927e-08
33.27412414247666 0.7774818770639701 2.074966117834408e-08
33.27412414247666 1.0884445474248694 2.7796845751992106e-08
33.27412414247666 1.5237112672761537 3.5568567087430665e-08
33.27412414247666 2.088426337077478 4.3844210704732636e-08
33.27412414247666 2.685504776398588 4.875710758776781e-08
33.959606625326195 0.01570796326794897 8.757744923316289e-12
33.959606625326195 0.023462558633972192 6.400389712725289e-11
33.959606625326195 0.03503514218779029 7.95117178924041e-11
33.959606625326195 0.05263150808357201 2.418731665653356e-10
33.959606625326195 0.0731423493547288 5.928542072573743e-10
33.959606625326195 0.1025927647713422 8.989375456995088e-10
33.959606625326195 0.14481159820038791 1.4336047065930866e-09
33.959606625326195 0.20234603287313824 2.3607603924030473e-09
33.959606625326195 0.2834245013168247 3.7165948225623825e-09
33.959606625326195 0.3967448265966417 5.820435156458842e-09
33.959606625326195 0.5552782518837672 8.737080130802227e-09
33.959606625326195 0.7774818770639701 1.2465829617016264e-08
33.959606625326195 1.0884445474248694 1.6848506454365446e-08
33.959606625326195 1.5237112672761537 2.2123308126203483e-08
33.959606625326195 2.088426337077478 2.8727084338871366e-08
33.959606625326195 2.685504776398588 3.430362898759307e-08
34.65879875783272 0.01570796326794897 3.079531542813576e-12
34.65879875783272 0.023462558633972192 2.161236603354618e-11
34.65879875783272 0.03503514218779029 2.3210093029873788e-11
34.65879875783272 0.05263150808357201 7.675997985693775e-11
34.65879875783272 0.0731423493547288 1.8585092830573785e-10
34.65879875783272 0.1025927647713422 2.785140492908579e-10
34.65879875783272 0.14481159820038791 4.543252642657535e-10
34.65879875783272 0.20234603287313824 7.504403131149112e-10
34.65879875783272 0.2834245013168247 1.1999085727408645e-09
34.65879875783272 0.3967448265966417 1.8868411866426155e-09
34.65879875783272 0.5552782518837672 2.847219962755778e-09
34.65879875783272 0.7774818770639701 4.088280148866176e-09
34.65879875783272 1.0884445474248694 5.6004275073651586e-09
34.65879875783272 1.5237112672761537 7.522018763628014e-09
34.65879875783272 2.088426337077478 1.026481842770803e-08
34.65879875783272 2.685504776398588 1.3175854402633956e-08
35.371974732989365 0.01570796326794897 0.0
35.371974732989365 0.023462558633972192 0.0
35.371974732989365 0.03503514218779029 0.0
35.371974732989365 0.05263150808357201 0.0
35.371974732989365 0.0731423493547288 0.0
35.371974732989365 0.1025927647713422 0.0
35.371974732989365 0.14481159820038791 0.0
35.371974732989365 0.20234603287313824 0.0
35.371974732989365 0.2834245013168247 0.0
35.371974732989365 0.3967448265966417 0.0
35.371974732989365 0.5552782518837672 0.0
35.371974732989365 0.7774818770639701 0.0
35.371974732989365 1.0884445474248694 0.0
35.371974732989365 1.5237112672761537 0.0
35.371974732989365 2.088426337077478 0.0
35.371974732989365 2.685504776398588 0.0
