5.0 0.01570796326794897 0.0
5.0 0.023462558633972192 0.0
5.0 0.03503514218779029 0.0
5.0 0.05263150808357201 0.0
5.0 0.0731423493547288 0.0
5.0 0.1025927647713422 0.0
5.0 0.14481159820038791 0.0
5.0 0.20234603287313824 0.0
5.0 0.2834245013168247 0.0
5.0 0.3967448265966417 0.0
5.0 0.5552782518837672 0.0
5.0 0.7774818770639701 0.0
5.0 1.0884445474248694 0.0
5.0 1.5237112672761537 0.0
5.0 2.088426337077478 0.0
5.0 2.685504776398588 0.0
5.12 0.01570796326794897 0.0
5.12 0.023462558633972192 0.0
5.12 0.03503514218779029 0.0
5.12 0.05263150808357201 0.0
5.12 0.0731423493547288 0.0
5.12 0.1025927647713422 0.0
5.12 0.14481159820038791 0.0
5.12 0.20234603287313824 0.0
5.12 0.2834245013168247 0.0
5.12 0.3967448265966417 0.0
5.12 0.5552782518837672 0.0
5.12 0.7774818770639701 0.0
5.12 1.0884445474248694 0.0
5.12 1.5237112672761537 0.0
5.12 2.088426337077478 0.0
5.12 2.685504776398588 0.0
5.2424 0.01570796326794897 0.0
5.2424 0.023462558633972192 0.0
5.2424 0.03503514218779029 0.0
5.2424 0.05263150808357201 0.0
5.2424 0.0731423493547288 0.0
5.2424 0.1025927647713422 0.0
5.2424 0.14481159820038791 0.0
5.2424 0.20234603287313824 0.0
5.2424 0.2834245013168247 0.0
5.2424 0.3967448265966417 0.0
5.2424 0.5552782518837672 0.0
5.2424 0.7774818770639701 0.0
5.2424 1.0884445474248694 0.0
5.2424 1.5237112672761537 0.0
5.2424 2.088426337077478 0.0
5.2424 2.685504776398588 0.0
5.367248 0.01570796326794897 0.0
5.367248 0.023462558633972192 0.0
5.367248 0.03503514218779029 0.0
5.367248 0.05263150808357201 0.0
5.367248 0.0731423493547288 0.0
5.367248 0.1025927647713422 0.0
5.367248 0.14481159820038791 0.0
5.367248 0.20234603287313824 0.0
5.367248 0.2834245013168247 0.0
5.367248 0.3967448265966417 0.0
5.367248 0.5552782518837672 0.0
5.367248 0.7774818770639701 0.0
5.367248 1.0884445474248694 0.0
5.367248 1.5237112672761537 0.0
5.367248 2.088426337077478 0.0
5.367248 2.685504776398588 0.0
5.49459296 0.01570796326794897 0.0
5.49459296 0.023462558633972192 0.0
5.49459296 0.03503514218779029 0.0
5.49459296 0.05263150808357201 0.0
5.49459296 0.0731423493547288 0.0
5.49459296 0.1025927647713422 0.0
5.49459296 0.14481159820038791 0.0
5.49459296 0.20234603287313824 0.0
5.49459296 0.2834245013168247 0.0
5.49459296 0.3967448265966417 0.0
5.49459296 0.5552782518837672 0.0
5.49459296 0.7774818770639701 0.0
5.49459296 1.0884445474248694 0.0
5.49459296 1.5237112672761537 0.0
5.49459296 2.088426337077478 0.0
5.49459296 2.685504776398588 0.0
5.624484819199999 0.01570796326794897 0.0
5.624484819199999 0.023462558633972192 0.0
5.624484819199999 0.03503514218779029 0.0
5.624484819199999 0.05263150808357201 0.0
5.624484819199999 0.0731423493547288 0.0
5.624484819199999 0.1025927647713422 0.0
5.624484819199999 0.14481159820038791 0.0
5.624484819199999 0.20234603287313824 0.0
5.624484819199999 0.2834245013168247 0.0
5.624484819199999 0.3967448265966417 0.0
5.624484819199999 0.5552782518837672 0.0
5.624484819199999 0.7774818770639701 0.0
5.624484819199999 1.0884445474248694 0.0
5.624484819199999 1.5237112672761537 0.0
5.624484819199999 2.088426337077478 0.0
5.624484819199999 2.685504776398588 0.0
5.756974515584 0.01570796326794897 0.0
5.756974515584 0.023462558633972192 0.0
5.756974515584 0.03503514218779029 0.0
5.756974515584 0.05263150808357201 0.0
5.756974515584 0.0731423493547288 0.0
5.756974515584 0.1025927647713422 0.0
5.756974515584 0.14481159820038791 0.0
5.756974515584 0.20234603287313824 0.0
5.756974515584 0.2834245013168247 0.0
5.756974515584 0.3967448265966417 0.0
5.756974515584 0.5552782518837672 0.0
5.756974515584 0.7774818770639701 0.0
5.756974515584 1.0884445474248694 0.0
5.756974515584 1.5237112672761537 0.0
5.756974515584 2.088426337077478 0.0
5.756974515584 2.685504776398588 0.0
5.89211400589568 0.01570796326794897 0.0
5.89211400589568 0.023462558633972192 0.0
5.89211400589568 0.03503514218779029 0.0
5.89211400589568 0.05263150808357201 0.0
5.89211400589568 0.0731423493547288 0.0
5.89211400589568 0.1025927647713422 0.0
5.89211400589568 0.14481159820038791 0.0
5.89211400589568 0.20234603287313824 0.0
5.89211400589568 0.2834245013168247 0.0
5.89211400589568 0.3967448265966417 0.0
5.89211400589568 0.5552782518837672 0.0
5.89211400589568 0.7774818770639701 0.0
5.89211400589568 1.0884445474248694 0.0
5.89211400589568 1.5237112672761537 0.0
5.89211400589568 2.088426337077478 0.0
5.89211400589568 2.685504776398588 0.0
6.029956286013594 0.01570796326794897 0.0
6.029956286013594 0.023462558633972192 0.0
6.029956286013594 0.03503514218779029 0.0
6.029956286013594 0.05263150808357201 0.0
6.029956286013594 0.0731423493547288 0.0
6.029956286013594 0.1025927647713422 0.0
6.029956286013594 0.14481159820038791 0.0
6.029956286013594 0.20234603287313824 0.0
6.029956286013594 0.2834245013168247 0.0
6.029956286013594 0.3967448265966417 0.0
6.029956286013594 0.5552782518837672 0.0
6.029956286013594 0.7774818770639701 0.0
6.029956286013594 1.0884445474248694 0.0
6.029956286013594 1.5237112672761537 0.0
6.029956286013594 2.088426337077478 0.0
6.029956286013594 2.685504776398588 0.0
6.170555411733866 0.01570796326794897 0.0
6.170555411733866 0.023462558633972192 0.0
6.170555411733866 0.03503514218779029 0.0
6.170555411733866 0.05263150808357201 0.0
6.170555411733866 0.0731423493547288 0.0
6.170555411733866 0.1025927647713422 0.0
6.170555411733866 0.14481159820038791 0.0
6.170555411733866 0.20234603287313824 0.0
6.170555411733866 0.2834245013168247 0.0
6.170555411733866 0.3967448265966417 0.0
6.170555411733866 0.5552782518837672 0.0
6.170555411733866 0.7774818770639701 0.0
6.170555411733866 1.0884445474248694 0.0
6.170555411733866 1.5237112672761537 0.0
6.170555411733866 2.088426337077478 0.0
6.170555411733866 2.685504776398588 0.0
6.313966519968544 0.01570796326794897 0.0
6.313966519968544 0.023462558633972192 0.0
6.313966519968544 0.03503514218779029 0.0
6.313966519968544 0.05263150808357201 0.0
6.313966519968544 0.0731423493547288 0.0
6.313966519968544 0.1025927647713422 0.0
6.313966519968544 0.14481159820038791 0.0
6.313966519968544 0.20234603287313824 0.0
6.313966519968544 0.2834245013168247 0.0
6.313966519968544 0.3967448265966417 0.0
6.313966519968544 0.5552782518837672 0.0
6.313966519968544 0.7774818770639701 0.0
6.313966519968544 1.0884445474248694 0.0
6.313966519968544 1.5237112672761537 0.0
6.313966519968544 2.088426337077478 0.0
6.313966519968544 2.685504776398588 0.0
6.460245850367914 0.01570796326794897 0.0
6.460245850367914 0.023462558633972192 0.0
6.460245850367914 0.03503514218779029 0.0
6.460245850367914 0.05263150808357201 0.0
6.460245850367914 0.0731423493547288 0.0
6.460245850367914 0.1025927647713422 0.0
6.460245850367914 0.14481159820038791 0.0
6.460245850367914 0.20234603287313824 0.0
6.460245850367914 0.2834245013168247 0.0
6.460245850367914 0.3967448265966417 0.0
6.460245850367914 0.5552782518837672 0.0
6.460245850367914 0.7774818770639701 0.0
6.460245850367914 1.0884445474248694 0.0
6.460245850367914 1.5237112672761537 0.0
6.460245850367914 2.088426337077478 0.0
6.460245850367914 2.685504776398588 0.0
6.6094507673752725 0.01570796326794897 0.0
6.6094507673752725 0.023462558633972192 0.0
6.6094507673752725 0.03503514218779029 0.0
6.6094507673752725 0.05263150808357201 0.0
6.6094507673752725 0.0731423493547288 0.0
6.6094507673752725 0.1025927647713422 0.0
6.6094507673752725 0.14481159820038791 0.0
6.6094507673752725 0.20234603287313824 0.0
6.6094507673752725 0.2834245013168247 0.0
6.6094507673752725 0.3967448265966417 0.0
6.6094507673752725 0.5552782518837672 0.0
6.6094507673752725 0.7774818770639701 0.0
6.6094507673752725 1.0884445474248694 0.0
6.6094507673752725 1.5237112672761537 0.0
6.6094507673752725 2.088426337077478 0.0
6.6094507673752725 2.685504776398588 0.0
6.761639782722777 0.01570796326794897 -4.0728458351935776e-07
6.761639782722777 0.023462558633972192 -1.0465134164295514e-06
6.761639782722777 0.03503514218779029 1.5828026124913818e-07
6.761639782722777 0.05263150808357201 -1.0499125045986428e-06
6.761639782722777 0.0731423493547288 -6.818479126151705e-07
6.761639782722777 0.1025927647713422 8.192945036114125e-07
6.761639782722777 0.14481159820038791 -2.6053581543530066e-06
6.761639782722777 0.20234603287313824 -7.619684881735865e-08
6.761639782722777 0.2834245013168247 2.014556534257538e-06
6.761639782722777 0.3967448265966417 -3.3549096371602493e-06
6.761639782722777 0.5552782518837672 -2.1180406305757724e-06
6.761639782722777 0.7774818770639701 -1.5028258879913246e-06
6.761639782722777 1.0884445474248694 -4.364275089395358e-07
6.761639782722777 1.5237112672761537 -8.904072819509986e-07
6.761639782722777 2.088426337077478 -1.0436191096359494e-06
6.761639782722777 2.685504776398588 -2.7447102124699247e-07
6.916872578377234 0.01570796326794897 -4.4720276588383285e-05
6.916872578377234 0.023462558633972192 -7.757415059613734e-05
6.916872578377234 0.03503514218779029 -0.0003502913001228754
6.916872578377234 0.05263150808357201 -0.00018412508880984136
6.916872578377234 0.0731423493547288 -0.00023844841996454658
6.916872578377234 0.1025927647713422 -0.00018993870159537008
6.916872578377234 0.14481159820038791 -0.00031643454056327886
6.916872578377234 0.20234603287313824 -0.0002441740668839135
6.916872578377234 0.2834245013168247 -0.0002528565326042756
6.916872578377234 0.3967448265966417 -0.0001917938690488228
6.916872578377234 0.5552782518837672 -0.00019517390539645156
6.916872578377234 0.7774818770639701 -0.0001489409183901578
6.916872578377234 1.0884445474248694 -0.00014646381401421391
6.916872578377234 1.5237112672761537 -0.00014700893150594468
6.916872578377234 2.088426337077478 -0.00015684317236600514
6.916872578377234 2.685504776398588 -0.00016303852998517216
7.075210029944778 0.01570796326794897 -0.00011391264672324319
7.075210029944778 0.023462558633972192 -0.00022075406686428864
7.075210029944778 0.03503514218779029 -0.00136414161697482
7.075210029944778 0.05263150808357201 -0.0011489951040335145
7.075210029944778 0.0731423493547288 -0.0007794624443984655
7.075210029944778 0.1025927647713422 -0.0012152040665022329
7.075210029944778 0.14481159820038791 -0.0011110064986928575
7.075210029944778 0.20234603287313824 -0.001296031670587385
7.075210029944778 0.2834245013168247 -0.0011118848237717089
7.075210029944778 0.3967448265966417 -0.001073340200403717
7.075210029944778 0.5552782518837672 -0.0008900337458771137
7.075210029944778 0.7774818770639701 -0.0007642072728603494
7.075210029944778 1.0884445474248694 -0.0006806843800692702
7.075210029944778 1.5237112672761537 -0.0006698728589335379
7.075210029944778 2.088426337077478 -0.0007308920013056673
7.075210029944778 2.685504776398588 -0.0007310760771032247
7.236714230543676 0.01570796326794897 -0.00021511273087108872
7.236714230543676 0.023462558633972192 -0.0006102065764541192
7.236714230543676 0.03503514218779029 -0.002773492957444376
7.236714230543676 0.05263150808357201 -0.0034672453067943147
7.236714230543676 0.0731423493547288 -0.002835441889378792
7.236714230543676 0.1025927647713422 -0.0034934644597310305
7.236714230543676 0.14481159820038791 -0.003831674876067767
7.236714230543676 0.20234603287313824 -0.0037297948923603976
7.236714230543676 0.2834245013168247 -0.0034407940228373657
7.236714230543676 0.3967448265966417 -0.0031576400817987715
7.236714230543676 0.5552782518837672 -0.0027208260806370625
7.236714230543676 0.7774818770639701 -0.0023221458717166644
7.236714230543676 1.0884445474248694 -0.002085914444187295
7.236714230543676 1.5237112672761537 -0.0019948593180721262
7.236714230543676 2.088426337077478 -0.0021624641464906363
7.236714230543676 2.685504776398588 -0.0021657462859360817
7.401448515154549 0.01570796326794897 -0.0002877277560016296
7.401448515154549 0.023462558633972192 -0.0009062376965442166
7.401448515154549 0.03503514218779029 -0.004162471522799966
7.401448515154549 0.05263150808357201 -0.006142844023688556
7.401448515154549 0.0731423493547288 -0.005780441177352401
7.401448515154549 0.1025927647713422 -0.007440459313237066
7.401448515154549 0.14481159820038791 -0.00832786023435463
7.401448515154549 0.20234603287313824 -0.007760378653374795
7.401448515154549 0.2834245013168247 -0.00744434789332696
7.401448515154549 0.3967448265966417 -0.0069179068804735
7.401448515154549 0.5552782518837672 -0.006002266712188774
7.401448515154549 0.7774818770639701 -0.005127152222378888
7.401448515154549 1.0884445474248694 -0.0044535641731111774
7.401448515154549 1.5237112672761537 -0.00422272208285599
7.401448515154549 2.088426337077478 -0.004515024731151521
7.401448515154549 2.685504776398588 -0.004536940897286671
7.5694774854576385 0.01570796326794897 -0.0002961035236276556
7.5694774854576385 0.023462558633972192 -0.0010605005758746494
7.5694774854576385 0.03503514218779029 -0.00511244098655225
7.5694774854576385 0.05263150808357201 -0.008039208679199022
7.5694774854576385 0.0731423493547288 -0.009060243649222451
7.5694774854576385 0.1025927647713422 -0.012634926681040264
7.5694774854576385 0.14481159820038791 -0.013316486174504394
7.5694774854576385 0.20234603287313824 -0.012846844474276666
7.5694774854576385 0.2834245013168247 -0.012748557493159993
7.5694774854576385 0.3967448265966417 -0.01179599096388868
7.5694774854576385 0.5552782518837672 -0.010201363345026635
7.5694774854576385 0.7774818770639701 -0.008666689196100277
7.5694774854576385 1.0884445474248694 -0.007531784301517498
7.5694774854576385 1.5237112672761537 -0.0070881727249248105
7.5694774854576385 2.088426337077478 -0.007487683493322688
7.5694774854576385 2.685504776398588 -0.007455205540875797
7.740867035166793 0.01570796326794897 -0.0002684403435804525
7.740867035166793 0.023462558633972192 -0.001029089211240484
7.740867035166793 0.03503514218779029 -0.005332531120472082
7.740867035166793 0.05263150808357201 -0.009441313733721665
7.740867035166793 0.0731423493547288 -0.011596741862413228
7.740867035166793 0.1025927647713422 -0.0171151338496413
7.740867035166793 0.14481159820038791 -0.0180626457586118
7.740867035166793 0.20234603287313824 -0.018066781050460057
7.740867035166793 0.2834245013168247 -0.018066674549435068
7.740867035166793 0.3967448265966417 -0.01712017127007105
7.740867035166793 0.5552782518837672 -0.014833001197041416
7.740867035166793 0.7774818770639701 -0.012634083440263198
7.740867035166793 1.0884445474248694 -0.010854675982130763
7.740867035166793 1.5237112672761537 -0.010140313246943972
7.740867035166793 2.088426337077478 -0.010528042624789324
7.740867035166793 2.685504776398588 -0.010332944187241998
7.915684375870128 0.01570796326794897 -0.00021070517033305183
7.915684375870128 0.023462558633972192 -0.00095773473941696
7.915684375870128 0.03503514218779029 -0.004957029026324467
7.915684375870128 0.05263150808357201 -0.009899287406518496
7.915684375870128 0.0731423493547288 -0.013177419053877235
7.915684375870128 0.1025927647713422 -0.02013495553530261
7.915684375870128 0.14481159820038791 -0.021965096951218517
7.915684375870128 0.20234603287313824 -0.02256947030434915
7.915684375870128 0.2834245013168247 -0.023173495356054088
7.915684375870128 0.3967448265966417 -0.02236051850590151
7.915684375870128 0.5552782518837672 -0.019476280121014752
7.915684375870128 0.7774818770639701 -0.016744739240235926
7.915684375870128 1.0884445474248694 -0.014216352306726831
7.915684375870128 1.5237112672761537 -0.013127123666709624
7.915684375870128 2.088426337077478 -0.013412204454575232
7.915684375870128 2.685504776398588 -0.012989820696494032
8.093998063387529 0.01570796326794897 -0.00018017703515049
8.093998063387529 0.023462558633972192 -0.0008382840587862391
8.093998063387529 0.03503514218779029 -0.004420699765776382
8.093998063387529 0.05263150808357201 -0.009695160043373762
8.093998063387529 0.0731423493547288 -0.013604416055065313
8.093998063387529 0.1025927647713422 -0.021642221905349573
8.093998063387529 0.14481159820038791 -0.024398394424723614
8.093998063387529 0.20234603287313824 -0.025997184985171368
8.093998063387529 0.2834245013168247 -0.027231311437563858
8.093998063387529 0.3967448265966417 -0.026715405591504968
8.093998063387529 0.5552782518837672 -0.02371843717997657
8.093998063387529 0.7774818770639701 -0.02047131706865276
8.093998063387529 1.0884445474248694 -0.01731863725414675
8.093998063387529 1.5237112672761537 -0.01584326777638784
8.093998063387529 2.088426337077478 -0.015934383644727317
8.093998063387529 2.685504776398588 -0.015326224700267748
8.275878024655281 0.01570796326794897 -0.0001717998536586459
8.275878024655281 0.023462558633972192 -0.0007801233613056762
8.275878024655281 0.03503514218779029 -0.004003986715203628
8.275878024655281 0.05263150808357201 -0.009003292781094113
8.275878024655281 0.0731423493547288 -0.012999528029982024
8.275878024655281 0.1025927647713422 -0.02164889427742851
8.275878024655281 0.14481159820038791 -0.025526922299101702
8.275878024655281 0.20234603287313824 -0.02816430305344769
8.275878024655281 0.2834245013168247 -0.030220292301065405
8.275878024655281 0.3967448265966417 -0.030169028753639787
8.275878024655281 0.5552782518837672 -0.027236805993151248
8.275878024655281 0.7774818770639701 -0.02355879385937943
8.275878024655281 1.0884445474248694 -0.01995220115921181
8.275878024655281 1.5237112672761537 -0.018157714573659292
8.275878024655281 2.088426337077478 -0.01804606708959741
8.275878024655281 2.685504776398588 -0.017160739096481834
8.461395585148386 0.01570796326794897 -0.00014959415722714414
8.461395585148386 0.023462558633972192 -0.0006999142773148843
8.461395585148386 0.03503514218779029 -0.0036456138959087775
8.461395585148386 0.05263150808357201 -0.008252556585915019
8.461395585148386 0.0731423493547288 -0.011968132655843776
8.461395585148386 0.1025927647713422 -0.020680235466860868
8.461395585148386 0.14481159820038791 -0.02552871715444895
8.461395585148386 0.20234603287313824 -0.029108423428729307
8.461395585148386 0.2834245013168247 -0.032121479929133806
8.461395585148386 0.3967448265966417 -0.03254825424767507
8.461395585148386 0.5552782518837672 -0.029972869718508224
8.461395585148386 0.7774818770639701 -0.026117264416757026
8.461395585148386 1.0884445474248694 -0.022111599191661443
8.461395585148386 1.5237112672761537 -0.02007498375624952
8.461395585148386 2.088426337077478 -0.01976492196300917
8.461395585148386 2.685504776398588 -0.018617638608776025
8.650623496851354 0.01570796326794897 -0.00012434975775800004
8.650623496851354 0.023462558633972192 -0.0006188477452253749
8.650623496851354 0.03503514218779029 -0.003261910403151132
8.650623496851354 0.05263150808357201 -0.007445435747156541
8.650623496851354 0.0731423493547288 -0.010841893408115344
8.650623496851354 0.1025927647713422 -0.01915568209500753
8.650623496851354 0.14481159820038791 -0.024643572279141237
8.650623496851354 0.20234603287313824 -0.029102913091473774
8.650623496851354 0.2834245013168247 -0.03308443070557142
8.650623496851354 0.3967448265966417 -0.03400917740042427
8.650623496851354 0.5552782518837672 -0.031907604131643896
8.650623496851354 0.7774818770639701 -0.02810133301096569
8.650623496851354 1.0884445474248694 -0.023888197785271632
8.650623496851354 1.5237112672761537 -0.02155740841620439
8.650623496851354 2.088426337077478 -0.02108082244944571
8.650623496851354 2.685504776398588 -0.01968074000274099
8.843635966788382 0.01570796326794897 -0.00010841554559766816
8.843635966788382 0.023462558633972192 -0.0005437813773285241
8.843635966788382 0.03503514218779029 -0.00289566274258654
8.843635966788382 0.05263150808357201 -0.006573391424927043
8.843635966788382 0.0731423493547288 -0.009697064501607537
8.843635966788382 0.1025927647713422 -0.01745514285469418
8.843635966788382 0.14481159820038791 -0.023178292082247653
8.843635966788382 0.20234603287313824 -0.02815333198401576
8.843635966788382 0.2834245013168247 -0.03307195898527646
8.843635966788382 0.3967448265966417 -0.034640801111117184
8.843635966788382 0.5552782518837672 -0.033093172281668005
8.843635966788382 0.7774818770639701 -0.02947784590056716
8.843635966788382 1.0884445474248694 -0.02522369091641901
8.843635966788382 1.5237112672761537 -0.02269748065624019
8.843635966788382 2.088426337077478 -0.022084892309053757
8.843635966788382 2.685504776398588 -0.020455214342068203
9.04050868612415 0.01570796326794897 -9.34659621327243e-05
9.04050868612415 0.023462558633972192 -0.0004763763116894456
9.04050868612415 0.03503514218779029 -0.002541897638642939
9.04050868612415 0.05263150808357201 -0.005769567194164296
9.04050868612415 0.0731423493547288 -0.008547823877987516
9.04050868612415 0.1025927647713422 -0.015660130251870283
9.04050868612415 0.14481159820038791 -0.02128133131135006
9.04050868612415 0.20234603287313824 -0.02665209303768396
9.04050868612415 0.2834245013168247 -0.032315830110668416
9.04050868612415 0.3967448265966417 -0.03452592241541229
9.04050868612415 0.5552782518837672 -0.03362239701066125
9.04050868612415 0.7774818770639701 -0.030313269363991376
9.04050868612415 1.0884445474248694 -0.026137031228152943
9.04050868612415 1.5237112672761537 -0.02351819792989601
9.04050868612415 2.088426337077478 -0.022824105127280232
9.04050868612415 2.685504776398588 -0.02100200972276417
9.241318859846633 0.01570796326794897 -7.904590380973441e-05
9.241318859846633 0.023462558633972192 -0.0004158285556071553
9.241318859846633 0.03503514218779029 -0.002217198947845235
9.241318859846633 0.05263150808357201 -0.005041224360914486
9.241318859846633 0.0731423493547288 -0.007457286585443213
9.241318859846633 0.1025927647713422 -0.013884708375706498
9.241318859846633 0.14481159820038791 -0.019226952888826542
9.241318859846633 0.20234603287313824 -0.02477892204904393
9.241318859846633 0.2834245013168247 -0.030895722080080342
9.241318859846633 0.3967448265966417 -0.03369159259339118
9.241318859846633 0.5552782518837672 -0.033539162228301174
9.241318859846633 0.7774818770639701 -0.03065120863752325
9.241318859846633 1.0884445474248694 -0.02664324450751869
9.241318859846633 1.5237112672761537 -0.024052093298236345
9.241318859846633 2.088426337077478 -0.023344439298288677
9.241318859846633 2.685504776398588 -0.02132987118190108
9.446145237043565 0.01570796326794897 -6.764643538165154e-05
9.446145237043565 0.023462558633972192 -0.00036377864279189213
9.446145237043565 0.03503514218779029 -0.0019571024887857715
9.446145237043565 0.05263150808357201 -0.004435657466148626
9.446145237043565 0.0731423493547288 -0.006524190655361993
9.446145237043565 0.1025927647713422 -0.012244891727271905
9.446145237043565 0.14481159820038791 -0.017162260248407248
9.446145237043565 0.20234603287313824 -0.02259324517976911
9.446145237043565 0.2834245013168247 -0.028961785069831436
9.446145237043565 0.3967448265966417 -0.032299931719889506
9.446145237043565 0.5552782518837672 -0.03286532056851111
9.446145237043565 0.7774818770639701 -0.030479319758317733
9.446145237043565 1.0884445474248694 -0.026753439983529945
9.446145237043565 1.5237112672761537 -0.02421539002790632
9.446145237043565 2.088426337077478 -0.02354128165104333
9.446145237043565 2.685504776398588 -0.021316979964681147
9.655068141784435 0.01570796326794897 -5.800687673251814e-05
9.655068141784435 0.023462558633972192 -0.00032046954763370887
9.655068141784435 0.03503514218779029 -0.0017245909925906464
9.655068141784435 0.05263150808357201 -0.003890119684138988
9.655068141784435 0.0731423493547288 -0.005696383493036772
9.655068141784435 0.1025927647713422 -0.01074453989117345
9.655068141784435 0.14481159820038791 -0.015171761317572197
9.655068141784435 0.20234603287313824 -0.020358307433023668
9.655068141784435 0.2834245013168247 -0.02675053226741302
9.655068141784435 0.3967448265966417 -0.03055648015557688
9.655068141784435 0.5552782518837672 -0.0317099343409602
9.655068141784435 0.7774818770639701 -0.02984126590420548
9.655068141784435 1.0884445474248694 -0.02648578771211556
9.655068141784435 1.5237112672761537 -0.02411706096739285
9.655068141784435 2.088426337077478 -0.02343630499877038
9.655068141784435 2.685504776398588 -0.021229028323365217
9.868169504620123 0.01570796326794897 -4.999782629927456e-05
9.868169504620123 0.023462558633972192 -0.0002821206832910145
9.868169504620123 0.03503514218779029 -0.0015042237711442668
9.868169504620123 0.05263150808357201 -0.003415201929095188
9.868169504620123 0.0731423493547288 -0.004977005306046464
9.868169504620123 0.1025927647713422 -0.009400895092243207
9.868169504620123 0.14481159820038791 -0.01332293677260815
9.868169504620123 0.20234603287313824 -0.018154260375881668
9.868169504620123 0.2834245013168247 -0.024352546625433825
9.868169504620123 0.3967448265966417 -0.028534011393836038
9.868169504620123 0.5552782518837672 -0.030191115234777587
9.868169504620123 0.7774818770639701 -0.028863818974028
9.868169504620123 1.0884445474248694 -0.025927241957503518
9.868169504620123 1.5237112672761537 -0.023848198395286197
9.868169504620123 2.088426337077478 -0.02321877896870912
9.868169504620123 2.685504776398588 -0.020930878800917284
10.085532894712527 0.01570796326794897 -4.265877362545872e-05
10.085532894712527 0.023462558633972192 -0.00024696853960596025
10.085532894712527 0.03503514218779029 -0.001308221423934703
10.085532894712527 0.05263150808357201 -0.0029884095876848518
10.085532894712527 0.0731423493547288 -0.0043519705175601294
10.085532894712527 0.1025927647713422 -0.008193092456679438
10.085532894712527 0.14481159820038791 -0.01163608950363584
10.085532894712527 0.20234603287313824 -0.016058281583901202
10.085532894712527 0.2834245013168247 -0.021929400634707708
10.085532894712527 0.3967448265966417 -0.02626946391741773
10.085532894712527 0.5552782518837672 -0.0283420157929026
10.085532894712527 0.7774818770639701 -0.027549080635103074
10.085532894712527 1.0884445474248694 -0.02510285564600669
10.085532894712527 1.5237112672761537 -0.023343175460607383
10.085532894712527 2.088426337077478 -0.02279525558061495
10.085532894712527 2.685504776398588 -0.02052739357850239
10.30724355260678 0.01570796326794897 -3.5841048088024344e-05
10.30724355260678 0.023462558633972192 -0.000213437614205205
10.30724355260678 0.03503514218779029 -0.001134580015343162
10.30724355260678 0.05263150808357201 -0.0026182964980350503
10.30724355260678 0.0731423493547288 -0.00379847537433798
10.30724355260678 0.1025927647713422 -0.007124011550054474
10.30724355260678 0.14481159820038791 -0.010130737666705084
10.30724355260678 0.20234603287313824 -0.014128505503342834
10.30724355260678 0.2834245013168247 -0.019556097956124983
10.30724355260678 0.3967448265966417 -0.02388056539215509
10.30724355260678 0.5552782518837672 -0.02629484240996597
10.30724355260678 0.7774818770639701 -0.0260057836403464
10.30724355260678 1.0884445474248694 -0.024049701942148685
10.30724355260678 1.5237112672761537 -0.02258812516619503
10.30724355260678 2.088426337077478 -0.022146719595600845
10.30724355260678 2.685504776398588 -0.01990915603696295
10.533388423658916 0.01570796326794897 -3.0455730577132928e-05
10.533388423658916 0.023462558633972192 -0.00018390837094587524
10.533388423658916 0.03503514218779029 -0.0009798809834160578
10.533388423658916 0.05263150808357201 -0.0022764736555904463
10.533388423658916 0.0731423493547288 -0.003297115924761952
10.533388423658916 0.1025927647713422 -0.006165488268120909
10.533388423658916 0.14481159820038791 -0.008801462546539024
10.533388423658916 0.20234603287313824 -0.012355409024984549
10.533388423658916 0.2834245013168247 -0.01730207297282538
10.533388423658916 0.3967448265966417 -0.021482787065352414
10.533388423658916 0.5552782518837672 -0.02410288883588569
10.533388423658916 0.7774818770639701 -0.02424830416223278
10.533388423658916 1.0884445474248694 -0.022818527379964232
10.533388423658916 1.5237112672761537 -0.02169403535871124
10.533388423658916 2.088426337077478 -0.021371255096350527
10.533388423658916 2.685504776398588 -0.01909483927406561
10.764056192132092 0.01570796326794897 -2.516601907829407e-05
10.764056192132092 0.023462558633972192 -0.00015679970861543892
10.764056192132092 0.03503514218779029 -0.0008463777703953551
10.764056192132092 0.05263150808357201 -0.0019630113492399453
10.764056192132092 0.0731423493547288 -0.0028437778250278165
10.764056192132092 0.1025927647713422 -0.005311110710378124
10.764056192132092 0.14481159820038791 -0.0076103397421306875
10.764056192132092 0.20234603287313824 -0.010742674557242187
10.764056192132092 0.2834245013168247 -0.015199865190530218
10.764056192132092 0.3967448265966417 -0.0191529003547723
10.764056192132092 0.5552782518837672 -0.021878084626402998
10.764056192132092 0.7774818770639701 -0.02242451201735149
10.764056192132092 1.0884445474248694 -0.02143769142753553
10.764056192132092 1.5237112672761537 -0.020652040116394092
10.764056192132092 2.088426337077478 -0.02047710606144921
10.764056192132092 2.685504776398588 -0.01828318461594339
10.999337315974737 0.01570796326794897 -2.1244327637470457e-05
10.999337315974737 0.023462558633972192 -0.00013266324840489435
10.999337315974737 0.03503514218779029 -0.0007306430271160678
10.999337315974737 0.05263150808357201 -0.0016936550288439707
10.999337315974737 0.0731423493547288 -0.00245446897782395
10.999337315974737 0.1025927647713422 -0.004567694362876017
10.999337315974737 0.14481159820038791 -0.0065721512964574255
10.999337315974737 0.20234603287313824 -0.009289378692171
10.999337315974737 0.2834245013168247 -0.013270198010617806
10.999337315974737 0.3967448265966417 -0.01692249648495453
10.999337315974737 0.5552782518837672 -0.019681196799819382
10.999337315974737 0.7774818770639701 -0.020562889560159243
10.999337315974737 1.0884445474248694 -0.01997773626443533
10.999337315974737 1.5237112672761537 -0.01951788297771178
10.999337315974737 2.088426337077478 -0.01950803003663867
10.999337315974737 2.685504776398588 -0.017360179496382706
11.23932406229423 0.01570796326794897 -1.8010799756130602e-05
11.23932406229423 0.023462558633972192 -0.0001133338294440526
11.23932406229423 0.03503514218779029 -0.0006273629537525272
11.23932406229423 0.05263150808357201 -0.0014623544254072994
11.23932406229423 0.0731423493547288 -0.002110806372091285
11.23932406229423 0.1025927647713422 -0.003919536079752807
11.23932406229423 0.14481159820038791 -0.00565515236490308
11.23932406229423 0.20234603287313824 -0.008003131982530913
11.23932406229423 0.2834245013168247 -0.011505797258160687
11.23932406229423 0.3967448265966417 -0.014842895340431312
11.23932406229423 0.5552782518837672 -0.01754528121969041
11.23932406229423 0.7774818770639701 -0.0186671133211708
11.23932406229423 1.0884445474248694 -0.01847113988587215
11.23932406229423 1.5237112672761537 -0.018301902786614282
11.23932406229423 2.088426337077478 -0.018452844119906327
11.23932406229423 2.685504776398588 -0.016384261683636762
11.484110543540115 0.01570796326794897 -1.5071634271159461e-05
11.484110543540115 0.023462558633972192 -9.449973127387326e-05
11.484110543540115 0.03503514218779029 -0.0005379250905514927
11.484110543540115 0.05263150808357201 -0.0012533230429400473
11.484110543540115 0.0731423493547288 -0.00181180733477557
11.484110543540115 0.1025927647713422 -0.003345492445487383
11.484110543540115 0.14481159820038791 -0.004844849911160595
11.484110543540115 0.20234603287313824 -0.006866654805071299
11.484110543540115 0.2834245013168247 -0.009937520668347959
11.484110543540115 0.3967448265966417 -0.012925679855529568
11.484110543540115 0.5552782518837672 -0.015490424861794616
11.484110543540115 0.7774818770639701 -0.016792010170252857
11.484110543540115 1.0884445474248694 -0.016913183818480955
11.484110543540115 1.5237112672761537 -0.017045017736490944
11.484110543540115 2.088426337077478 -0.01727958956495957
11.484110543540115 2.685504776398588 -0.015219308057382138
11.733792754410914 0.01570796326794897 -1.2668770771024472e-05
11.733792754410914 0.023462558633972192 -7.874314708138809e-05
11.733792754410914 0.03503514218779029 -0.0004569641628877251
11.733792754410914 0.05263150808357201 -0.0010688701927817751
11.733792754410914 0.0731423493547288 -0.0015483185263308404
11.733792754410914 0.1025927647713422 -0.002845345264381968
11.733792754410914 0.14481159820038791 -0.004130284716991928
11.733792754410914 0.20234603287313824 -0.005869105181664015
11.733792754410914 0.2834245013168247 -0.008522948291321941
11.733792754410914 0.3967448265966417 -0.011161276628816255
11.733792754410914 0.5552782518837672 -0.013567916150175163
11.733792754410914 0.7774818770639701 -0.014967011009089143
11.733792754410914 1.0884445474248694 -0.01534620588224104
11.733792754410914 1.5237112672761537 -0.015701391105607792
11.733792754410914 2.088426337077478 -0.016034908605435376
11.733792754410914 2.685504776398588 -0.014072045776935023
11.988468609499135 0.01570796326794897 -1.0594070658792913e-05
11.988468609499135 0.023462558633972192 -6.609416930213378e-05
11.988468609499135 0.03503514218779029 -0.000388104215268589
11.988468609499135 0.05263150808357201 -0.0009084864735924034
11.988468609499135 0.0731423493547288 -0.001315311884523807
11.988468609499135 0.1025927647713422 -0.0024054142430019157
11.988468609499135 0.14481159820038791 -0.0035039350784742663
11.988468609499135 0.20234603287313824 -0.004986533203273998
11.988468609499135 0.2834245013168247 -0.007279688645633072
11.988468609499135 0.3967448265966417 -0.009588764308138887
11.988468609499135 0.5552782518837672 -0.011784232215606984
11.988468609499135 0.7774818770639701 -0.013229804368574924
11.988468609499135 1.0884445474248694 -0.013826581345167982
11.988468609499135 1.5237112672761537 -0.014355076894437546
11.988468609499135 2.088426337077478 -0.014738220047858897
11.988468609499135 2.685504776398588 -0.0129697365106113
12.248237981689115 0.01570796326794897 -8.868051494162003e-06
12.248237981689115 0.023462558633972192 -5.5672111597608214e-05
12.248237981689115 0.03503514218779029 -0.0003264978803251078
12.248237981689115 0.05263150808357201 -0.0007698176369809449
12.248237981689115 0.0731423493547288 -0.0011106969006269966
12.248237981689115 0.1025927647713422 -0.0020266683250778302
12.248237981689115 0.14481159820038791 -0.0029596550048100545
12.248237981689115 0.20234603287313824 -0.004216016166399465
12.248237981689115 0.2834245013168247 -0.006178351663404564
12.248237981689115 0.3967448265966417 -0.008176459454492673
12.248237981689115 0.5552782518837672 -0.010156336921286913
12.248237981689115 0.7774818770639701 -0.011605567793627928
12.248237981689115 1.0884445474248694 -0.012346472745943192
12.248237981689115 1.5237112672761537 -0.0130245536815598
12.248237981689115 2.088426337077478 -0.013517493941936218
12.248237981689115 2.685504776398588 -0.011891089741769388
12.513202741322901 0.01570796326794897 -7.325584443905403e-06
12.513202741322901 0.023462558633972192 -4.621094211410181e-05
12.513202741322901 0.03503514218779029 -0.00027273575614551374
12.513202741322901 0.05263150808357201 -0.0006475420124645866
12.513202741322901 0.0731423493547288 -0.0009297443829681963
12.513202741322901 0.1025927647713422 -0.0016999132623173516
12.513202741322901 0.14481159820038791 -0.002486953714440238
12.513202741322901 0.20234603287313824 -0.0035386213884402756
12.513202741322901 0.2834245013168247 -0.005204420047237075
12.513202741322901 0.3967448265966417 -0.006935940138517913
12.513202741322901 0.5552782518837672 -0.008706596769999355
12.513202741322901 0.7774818770639701 -0.010107711045210724
12.513202741322901 1.0884445474248694 -0.010939571978743774
12.513202741322901 1.5237112672761537 -0.01173857240893365
12.513202741322901 2.088426337077478 -0.012281451640982287
12.513202741322901 2.685504776398588 -0.01083542176820057
12.783466796149359 0.01570796326794897 -6.182817536713373e-06
12.783466796149359 0.023462558633972192 -3.8039697987695466e-05
12.783466796149359 0.03503514218779029 -0.0002276881335710048
12.783466796149359 0.05263150808357201 -0.0005420528927743486
12.783466796149359 0.0731423493547288 -0.0007762703143430795
12.783466796149359 0.1025927647713422 -0.0014163815014472452
12.783466796149359 0.14481159820038791 -0.0020833727980863665
12.783466796149359 0.20234603287313824 -0.002963797996107857
12.783466796149359 0.2834245013168247 -0.004376028413492959
12.783466796149359 0.3967448265966417 -0.005848433545103979
12.783466796149359 0.5552782518837672 -0.007409012202728033
12.783466796149359 0.7774818770639701 -0.008734345849192663
12.783466796149359 1.0884445474248694 -0.009621364259792695
12.783466796149359 1.5237112672761537 -0.010494952757220632
12.783466796149359 2.088426337077478 -0.011065417669625821
12.783466796149359 2.685504776398588 -0.009792247988328109
13.059136132072346 0.01570796326794897 -5.106515571547185e-06
13.059136132072346 0.023462558633972192 -3.105208424048955e-05
13.059136132072346 0.03503514218779029 -0.0001882841880542305
13.059136132072346 0.05263150808357201 -0.00045045087145933067
13.059136132072346 0.0731423493547288 -0.0006467527443707447
13.059136132072346 0.1025927647713422 -0.0011787121478777445
13.059136132072346 0.14481159820038791 -0.0017331333251507505
13.059136132072346 0.20234603287313824 -0.002467095213611795
13.059136132072346 0.2834245013168247 -0.0036485948770400172
13.059136132072346 0.3967448265966417 -0.00489617603190656
13.059136132072346 0.5552782518837672 -0.006265451107358368
13.059136132072346 0.7774818770639701 -0.0074905653827099655
13.059136132072346 1.0884445474248694 -0.00838993218030308
13.059136132072346 1.5237112672761537 -0.009298065302790393
13.059136132072346 2.088426337077478 -0.009915149071297728
13.059136132072346 2.685504776398588 -0.008827670405783741
13.340318854713793 0.01570796326794897 -4.5522301569425765e-06
13.340318854713793 0.023462558633972192 -2.5553987362156893e-05
13.340318854713793 0.03503514218779029 -0.00015405742380747924
13.340318854713793 0.05263150808357201 -0.00037259249437559985
13.340318854713793 0.0731423493547288 -0.0005370065103843512
13.340318854713793 0.1025927647713422 -0.0009712526727996916
13.340318854713793 0.14481159820038791 -0.0014352483837957665
13.340318854713793 0.20234603287313824 -0.002036673426351305
13.340318854713793 0.2834245013168247 -0.0030281230891193237
13.340318854713793 0.3967448265966417 -0.004073341297004636
13.340318854713793 0.5552782518837672 -0.00525219279136669
13.340318854713793 0.7774818770639701 -0.006373249091622227
13.340318854713793 1.0884445474248694 -0.007271712741271076
13.340318854713793 1.5237112672761537 -0.008193372320913309
13.340318854713793 2.088426337077478 -0.00882128491200168
13.340318854713793 2.685504776398588 -0.007880125530151463
13.627125231808071 0.01570796326794897 -3.89507673201572e-06
13.627125231808071 0.023462558633972192 -2.1107407921713026e-05
13.627125231808071 0.03503514218779029 -0.00012614829414338535
13.627125231808071 0.05263150808357201 -0.0003070635749682981
13.627125231808071 0.0731423493547288 -0.0004414617391478428
13.627125231808071 0.1025927647713422 -0.0008024078142412253
13.627125231808071 0.14481159820038791 -0.0011820220828066214
13.627125231808071 0.20234603287313824 -0.001671848628119568
13.627125231808071 0.2834245013168247 -0.00249485456249375
13.627125231808071 0.3967448265966417 -0.003374820798865842
13.627125231808071 0.5552782518837672 -0.004386954429565792
13.627125231808071 0.7774818770639701 -0.0053968169540950465
13.627125231808071 1.0884445474248694 -0.0062519736883977755
13.627125231808071 1.5237112672761537 -0.007153247255220395
13.627125231808071 2.088426337077478 -0.0078057521553819955
13.627125231808071 2.685504776398588 -0.007031984716667068
13.91966773644423 0.01570796326794897 -3.271353920251536e-06
13.91966773644423 0.023462558633972192 -1.7671351911901252e-05
13.91966773644423 0.03503514218779029 -0.00010334335844530029
13.91966773644423 0.05263150808357201 -0.00025084411367144683
13.91966773644423 0.0731423493547288 -0.00036178239908450687
13.91966773644423 0.1025927647713422 -0.0006544187733495822
13.91966773644423 0.14481159820038791 -0.000966242083025549
13.91966773644423 0.20234603287313824 -0.0013633645432483356
13.91966773644423 0.2834245013168247 -0.0020430008210235388
13.91966773644423 0.3967448265966417 -0.002779925805624915
13.91966773644423 0.5552782518837672 -0.003631942541868861
13.91966773644423 0.7774818770639701 -0.00452215425091277
13.91966773644423 1.0884445474248694 -0.005343182219641206
13.91966773644423 1.5237112672761537 -0.006209676741024058
13.91966773644423 2.088426337077478 -0.006865229872581515
13.91966773644423 2.685504776398588 -0.006218242120248933
14.218061091173114 0.01570796326794897 -2.5639774047424254e-06
14.218061091173114 0.023462558633972192 -1.3920999015681204e-05
14.218061091173114 0.03503514218779029 -8.463483042919728e-05
14.218061091173114 0.05263150808357201 -0.00020374077911200348
14.218061091173114 0.0731423493547288 -0.0002939649756179758
14.218061091173114 0.1025927647713422 -0.0005311613037792637
14.218061091173114 0.14481159820038791 -0.0007864218442136607
14.218061091173114 0.20234603287313824 -0.00111112796959287
14.218061091173114 0.2834245013168247 -0.0016683287676863608
14.218061091173114 0.3967448265966417 -0.002275939973624425
14.218061091173114 0.5552782518837672 -0.002995678230582336
14.218061091173114 0.7774818770639701 -0.003780954485682672
14.218061091173114 1.0884445474248694 -0.004539460783086535
14.218061091173114 1.5237112672761537 -0.005367808639980482
14.218061091173114 2.088426337077478 -0.00601072368488673
14.218061091173114 2.685504776398588 -0.005477473499625947
14.52242231299658 0.01570796326794897 -2.04853305533236e-06
14.52242231299658 0.023462558633972192 -1.1297515059411148e-05
14.52242231299658 0.03503514218779029 -6.756201605977589e-05
14.52242231299658 0.05263150808357201 -0.0001646988045228801
14.52242231299658 0.0731423493547288 -0.0002375079413458934
14.52242231299658 0.1025927647713422 -0.00042871853340677
14.52242231299658 0.14481159820038791 -0.0006364242564043934
14.52242231299658 0.20234603287313824 -0.0008987507001072399
14.52242231299658 0.2834245013168247 -0.0013482967201029507
14.52242231299658 0.3967448265966417 -0.0018505333136801653
14.52242231299658 0.5552782518837672 -0.002454756794832776
14.52242231299658 0.7774818770639701 -0.003136638479099497
14.52242231299658 1.0884445474248694 -0.003826278163388768
14.52242231299658 1.5237112672761537 -0.004602738389131922
14.52242231299658 2.088426337077478 -0.005228407748494175
14.52242231299658 2.685504776398588 -0.004832600994956129
14.83287075925651 0.01570796326794897 -1.630251633908213e-06
14.83287075925651 0.023462558633972192 -8.967790552744101e-06
14.83287075925651 0.03503514218779029 -5.449985103484035e-05
14.83287075925651 0.05263150808357201 -0.00013293938068598943
14.83287075925651 0.0731423493547288 -0.00019082024241125404
14.83287075925651 0.1025927647713422 -0.00034325316265705776
14.83287075925651 0.14481159820038791 -0.0005091225481965084
14.83287075925651 0.20234603287313824 -0.0007243514360444187
14.83287075925651 0.2834245013168247 -0.0010884847410186766
14.83287075925651 0.3967448265966417 -0.0014948307933820115
14.83287075925651 0.5552782518837672 -0.0019965165139074737
14.83287075925651 0.7774818770639701 -0.0025787825640710893
14.83287075925651 1.0884445474248694 -0.003208041313093201
14.83287075925651 1.5237112672761537 -0.003912367088805086
14.83287075925651 2.088426337077478 -0.004509754787216356
14.83287075925651 2.685504776398588 -0.004212097015941544
15.149528174441643 0.01570796326794897 -1.2934914709771342e-06
15.149528174441643 0.023462558633972192 -7.28358754792531e-06
15.149528174441643 0.03503514218779029 -4.299244088277751e-05
15.149528174441643 0.05263150808357201 -0.00010678640068083536
15.149528174441643 0.0731423493547288 -0.00015257355690594736
15.149528174441643 0.1025927647713422 -0.0002745444842510007
15.149528174441643 0.14481159820038791 -0.0004060268434336898
15.149528174441643 0.20234603287313824 -0.0005803117391561241
15.149528174441643 0.2834245013168247 -0.0008694671719702173
15.149528174441643 0.3967448265966417 -0.001197434557165207
15.149528174441643 0.5552782518837672 -0.0016126675461113245
15.149528174441643 0.7774818770639701 -0.002106263969366928
15.149528174441643 1.0884445474248694 -0.0026674846680322718
15.149528174441643 1.5237112672761537 -0.0033105480660861647
15.149528174441643 2.088426337077478 -0.0038642324262082015
15.149528174441643 2.685504776398588 -0.0036532057646529365
15.472518737930475 0.01570796326794897 -1.0994778964775164e-06
15.472518737930475 0.023462558633972192 -5.892674938750826e-06
15.472518737930475 0.03503514218779029 -3.3658300439576004e-05
15.472518737930475 0.05263150808357201 -8.524580864083458e-05
15.472518737930475 0.0731423493547288 -0.00012129926448127819
15.472518737930475 0.1025927647713422 -0.00021815712346471766
15.472518737930475 0.14481159820038791 -0.0003240536080959205
15.472518737930475 0.20234603287313824 -0.00046262230126553963
15.472518737930475 0.2834245013168247 -0.000693897969494385
15.472518737930475 0.3967448265966417 -0.0009570649841317325
15.472518737930475 0.5552782518837672 -0.001295084412268657
15.472518737930475 0.7774818770639701 -0.0017156617500925981
15.472518737930475 1.0884445474248694 -0.0022109107127435915
15.472518737930475 1.5237112672761537 -0.0027845054602908524
15.472518737930475 2.088426337077478 -0.003285480772773475
15.472518737930475 2.685504776398588 -0.003126082566124921
15.801969112689084 0.01570796326794897 -8.358038288861607e-07
15.801969112689084 0.023462558633972192 -4.447473685432142e-06
15.801969112689084 0.03503514218779029 -2.6280063784375252e-05
15.801969112689084 0.05263150808357201 -6.719002584689187e-05
15.801969112689084 0.0731423493547288 -9.564247273194436e-05
15.801969112689084 0.1025927647713422 -0.0001722897086196321
15.801969112689084 0.14481159820038791 -0.00025602398019177597
15.801969112689084 0.20234603287313824 -0.0003656357091925505
15.801969112689084 0.2834245013168247 -0.0005511963398482791
15.801969112689084 0.3967448265966417 -0.000760308209632237
15.801969112689084 0.5552782518837672 -0.0010363183947580926
15.801969112689084 0.7774818770639701 -0.0013876494056760085
15.801969112689084 1.0884445474248694 -0.0018140671668527386
15.801969112689084 1.5237112672761537 -0.0023265808841642305
15.801969112689084 2.088426337077478 -0.0027703253447224478
15.801969112689084 2.685504776398588 -0.002646388540415809
16.13800849494287 0.01570796326794897 -6.591436856465935e-07
16.13800849494287 0.023462558633972192 -3.596996249770166e-06
16.13800849494287 0.03503514218779029 -2.005229788237389e-05
16.13800849494287 0.05263150808357201 -5.304568818548572e-05
16.13800849494287 0.0731423493547288 -7.569014588723352e-05
16.13800849494287 0.1025927647713422 -0.00013748262972277476
16.13800849494287 0.14481159820038791 -0.00020247835482105437
16.13800849494287 0.20234603287313824 -0.0002880503130181823
16.13800849494287 0.2834245013168247 -0.00043521271247548966
16.13800849494287 0.3967448265966417 -0.0006032926239760983
16.13800849494287 0.5552782518837672 -0.0008249543572527879
16.13800849494287 0.7774818770639701 -0.0011205917996485687
16.13800849494287 1.0884445474248694 -0.0014823864905606956
16.13800849494287 1.5237112672761537 -0.001928081953207798
16.13800849494287 2.088426337077478 -0.002321381801164889
16.13800849494287 2.685504776398588 -0.002230054539453641
16.480768664841722 0.01570796326794897 -5.157239382330881e-07
16.480768664841722 0.023462558633972192 -2.8613996727897467e-06
16.480768664841722 0.03503514218779029 -1.538802423907105e-05
16.480768664841722 0.05263150808357201 -4.171053682166328e-05
16.480768664841722 0.0731423493547288 -5.924393887809056e-05
16.480768664841722 0.1025927647713422 -0.0001081567378638678
16.480768664841722 0.14481159820038791 -0.0001591554009174809
16.480768664841722 0.20234603287313824 -0.00022612813585442764
16.480768664841722 0.2834245013168247 -0.00034197434583286293
16.480768664841722 0.3967448265966417 -0.0004751526851000373
16.480768664841722 0.5552782518837672 -0.0006548512905516699
16.480768664841722 0.7774818770639701 -0.0008988892961152602
16.480768664841722 1.0884445474248694 -0.0012037487593077208
16.480768664841722 1.5237112672761537 -0.0015905825851017814
16.480768664841722 2.088426337077478 -0.0019356451538820978
16.480768664841722 2.685504776398588 -0.0018546320259764854
16.83038403813856 0.01570796326794897 -4.269431034241113e-07
16.83038403813856 0.023462558633972192 -2.2327526940082693e-06
16.83038403813856 0.03503514218779029 -1.1518922374136822e-05
16.83038403813856 0.05263150808357201 -3.2279494982492033e-05
16.83038403813856 0.0731423493547288 -4.59242323514177e-05
16.83038403813856 0.1025927647713422 -8.426448630231922e-05
16.83038403813856 0.14481159820038791 -0.00012407775897597378
16.83038403813856 0.20234603287313824 -0.00017581352922686587
16.83038403813856 0.2834245013168247 -0.00026603567703599034
16.83038403813856 0.3967448265966417 -0.0003704578059315152
16.83038403813856 0.5552782518837672 -0.0005170226210277148
16.83038403813856 0.7774818770639701 -0.0007153886032738206
16.83038403813856 1.0884445474248694 -0.0009712400303840332
16.83038403813856 1.5237112672761537 -0.001299977245706399
16.83038403813856 2.088426337077478 -0.0015947708428726089
16.83038403813856 2.685504776398588 -0.0015416843885071078
17.186991718901332 0.01570796326794897 -3.3375710432483504e-07
17.186991718901332 0.023462558633972192 -1.6838053590624546e-06
17.186991718901332 0.03503514218779029 -8.985959070543456e-06
17.186991718901332 0.05263150808357201 -2.493854159134068e-05
17.186991718901332 0.0731423493547288 -3.616917052466993e-05
17.186991718901332 0.1025927647713422 -6.471441686024044e-05
17.186991718901332 0.14481159820038791 -9.54637485023917e-05
17.186991718901332 0.20234603287313824 -0.0001355808668643005
17.186991718901332 0.2834245013168247 -0.00020600452199205348
17.186991718901332 0.3967448265966417 -0.0002869781304125508
17.186991718901332 0.5552782518837672 -0.0004034136376367572
17.186991718901332 0.7774818770639701 -0.0005655058244858037
17.186991718901332 1.0884445474248694 -0.0007754658549693857
17.186991718901332 1.5237112672761537 -0.001046089876438205
17.186991718901332 2.088426337077478 -0.0012963599474938314
17.186991718901332 2.685504776398588 -0.0012567612313518414
17.55073155327936 0.01570796326794897 -2.613393080271285e-07
17.55073155327936 0.023462558633972192 -1.3501985447807848e-06
17.55073155327936 0.03503514218779029 -6.895248019220772e-06
17.55073155327936 0.05263150808357201 -1.9028489221733302e-05
17.55073155327936 0.0731423493547288 -2.757934637799595e-05
17.55073155327936 0.1025927647713422 -4.9471473859308835e-05
17.55073155327936 0.14481159820038791 -7.290823734267621e-05
17.55073155327936 0.20234603287313824 -0.00010446486164429562
17.55073155327936 0.2834245013168247 -0.00015777441075245964
17.55073155327936 0.3967448265966417 -0.0002209407931798937
17.55073155327936 0.5552782518837672 -0.0003122152234915541
17.55073155327936 0.7774818770639701 -0.0004436027546739332
17.55073155327936 1.0884445474248694 -0.0006126568374212828
17.55073155327936 1.5237112672761537 -0.0008357948863242652
17.55073155327936 2.088426337077478 -0.001040652964207365
17.55073155327936 2.685504776398588 -0.0010050767269912842
17.92174618434495 0.01570796326794897 -1.9800382126519926e-07
17.92174618434495 0.023462558633972192 -1.0281426410618994e-06
17.92174618434495 0.03503514218779029 -5.298071758687289e-06
17.92174618434495 0.05263150808357201 -1.4586173662515548e-05
17.92174618434495 0.0731423493547288 -2.1075291986087392e-05
17.92174618434495 0.1025927647713422 -3.741233061337877e-05
17.92174618434495 0.14481159820038791 -5.53810781259863e-05
17.92174618434495 0.20234603287313824 -7.955786330068315e-05
17.92174618434495 0.2834245013168247 -0.00011961133414742119
17.92174618434495 0.3967448265966417 -0.00016759080969022138
17.92174618434495 0.5552782518837672 -0.00023943556278490727
17.92174618434495 0.7774818770639701 -0.00034056013759945565
17.92174618434495 1.0884445474248694 -0.0004766316644779179
17.92174618434495 1.5237112672761537 -0.0006545610066308541
17.92174618434495 2.088426337077478 -0.0008234919523095756
17.92174618434495 2.685504776398588 -0.0007978404262612426
18.300181108031847 0.01570796326794897 -1.624658330662889e-07
18.300181108031847 0.023462558633972192 -7.26728481108886e-07
18.300181108031847 0.03503514218779029 -3.9988642859852966e-06
18.300181108031847 0.05263150808357201 -1.0723460196672926e-05
18.300181108031847 0.0731423493547288 -1.571496926298505e-05
18.300181108031847 0.1025927647713422 -2.8117281857685963e-05
18.300181108031847 0.14481159820038791 -4.172893778293489e-05
18.300181108031847 0.20234603287313824 -5.934368974793793e-05
18.300181108031847 0.2834245013168247 -8.936250104130663e-05
18.300181108031847 0.3967448265966417 -0.00012596179206769638
18.300181108031847 0.5552782518837672 -0.000181393313494138
18.300181108031847 0.7774818770639701 -0.00026079619109052593
18.300181108031847 1.0884445474248694 -0.00036691017219991266
18.300181108031847 1.5237112672761537 -0.0005112987044204132
18.300181108031847 2.088426337077478 -0.0006431848757797822
18.300181108031847 2.685504776398588 -0.0006175376891909897
18.686184730192483 0.01570796326794897 -1.304436322954055e-07
18.686184730192483 0.023462558633972192 -5.748108392673488e-07
18.686184730192483 0.03503514218779029 -2.9238294580592087e-06
18.686184730192483 0.05263150808357201 -7.841818243524108e-06
18.686184730192483 0.0731423493547288 -1.1513784949951527e-05
18.686184730192483 0.1025927647713422 -2.0652946282129503e-05
18.686184730192483 0.14481159820038791 -3.1004864184331676e-05
18.686184730192483 0.20234603287313824 -4.441570563189189e-05
18.686184730192483 0.2834245013168247 -6.638481785556346e-05
18.686184730192483 0.3967448265966417 -9.387992763008264e-05
18.686184730192483 0.5552782518837672 -0.00013599772571521834
18.686184730192483 0.7774818770639701 -0.00019586848221747876
18.686184730192483 1.0884445474248694 -0.00027779238707469214
18.686184730192483 1.5237112672761537 -0.00039136468150541563
18.686184730192483 2.088426337077478 -0.0004953621360683041
18.686184730192483 2.685504776398588 -0.00047503388309369716
19.07990842479633 0.01570796326794897 -8.2618387499447e-08
19.07990842479633 0.023462558633972192 -4.010065137659751e-07
19.07990842479633 0.03503514218779029 -2.161521874072592e-06
19.07990842479633 0.05263150808357201 -5.662674223695798e-06
19.07990842479633 0.0731423493547288 -8.499153111215243e-06
19.07990842479633 0.1025927647713422 -1.5011978979733758e-05
19.07990842479633 0.14481159820038791 -2.2437755221961834e-05
19.07990842479633 0.20234603287313824 -3.2614895601264045e-05
19.07990842479633 0.2834245013168247 -4.882145874504536e-05
19.07990842479633 0.3967448265966417 -6.863665165757538e-05
19.07990842479633 0.5552782518837672 -0.00010048393185938964
19.07990842479633 0.7774818770639701 -0.00014490962517199542
19.07990842479633 1.0884445474248694 -0.00020640552995171484
19.07990842479633 1.5237112672761537 -0.00029277994045963075
19.07990842479633 2.088426337077478 -0.00037094522108403386
19.07990842479633 2.685504776398588 -0.0003525240307860428
19.481506593292263 0.01570796326794897 -5.8247960148290396e-08
19.481506593292263 0.023462558633972192 -2.5477642515192485e-07
19.481506593292263 0.03503514218779029 -1.5856840520022276e-06
19.481506593292263 0.05263150808357201 -3.868603831522376e-06
19.481506593292263 0.0731423493547288 -5.884856537489172e-06
19.481506593292263 0.1025927647713422 -1.0554792854172431e-05
19.481506593292263 0.14481159820038791 -1.5924982963703186e-05
19.481506593292263 0.20234603287313824 -2.300227352047608e-05
19.481506593292263 0.2834245013168247 -3.474029549370136e-05
19.481506593292263 0.3967448265966417 -4.9089663464779654e-05
19.481506593292263 0.5552782518837672 -7.20350733645759e-05
19.481506593292263 0.7774818770639701 -0.0001042670124604352
19.481506593292263 1.0884445474248694 -0.00014927431477985444
19.481506593292263 1.5237112672761537 -0.00021487713930525218
19.481506593292263 2.088426337077478 -0.00027108991187611847
19.481506593292263 2.685504776398588 -0.00025610886895011424
19.891136725158105 0.01570796326794897 -3.315708162674096e-08
19.891136725158105 0.023462558633972192 -1.9477724343426284e-07
19.891136725158105 0.03503514218779029 -1.0834444616299955e-06
19.891136725158105 0.05263150808357201 -2.6939334193344454e-06
19.891136725158105 0.0731423493547288 -4.092132236349174e-06
19.891136725158105 0.1025927647713422 -7.361558655164052e-06
19.891136725158105 0.14481159820038791 -1.1078258109226193e-05
19.891136725158105 0.20234603287313824 -1.61078058085032e-05
19.891136725158105 0.2834245013168247 -2.4335153800312905e-05
19.891136725158105 0.3967448265966417 -3.454843396427641e-05
19.891136725158105 0.5552782518837672 -5.106497538366557e-05
19.891136725158105 0.7774818770639701 -7.395581070763649e-05
19.891136725158105 1.0884445474248694 -0.00010599698625235197
19.891136725158105 1.5237112672761537 -0.00015364141472318037
19.891136725158105 2.088426337077478 -0.0001943678866122861
19.891136725158105 2.685504776398588 -0.00018384829858860105
20.308959459661267 0.01570796326794897 -2.0819666925018258e-08
20.308959459661267 0.023462558633972192 -1.0267297532711989e-07
20.308959459661267 0.03503514218779029 -7.346512299258917e-07
20.308959459661267 0.05263150808357201 -1.792149405795084e-06
20.308959459661267 0.0731423493547288 -2.7202252446638514e-06
20.308959459661267 0.1025927647713422 -4.9567534038624966e-06
20.308959459661267 0.14481159820038791 -7.508083583159404e-06
20.308959459661267 0.20234603287313824 -1.1043792407251387e-05
20.308959459661267 0.2834245013168247 -1.661667617897612e-05
20.308959459661267 0.3967448265966417 -2.353715074008083e-05
20.308959459661267 0.5552782518837672 -3.489516518815541e-05
20.308959459661267 0.7774818770639701 -5.121973030710427e-05
20.308959459661267 1.0884445474248694 -7.363782221846826e-05
20.308959459661267 1.5237112672761537 -0.00010767080583276238
20.308959459661267 2.088426337077478 -0.00013738781190939943
20.308959459661267 2.685504776398588 -0.00013013571242186103
20.73513864885449 0.01570796326794897 -1.5686592831372743e-08
20.73513864885449 0.023462558633972192 -7.681677959380952e-08
20.73513864885449 0.03503514218779029 -4.982170365310726e-07
20.73513864885449 0.05263150808357201 -1.2095025905676613e-06
20.73513864885449 0.0731423493547288 -1.871221781528627e-06
20.73513864885449 0.1025927647713422 -3.3100827233115328e-06
20.73513864885449 0.14481159820038791 -5.188024203639881e-06
20.73513864885449 0.20234603287313824 -7.483244402731673e-06
20.73513864885449 0.2834245013168247 -1.1306148264579794e-05
20.73513864885449 0.3967448265966417 -1.6171188610883786e-05
20.73513864885449 0.5552782518837672 -2.391559317947556e-05
20.73513864885449 0.7774818770639701 -3.512065548029265e-05
20.73513864885449 1.0884445474248694 -5.1033832938151066e-05
20.73513864885449 1.5237112672761537 -7.476823408908217e-05
20.73513864885449 2.088426337077478 -9.532417968964696e-05
20.73513864885449 2.685504776398588 -9.050915059775468e-05
21.169841421831578 0.01570796326794897 -1.5527586447625518e-08
21.169841421831578 0.023462558633972192 -4.896227654657958e-08
21.169841421831578 0.03503514218779029 -3.34788152228758e-07
21.169841421831578 0.05263150808357201 -7.607715339365859e-07
21.169841421831578 0.0731423493547288 -1.2116081458678973e-06
21.169841421831578 0.1025927647713422 -2.210766023946708e-06
21.169841421831578 0.14481159820038791 -3.4819238403592704e-06
21.169841421831578 0.20234603287313824 -4.981235797768306e-06
21.169841421831578 0.2834245013168247 -7.51081822055513e-06
21.169841421831578 0.3967448265966417 -1.0858545820240415e-05
21.169841421831578 0.5552782518837672 -1.6174690490241744e-05
21.169841421831578 0.7774818770639701 -2.40673983431388e-05
21.169841421831578 1.0884445474248694 -3.508278456873028e-05
21.169841421831578 1.5237112672761537 -5.145030772892696e-05
21.169841421831578 2.088426337077478 -6.580144052149275e-05
21.169841421831578 2.685504776398588 -6.0455758955345324e-05
21.61323825026821 0.01570796326794897 -1.0661760033082171e-08
21.61323825026821 0.023462558633972192 -2.7487872280888457e-08
21.61323825026821 0.03503514218779029 -2.3257556735177942e-07
21.61323825026821 0.05263150808357201 -5.016826432444278e-07
21.61323825026821 0.0731423493547288 -7.554416836509005e-07
21.61323825026821 0.1025927647713422 -1.438946157080016e-06
21.61323825026821 0.14481159820038791 -2.2261295967348976e-06
21.61323825026821 0.20234603287313824 -3.218316596674755e-06
21.61323825026821 0.2834245013168247 -4.9277478759802835e-06
21.61323825026821 0.3967448265966417 -7.0406281615788775e-06
21.61323825026821 0.5552782518837672 -1.0512111283718806e-05
21.61323825026821 0.7774818770639701 -1.5696131479505075e-05
21.61323825026821 1.0884445474248694 -2.324348426771221e-05
21.61323825026821 1.5237112672761537 -3.403500246769985e-05
21.61323825026821 2.088426337077478 -4.412871367025769e-05
21.61323825026821 2.685504776398588 -4.029339267735035e-05
22.065503015273574 0.01570796326794897 -8.025626109482309e-09
22.065503015273574 0.023462558633972192 -1.4359202431573098e-08
22.065503015273574 0.03503514218779029 -1.5725108392961225e-07
22.065503015273574 0.05263150808357201 -3.046674812918251e-07
22.065503015273574 0.0731423493547288 -4.739306671113701e-07
22.065503015273574 0.1025927647713422 -8.883230847207661e-07
22.065503015273574 0.14481159820038791 -1.405833287466501e-06
22.065503015273574 0.20234603287313824 -2.000365378661496e-06
22.065503015273574 0.2834245013168247 -3.181396944957654e-06
22.065503015273574 0.3967448265966417 -4.519434159533208e-06
22.065503015273574 0.5552782518837672 -6.740612454645503e-06
22.065503015273574 0.7774818770639701 -1.0141612464625833e-05
22.065503015273574 1.0884445474248694 -1.513329442168078e-05
22.065503015273574 1.5237112672761537 -2.2182871338630994e-05
22.065503015273574 2.088426337077478 -2.8758031906009906e-05
22.065503015273574 2.685504776398588 -2.717993653644202e-05
22.526813075579053 0.01570796326794897 -5.001621661352455e-09
22.526813075579053 0.023462558633972192 -5.661969581340099e-09
22.526813075579053 0.03503514218779029 -1.0364717144105767e-07
22.526813075579053 0.05263150808357201 -2.0143991266136844e-07
22.526813075579053 0.0731423493547288 -2.693895905936681e-07
22.526813075579053 0.1025927647713422 -5.235153263826322e-07
22.526813075579053 0.14481159820038791 -8.947352301095617e-07
22.526813075579053 0.20234603287313824 -1.1771886622291005e-06
22.526813075579053 0.2834245013168247 -1.9358980310374453e-06
22.526813075579053 0.3967448265966417 -2.779197587727413e-06
22.526813075579053 0.5552782518837672 -4.26361223376288e-06
22.526813075579053 0.7774818770639701 -6.475185027728816e-06
22.526813075579053 1.0884445474248694 -9.607186931788575e-06
22.526813075579053 1.5237112672761537 -1.4151773201825436e-05
22.526813075579053 2.088426337077478 -1.8426577412428146e-05
22.526813075579053 2.685504776398588 -1.7479608838904222e-05
22.997349337090636 0.01570796326794897 1.1901849826009802e-10
22.997349337090636 0.023462558633972192 4.896246392934008e-10
22.997349337090636 0.03503514218779029 2.6593973825978584e-09
22.997349337090636 0.05263150808357201 5.945062454087609e-09
22.997349337090636 0.0731423493547288 8.767706085909008e-09
22.997349337090636 0.1025927647713422 1.69151137831678e-08
22.997349337090636 0.14481159820038791 2.4244347741605195e-08
22.997349337090636 0.20234603287313824 3.4404636966802684e-08
22.997349337090636 0.2834245013168247 5.157989157366619e-08
22.997349337090636 0.3967448265966417 7.484364268237983e-08
22.997349337090636 0.5552782518837672 1.0508879023395085e-07
22.997349337090636 0.7774818770639701 1.3623351238657872e-07
22.997349337090636 1.0884445474248694 1.4990915584192733e-07
22.997349337090636 1.5237112672761537 1.3024260551844645e-07
22.997349337090636 2.088426337077478 8.596062250549496e-08
22.997349337090636 2.685504776398588 4.060998151832044e-08
23.477296323832444 0.01570796326794897 1.1155235266597892e-10
23.477296323832444 0.023462558633972192 4.595754575240531e-10
23.477296323832444 0.03503514218779029 2.4939546488720308e-09
23.477296323832444 0.05263150808357201 5.575830550827979e-09
23.477296323832444 0.0731423493547288 8.223673452856264e-09
23.477296323832444 0.1025927647713422 1.588247148607696e-08
23.477296323832444 0.14481159820038791 2.276591440791807e-08
23.477296323832444 0.20234603287313824 3.2398189320250817e-08
23.477296323832444 0.2834245013168247 4.882455920998425e-08
23.477296323832444 0.3967448265966417 7.131075407551127e-08
23.477296323832444 0.5552782518837672 1.0076940959863897e-07
23.477296323832444 0.7774818770639701 1.3138075585319552e-07
23.477296323832444 1.0884445474248694 1.4559729926577822e-07
23.477296323832444 1.5237112672761537 1.2803294492660322e-07
23.477296323832444 2.088426337077478 8.582509563602418e-08
23.477296323832444 2.685504776398588 4.0738191406383904e-08
23.966842250309092 0.01570796326794897 1.0418321827555415e-10
23.966842250309092 0.023462558633972192 4.2986103959311155e-10
23.966842250309092 0.03503514218779029 2.331192043695702e-09
23.966842250309092 0.05263150808357201 5.213543909746463e-09
23.966842250309092 0.0731423493547288 7.689255331906636e-09
23.966842250309092 0.1025927647713422 1.4872297323199555e-08
23.966842250309092 0.14481159820038791 2.1320217662627616e-08
23.966842250309092 0.20234603287313824 3.0416032361760085e-08
23.966842250309092 0.2834245013168247 4.610914828010554e-08
23.966842250309092 0.3967448265966417 6.777344593927929e-08
23.966842250309092 0.5552782518837672 9.639002374218686e-08
23.966842250309092 0.7774818770639701 1.2636805812253074e-07
23.966842250309092 1.0884445474248694 1.4100120058844402e-07
23.966842250309092 1.5237112672761537 1.256626898600406e-07
23.966842250309092 2.088426337077478 8.565044075334648e-08
23.966842250309092 2.685504776398588 4.0876647511949406e-08
24.46617909531528 0.01570796326794897 9.700515676297158e-11
24.46617909531528 0.023462558633972192 4.0071225328522364e-10
24.46617909531528 0.03503514218779029 2.1720439103421315e-09
24.46617909531528 0.05263150808357201 4.8586417222386645e-09
24.46617909531528 0.0731423493547288 7.1672323940892505e-09
24.46617909531528 0.1025927647713422 1.3883397483103192e-08
24.46617909531528 0.14481159820038791 1.990153283790021e-08
24.46617909531528 0.20234603287313824 2.8483151495576732e-08
24.46617909531528 0.2834245013168247 4.3435210411971824e-08
24.46617909531528 0.3967448265966417 6.424444213335405e-08
24.46617909531528 0.5552782518837672 9.192711862317207e-08
24.46617909531528 0.7774818770639701 1.211583833298235e-07
24.46617909531528 1.0884445474248694 1.3618788308214062e-07
24.46617909531528 1.5237112672761537 1.2320040239013953e-07
24.46617909531528 2.088426337077478 8.552796674883895e-08
24.46617909531528 2.685504776398588 4.117148708970719e-08
24.97550267722158 0.01570796326794897 8.991608666537567e-11
24.97550267722158 0.023462558633972192 3.7236398812763665e-10
24.97550267722158 0.03503514218779029 2.016459430181946e-09
24.97550267722158 0.05263150808357201 4.5132539397835505e-09
24.97550267722158 0.0731423493547288 6.657997269289089e-09
24.97550267722158 0.1025927647713422 1.2917801157142919e-08
24.97550267722158 0.14481159820038791 1.852398292425215e-08
24.97550267722158 0.20234603287313824 2.6592845202004082e-08
24.97550267722158 0.2834245013168247 4.0799017024237546e-08
24.97550267722158 0.3967448265966417 6.071848099734043e-08
24.97550267722158 0.5552782518837672 8.740081737633835e-08
24.97550267722158 0.7774818770639701 1.157819180081219e-07
24.97550267722158 1.0884445474248694 1.3118462303560082e-07
24.97550267722158 1.5237112672761537 1.2054737090020382e-07
24.97550267722158 2.088426337077478 8.544229777991657e-08
24.97550267722158 2.685504776398588 4.157960781837538e-08
25.49501273076601 0.01570796326794897 8.305666818002053e-11
25.49501273076601 0.023462558633972192 3.448189674291926e-10
25.49501273076601 0.03503514218779029 1.864957355616901e-09
25.49501273076601 0.05263150808357201 4.1764498056424065e-09
25.49501273076601 0.0731423493547288 6.161796963907455e-09
25.49501273076601 0.1025927647713422 1.1980932839767825e-08
25.49501273076601 0.14481159820038791 1.718445320460473e-08
25.49501273076601 0.20234603287313824 2.47437143334684e-08
25.49501273076601 0.2834245013168247 3.8211591335502237e-08
25.49501273076601 0.3967448265966417 5.7174103665309754e-08
25.49501273076601 0.5552782518837672 8.277529026575256e-08
25.49501273076601 0.7774818770639701 1.1026019807936638e-07
25.49501273076601 1.0884445474248694 1.2605163871446052e-07
25.49501273076601 1.5237112672761537 1.1772830239447332e-07
25.49501273076601 2.088426337077478 8.530029577863668e-08
25.49501273076601 2.685504776398588 4.2192136474769844e-08
26.024912985381327 0.01570796326794897 7.637571250303577e-11
26.024912985381327 0.023462558633972192 3.177861945800516e-10
26.024912985381327 0.03503514218779029 1.7174143650820758e-09
26.024912985381327 0.05263150808357201 3.848376522392899e-09
26.024912985381327 0.0731423493547288 5.678408152114237e-09
26.024912985381327 0.1025927647713422 1.106307638278506e-08
26.024912985381327 0.14481159820038791 1.5874691577258432e-08
26.024912985381327 0.20234603287313824 2.2935702382926366e-08
26.024912985381327 0.2834245013168247 3.5646943932490736e-08
26.024912985381327 0.3967448265966417 5.3626844167530614e-08
26.024912985381327 0.5552782518837672 7.804482753985142e-08
26.024912985381327 0.7774818770639701 1.0457471161821931e-07
26.024912985381327 1.0884445474248694 1.2063192353821678e-07
26.024912985381327 1.5237112672761537 1.1472438295860806e-07
26.024912985381327 2.088426337077478 8.532489510487478e-08
26.024912985381327 2.685504776398588 4.303495068858459e-08
26.56541124508896 0.01570796326794897 6.984684454379763e-11
26.56541124508896 0.023462558633972192 2.9146813309422187e-10
26.56541124508896 0.03503514218779029 1.5740903794413774e-09
26.56541124508896 0.05263150808357201 3.5292804846587934e-09
26.56541124508896 0.0731423493547288 5.209847955585325e-09
26.56541124508896 0.1025927647713422 1.0171307318420448e-08
26.56541124508896 0.14481159820038791 1.4601992005276373e-08
26.56541124508896 0.20234603287313824 2.116747781880052e-08
26.56541124508896 0.2834245013168247 3.3108971955174566e-08
26.56541124508896 0.3967448265966417 5.0058025840993326e-08
26.56541124508896 0.5552782518837672 7.325817804760228e-08
26.56541124508896 0.7774818770639701 9.866315139982977e-08
26.56541124508896 1.0884445474248694 1.1489283320686994e-07
26.56541124508896 1.5237112672761537 1.1144330790842626e-07
26.56541124508896 2.088426337077478 8.517655786059734e-08
26.56541124508896 2.685504776398588 4.412416349910781e-08
27.11671946999074 0.01570796326794897 6.355571803137185e-11
27.11671946999074 0.023462558633972192 2.65650525902052e-10
27.11671946999074 0.03503514218779029 1.4346651211821254e-09
27.11671946999074 0.05263150808357201 3.219436574933333e-09
27.11671946999074 0.0731423493547288 4.752407110365237e-09
27.11671946999074 0.1025927647713422 9.302068627396012e-09
27.11671946999074 0.14481159820038791 1.3358102252284309e-08
27.11671946999074 0.20234603287313824 1.943547427671669e-08
27.11671946999074 0.2834245013168247 3.0589785608930615e-08
27.11671946999074 0.3967448265966417 4.646529980010738e-08
27.11671946999074 0.5552782518837672 6.837256278991377e-08
27.11671946999074 0.7774818770639701 9.2583362453201e-08
27.11671946999074 1.0884445474248694 1.0889138346591058e-07
27.11671946999074 1.5237112672761537 1.0781417520590818e-07
27.11671946999074 2.088426337077478 8.495072834799442e-08
27.11671946999074 2.685504776398588 4.5826093999207184e-08
27.67905385939056 0.01570796326794897 5.743361294102288e-11
27.67905385939056 0.023462558633972192 2.40812936719612e-10
27.67905385939056 0.03503514218779029 1.2994416380663926e-09
27.67905385939056 0.05263150808357201 2.918781425279545e-09
27.67905385939056 0.0731423493547288 4.3078365512805356e-09
27.67905385939056 0.1025927647713422 8.453033705916666e-09
27.67905385939056 0.14481159820038791 1.2147031334473319e-08
27.67905385939056 0.20234603287313824 1.7738293016710134e-08
27.67905385939056 0.2834245013168247 2.808731408796425e-08
27.67905385939056 0.3967448265966417 4.283508481804698e-08
27.67905385939056 0.5552782518837672 6.334756690229129e-08
27.67905385939056 0.7774818770639701 8.628574919092874e-08
27.67905385939056 1.0884445474248694 1.0264687736861123e-07
27.67905385939056 1.5237112672761537 1.0381591451441608e-07
27.67905385939056 2.088426337077478 8.452391581156776e-08
27.67905385939056 2.685504776398588 4.775902738207044e-08
28.25263493657837 0.01570796326794897 5.1482550218519706e-11
28.25263493657837 0.023462558633972192 2.1658177977608214e-10
28.25263493657837 0.03503514218779029 1.167762178951726e-09
28.25263493657837 0.05263150808357201 2.626263420214003e-09
28.25263493657837 0.0731423493547288 3.8758537450646235e-09
28.25263493657837 0.1025927647713422 7.624655026292602e-09
28.25263493657837 0.14481159820038791 1.0965133120940662e-08
28.25263493657837 0.20234603287313824 1.6070274375058194e-08
28.25263493657837 0.2834245013168247 2.5602499567469568e-08
28.25263493657837 0.3967448265966417 3.91740510350666e-08
28.25263493657837 0.5552782518837672 5.820583343514794e-08
28.25263493657837 0.7774818770639701 7.976212079277303e-08
28.25263493657837 1.0884445474248694 9.599433797390146e-08
28.25263493657837 1.5237112672761537 9.936645777896462e-08
28.25263493657837 2.088426337077478 8.379592375132638e-08
28.25263493657837 2.685504776398588 4.9971894772204315e-08
28.837687635309933 0.01570796326794897 4.571577301078589e-11
28.837687635309933 0.023462558633972192 1.9291054222438117e-10
28.837687635309933 0.03503514218779029 1.039877693613287e-09
28.837687635309933 0.05263150808357201 2.3422091828383416e-09
28.837687635309933 0.0731423493547288 3.4562293135249415e-09
28.837687635309933 0.1025927647713422 6.8144774797233165e-09
28.837687635309933 0.14481159820038791 9.811728174938077e-09
28.837687635309933 0.20234603287313824 1.443262574917321e-08
28.837687635309933 0.2834245013168247 2.3125982475618286e-08
28.837687635309933 0.3967448265966417 3.549324945475743e-08
28.837687635309933 0.5552782518837672 5.299242647449925e-08
28.837687635309933 0.7774818770639701 7.303816970252308e-08
28.837687635309933 1.0884445474248694 8.895521990845797e-08
28.837687635309933 1.5237112672761537 9.422685556753985e-08
28.837687635309933 2.088426337077478 8.256293223713705e-08
28.837687635309933 2.685504776398588 5.2346415061233376e-08
29.43444138801614 0.01570796326794897 4.012983176449655e-11
29.43444138801614 0.023462558633972192 1.6982706290224689e-10
29.43444138801614 0.03503514218779029 9.154623425678527e-10
29.43444138801614 0.05263150808357201 2.0652558300755454e-09
29.43444138801614 0.0731423493547288 3.048125152308712e-09
29.43444138801614 0.1025927647713422 6.023305527920975e-09
29.43444138801614 0.14481159820038791 8.683480554499883e-09
29.43444138801614 0.20234603287313824 1.2818997931550478e-08
29.43444138801614 0.2834245013168247 2.0662058540061324e-08
29.43444138801614 0.3967448265966417 3.1794087761130854e-08
29.43444138801614 0.5552782518837672 4.765532409854984e-08
29.43444138801614 0.7774818770639701 6.606315913678674e-08
29.43444138801614 1.0884445474248694 8.149598845243324e-08
29.43444138801614 1.5237112672761537 8.850138694816678e-08
29.43444138801614 2.088426337077478 8.083678895308425e-08
29.43444138801614 2.685504776398588 5.474342353253323e-08
30.043130215776454 0.01570796326794897 3.470138127133867e-11
30.043130215776454 0.023462558633972192 1.474330525290067e-10
30.043130215776454 0.03503514218779029 7.947831179547098e-10
30.043130215776454 0.05263150808357201 1.7959631831052161e-09
30.043130215776454 0.0731423493547288 2.649769728017914e-09
30.043130215776454 0.1025927647713422 5.249312783282917e-09
30.043130215776454 0.14481159820038791 7.580596632926873e-09
30.043130215776454 0.20234603287313824 1.122938853864988e-08
30.043130215776454 0.2834245013168247 1.8198743172229006e-08
30.043130215776454 0.3967448265966417 2.8074016279534365e-08
30.043130215776454 0.5552782518837672 4.2223039950219986e-08
30.043130215776454 0.7774818770639701 5.889339446624553e-08
30.043130215776454 1.0884445474248694 7.358042208126818e-08
30.043130215776454 1.5237112672761537 8.208790276379648e-08
30.043130215776454 2.088426337077478 7.82358464127817e-08
30.043130215776454 2.685504776398588 5.710636077486644e-08
30.663992820091988 0.01570796326794897 2.9530106986520605e-11
30.663992820091988 0.023462558633972192 1.2554065214095008e-10
30.663992820091988 0.03503514218779029 6.776710792471308e-10
30.663992820091988 0.05263150808357201 1.5344812729061884e-09
30.663992820091988 0.0731423493547288 2.2629976534777533e-09
30.663992820091988 0.1025927647713422 4.4939508452397315e-09
30.663992820091988 0.14481159820038791 6.5014520925330174e-09
30.663992820091988 0.20234603287313824 9.660712092256553e-09
30.663992820091988 0.2834245013168247 1.574044470342166e-08
30.663992820091988 0.3967448265966417 2.432548555482338e-08
30.663992820091988 0.5552782518837672 3.6708406317671856e-08
30.663992820091988 0.7774818770639701 5.151296030811076e-08
30.663992820091988 1.0884445474248694 6.521696733651353e-08
30.663992820091988 1.5237112672761537 7.472775771504957e-08
30.663992820091988 2.088426337077478 7.456880650754027e-08
30.663992820091988 2.685504776398588 5.900622127926788e-08
31.297272676493826 0.01570796326794897 2.4455642632961762e-11
31.297272676493826 0.023462558633972192 1.0434726751465114e-10
31.297272676493826 0.03503514218779029 5.640692900886096e-10
31.297272676493826 0.05263150808357201 1.2792726589520285e-09
31.297272676493826 0.0731423493547288 1.886289848855584e-09
31.297272676493826 0.1025927647713422 3.7547100442506255e-09
31.297272676493826 0.14481159820038791 5.4427093220459965e-09
31.297272676493826 0.20234603287313824 8.113636131189577e-09
31.297272676493826 0.2834245013168247 1.3287398358504651e-08
31.297272676493826 0.3967448265966417 2.0560364625630013e-08
31.297272676493826 0.5552782518837672 3.1118405963882546e-08
31.297272676493826 0.7774818770639701 4.393632140262663e-08
31.297272676493826 1.0884445474248694 5.635525853217361e-08
31.297272676493826 1.5237112672761537 6.639531239730635e-08
31.297272676493826 2.088426337077478 6.953671407035284e-08
31.297272676493826 2.685504776398588 5.980638323330525e-08
31.943218130023702 0.01570796326794897 1.961192365096112e-11
31.943218130023702 0.023462558633972192 8.377955297696713e-11
31.943218130023702 0.03503514218779029 4.5357868593329515e-10
31.943218130023702 0.05263150808357201 1.0310371600953912e-09
31.943218130023702 0.0731423493547288 1.5196662466583248e-09
31.943218130023702 0.1025927647713422 3.031966708043971e-09
31.943218130023702 0.14481159820038791 4.404480764466804e-09
31.943218130023702 0.20234603287313824 6.586751287627145e-09
31.943218130023702 0.2834245013168247 1.0837844608273453e-08
31.943218130023702 0.3967448265966417 1.6778451973857342e-08
31.943218130023702 0.5552782518837672 2.546558743973905e-08
31.943218130023702 0.7774818770639701 3.6159755720586174e-08
31.943218130023702 1.0884445474248694 4.7037347204990795e-08
31.943218130023702 1.5237112672761537 5.699559877392918e-08
31.943218130023702 2.088426337077478 6.280513582736112e-08
31.943218130023702 2.685504776398588 5.8817522619211926e-08
32.60208249262418 0.01570796326794897 1.49448963404331e-11
32.60208249262418 0.023462558633972192 6.387878678153896e-11
32.60208249262418 0.03503514218779029 3.466052676861545e-10
32.60208249262418 0.05263150808357201 7.896483054789359e-10
32.60208249262418 0.0731423493547288 1.1628879542243227e-09
32.60208249262418 0.1025927647713422 2.326413028422522e-09
32.60208249262418 0.14481159820038791 3.387099561400145e-09
32.60208249262418 0.20234603287313824 5.0803414809370135e-09
32.60208249262418 0.2834245013168247 8.391500360290319e-09
32.60208249262418 0.3967448265966417 1.300127375315117e-08
32.60208249262418 0.5552782518837672 1.977802415466761e-08
32.60208249262418 0.7774818770639701 2.82187649305068e-08
32.60208249262418 1.0884445474248694 3.7233799307670166e-08
32.60208249262418 1.5237112672761537 4.643717332936557e-08
32.60208249262418 2.088426337077478 5.399601440051812e-08
32.60208249262418 2.685504776398588 5.507974994948262e-08
33.27412414247666 0.01570796326794897 1.0384049849121202e-11
33.27412414247666 0.023462558633972192 4.461354912325615e-11
33.27412414247666 0.03503514218779029 2.425177756716409e-10
33.27412414247666 0.05263150808357201 5.536041573934983e-10
33.27412414247666 0.0731423493547288 8.154806118570873e-10
33.27412414247666 0.1025927647713422 1.634994039418949e-09
33.27412414247666 0.14481159820038791 2.386147444197864e-09
33.27412414247666 0.20234603287313824 3.589584599368919e-09
33.27412414247666 0.2834245013168247 5.952851473604033e-09
33.27412414247666 0.3967448265966417 9.228480365462967e-09
33.27412414247666 0.5552782518837672 1.4069639581473577e-08
33.27412414247666 0.7774818770639701 2.0171578618515904e-08
33.27412414247666 1.0884445474248694 2.6970849653123523e-08
33.27412414247666 1.5237112672761537 3.46226002266117e-08
33.27412414247666 2.088426337077478 4.2621128981185664e-08
33.27412414247666 2.685504776398588 4.71930893578366e-08
33.959606625326195 0.01570796326794897 6.260417420527477e-12
33.959606625326195 0.023462558633972192 2.6884643361843157e-11
33.959606625326195 0.03503514218779029 1.469173456843636e-10
33.959606625326195 0.05263150808357201 3.357349801285981e-10
33.959606625326195 0.0731423493547288 4.942955289806416e-10
33.959606625326195 0.1025927647713422 9.915037836759357e-10
33.959606625326195 0.14481159820038791 1.449949660284411e-09
33.959606625326195 0.20234603287313824 2.1776056134572448e-09
33.959606625326195 0.2834245013168247 3.604588373775103e-09
33.959606625326195 0.3967448265966417 5.554882003372645e-09
33.959606625326195 0.5552782518837672 8.443888537876935e-09
33.959606625326195 0.7774818770639701 1.2101731027493498e-08
33.959606625326195 1.0884445474248694 1.633409698500897e-08
33.959606625326195 1.5237112672761537 2.1530332188492288e-08
33.959606625326195 2.088426337077478 2.7881460880560875e-08
33.959606625326195 2.685504776398588 3.3179762765900916e-08
34.65879875783272 0.01570796326794897 2.1034270572462544e-12
34.65879875783272 0.023462558633972192 7.477256664674368e-12
34.65879875783272 0.03503514218779029 4.4891162480018116e-11
34.65879875783272 0.05263150808357201 1.0657222859912528e-10
34.65879875783272 0.0731423493547288 1.5653758835974404e-10
34.65879875783272 0.1025927647713422 3.091764741863423e-10
34.65879875783272 0.14481159820038791 4.560192445317153e-10
34.65879875783272 0.20234603287313824 6.918485635151938e-10
34.65879875783272 0.2834245013168247 1.1599592625321016e-09
34.65879875783272 0.3967448265966417 1.7962877806960862e-09
34.65879875783272 0.5552782518837672 2.749642294190844e-09
34.65879875783272 0.7774818770639701 3.964501060910523e-09
34.65879875783272 1.0884445474248694 5.4249504010051945e-09
34.65879875783272 1.5237112672761537 7.318308162132236e-09
34.65879875783272 2.088426337077478 9.953482382752272e-09
34.65879875783272 2.685504776398588 1.2730531369725014e-08
35.371974732989365 0.01570796326794897 0.0
35.371974732989365 0.023462558633972192 0.0
35.371974732989365 0.03503514218779029 0.0
35.371974732989365 0.05263150808357201 0.0
35.371974732989365 0.0731423493547288 0.0
35.371974732989365 0.1025927647713422 0.0
35.371974732989365 0.14481159820038791 0.0
35.371974732989365 0.20234603287313824 0.0
35.371974732989365 0.2834245013168247 0.0
35.371974732989365 0.3967448265966417 0.0
35.371974732989365 0.5552782518837672 0.0
35.371974732989365 0.7774818770639701 0.0
35.371974732989365 1.0884445474248694 0.0
35.371974732989365 1.5237112672761537 0.0
35.371974732989365 2.088426337077478 0.0
35.371974732989365 2.685504776398588 0.0
