5.0 0.01570796326794897 0.0
5.0 0.023462558633972192 0.0
5.0 0.03503514218779029 0.0
5.0 0.05263150808357201 0.0
5.0 0.0731423493547288 0.0
5.0 0.1025927647713422 0.0
5.0 0.14481159820038791 0.0
5.0 0.20234603287313824 0.0
5.0 0.2834245013168247 0.0
5.0 0.3967448265966417 0.0
5.0 0.5552782518837672 0.0
5.0 0.7774818770639701 0.0
5.0 1.0884445474248694 0.0
5.0 1.5237112672761537 0.0
5.0 2.088426337077478 0.0
5.0 2.685504776398588 0.0
5.12 0.01570796326794897 0.0
5.12 0.023462558633972192 0.0
5.12 0.03503514218779029 0.0
5.12 0.05263150808357201 0.0
5.12 0.0731423493547288 0.0
5.12 0.1025927647713422 0.0
5.12 0.14481159820038791 0.0
5.12 0.20234603287313824 0.0
5.12 0.2834245013168247 0.0
5.12 0.3967448265966417 0.0
5.12 0.5552782518837672 0.0
5.12 0.7774818770639701 0.0
5.12 1.0884445474248694 0.0
5.12 1.5237112672761537 0.0
5.12 2.088426337077478 0.0
5.12 2.685504776398588 0.0
5.2424 0.01570796326794897 0.0
5.2424 0.023462558633972192 0.0
5.2424 0.03503514218779029 0.0
5.2424 0.05263150808357201 0.0
5.2424 0.0731423493547288 0.0
5.2424 0.1025927647713422 0.0
5.2424 0.14481159820038791 0.0
5.2424 0.20234603287313824 0.0
5.2424 0.2834245013168247 0.0
5.2424 0.3967448265966417 0.0
5.2424 0.5552782518837672 0.0
5.2424 0.7774818770639701 0.0
5.2424 1.0884445474248694 0.0
5.2424 1.5237112672761537 0.0
5.2424 2.088426337077478 0.0
5.2424 2.685504776398588 0.0
5.367248 0.01570796326794897 0.0
5.367248 0.023462558633972192 0.0
5.367248 0.03503514218779029 0.0
5.367248 0.05263150808357201 0.0
5.367248 0.0731423493547288 0.0
5.367248 0.1025927647713422 0.0
5.367248 0.14481159820038791 0.0
5.367248 0.20234603287313824 0.0
5.367248 0.2834245013168247 0.0
5.367248 0.3967448265966417 0.0
5.367248 0.5552782518837672 0.0
5.367248 0.7774818770639701 0.0
5.367248 1.0884445474248694 0.0
5.367248 1.5237112672761537 0.0
5.367248 2.088426337077478 0.0
5.367248 2.685504776398588 0.0
5.49459296 0.01570796326794897 0.0
5.49459296 0.023462558633972192 0.0
5.49459296 0.03503514218779029 0.0
5.49459296 0.05263150808357201 0.0
5.49459296 0.0731423493547288 0.0
5.49459296 0.1025927647713422 0.0
5.49459296 0.14481159820038791 0.0
5.49459296 0.20234603287313824 0.0
5.49459296 0.2834245013168247 0.0
5.49459296 0.3967448265966417 0.0
5.49459296 0.5552782518837672 0.0
5.49459296 0.7774818770639701 0.0
5.49459296 1.0884445474248694 0.0
5.49459296 1.5237112672761537 0.0
5.49459296 2.088426337077478 0.0
5.49459296 2.685504776398588 0.0
5.624484819199999 0.01570796326794897 0.0
5.624484819199999 0.023462558633972192 0.0
5.624484819199999 0.03503514218779029 0.0
5.624484819199999 0.05263150808357201 0.0
5.624484819199999 0.0731423493547288 0.0
5.624484819199999 0.1025927647713422 0.0
5.624484819199999 0.14481159820038791 0.0
5.624484819199999 0.20234603287313824 0.0
5.624484819199999 0.2834245013168247 0.0
5.624484819199999 0.3967448265966417 0.0
5.624484819199999 0.5552782518837672 0.0
5.624484819199999 0.7774818770639701 0.0
5.624484819199999 1.0884445474248694 0.0
5.624484819199999 1.5237112672761537 0.0
5.624484819199999 2.088426337077478 0.0
5.624484819199999 2.685504776398588 0.0
5.756974515584 0.01570796326794897 0.0
5.756974515584 0.023462558633972192 0.0
5.756974515584 0.03503514218779029 0.0
5.756974515584 0.05263150808357201 0.0
5.756974515584 0.0731423493547288 0.0
5.756974515584 0.1025927647713422 0.0
5.756974515584 0.14481159820038791 0.0
5.756974515584 0.20234603287313824 0.0
5.756974515584 0.2834245013168247 0.0
5.756974515584 0.3967448265966417 0.0
5.756974515584 0.5552782518837672 0.0
5.756974515584 0.7774818770639701 0.0
5.756974515584 1.0884445474248694 0.0
5.756974515584 1.5237112672761537 0.0
5.756974515584 2.088426337077478 0.0
5.756974515584 2.685504776398588 0.0
5.89211400589568 0.01570796326794897 0.0
5.89211400589568 0.023462558633972192 0.0
5.89211400589568 0.03503514218779029 0.0
5.89211400589568 0.05263150808357201 0.0
5.89211400589568 0.0731423493547288 0.0
5.89211400589568 0.1025927647713422 0.0
5.89211400589568 0.14481159820038791 0.0
5.89211400589568 0.20234603287313824 0.0
5.89211400589568 0.2834245013168247 0.0
5.89211400589568 0.3967448265966417 0.0
5.89211400589568 0.5552782518837672 0.0
5.89211400589568 0.7774818770639701 0.0
5.89211400589568 1.0884445474248694 0.0
5.89211400589568 1.5237112672761537 0.0
5.89211400589568 2.088426337077478 0.0
5.89211400589568 2.685504776398588 0.0
6.029956286013594 0.01570796326794897 0.0
6.029956286013594 0.023462558633972192 0.0
6.029956286013594 0.03503514218779029 0.0
6.029956286013594 0.05263150808357201 0.0
6.029956286013594 0.0731423493547288 0.0
6.029956286013594 0.1025927647713422 0.0
6.029956286013594 0.14481159820038791 0.0
6.029956286013594 0.20234603287313824 0.0
6.029956286013594 0.2834245013168247 0.0
6.029956286013594 0.3967448265966417 0.0
6.029956286013594 0.5552782518837672 0.0
6.029956286013594 0.7774818770639701 0.0
6.029956286013594 1.0884445474248694 0.0
6.029956286013594 1.5237112672761537 0.0
6.029956286013594 2.088426337077478 0.0
6.029956286013594 2.685504776398588 0.0
6.170555411733866 0.01570796326794897 0.0
6.170555411733866 0.023462558633972192 0.0
6.170555411733866 0.03503514218779029 0.0
6.170555411733866 0.05263150808357201 0.0
6.170555411733866 0.0731423493547288 0.0
6.170555411733866 0.1025927647713422 0.0
6.170555411733866 0.14481159820038791 0.0
6.170555411733866 0.20234603287313824 0.0
6.170555411733866 0.2834245013168247 0.0
6.170555411733866 0.3967448265966417 0.0
6.170555411733866 0.5552782518837672 0.0
6.170555411733866 0.7774818770639701 0.0
6.170555411733866 1.0884445474248694 0.0
6.170555411733866 1.5237112672761537 0.0
6.170555411733866 2.088426337077478 0.0
6.170555411733866 2.685504776398588 0.0
6.313966519968544 0.01570796326794897 0.0
6.313966519968544 0.023462558633972192 0.0
6.313966519968544 0.03503514218779029 0.0
6.313966519968544 0.05263150808357201 0.0
6.313966519968544 0.0731423493547288 0.0
6.313966519968544 0.1025927647713422 0.0
6.313966519968544 0.14481159820038791 0.0
6.313966519968544 0.20234603287313824 0.0
6.313966519968544 0.2834245013168247 0.0
6.313966519968544 0.3967448265966417 0.0
6.313966519968544 0.5552782518837672 0.0
6.313966519968544 0.7774818770639701 0.0
6.313966519968544 1.0884445474248694 0.0
6.313966519968544 1.5237112672761537 0.0
6.313966519968544 2.088426337077478 0.0
6.313966519968544 2.685504776398588 0.0
6.460245850367914 0.01570796326794897 0.0
6.460245850367914 0.023462558633972192 0.0
6.460245850367914 0.03503514218779029 0.0
6.460245850367914 0.05263150808357201 0.0
6.460245850367914 0.0731423493547288 0.0
6.460245850367914 0.1025927647713422 0.0
6.460245850367914 0.14481159820038791 0.0
6.460245850367914 0.20234603287313824 0.0
6.460245850367914 0.2834245013168247 0.0
6.460245850367914 0.3967448265966417 0.0
6.460245850367914 0.5552782518837672 0.0
6.460245850367914 0.7774818770639701 0.0
6.460245850367914 1.0884445474248694 0.0
6.460245850367914 1.5237112672761537 0.0
6.460245850367914 2.088426337077478 0.0
6.460245850367914 2.685504776398588 0.0
6.6094507673752725 0.01570796326794897 0.0
6.6094507673752725 0.023462558633972192 0.0
6.6094507673752725 0.03503514218779029 0.0
6.6094507673752725 0.05263150808357201 0.0
6.6094507673752725 0.0731423493547288 0.0
6.6094507673752725 0.1025927647713422 0.0
6.6094507673752725 0.14481159820038791 0.0
6.6094507673752725 0.20234603287313824 0.0
6.6094507673752725 0.2834245013168247 0.0
6.6094507673752725 0.3967448265966417 0.0
6.6094507673752725 0.5552782518837672 0.0
6.6094507673752725 0.7774818770639701 0.0
6.6094507673752725 1.0884445474248694 0.0
6.6094507673752725 1.5237112672761537 0.0
6.6094507673752725 2.088426337077478 0.0
6.6094507673752725 2.685504776398588 0.0
6.761639782722777 0.01570796326794897 -1.4656225326887145e-05
6.761639782722777 0.023462558633972192 1.6149984829536099e-07
6.761639782722777 0.03503514218779029 -3.5731205729180734e-06
6.761639782722777 0.05263150808357201 -5.783540200023023e-05
6.761639782722777 0.0731423493547288 -1.5831737979738606e-05
6.761639782722777 0.1025927647713422 8.694126556278664e-06
6.761639782722777 0.14481159820038791 -3.684470067737874e-07
6.761639782722777 0.20234603287313824 -3.639936294802996e-05
6.761639782722777 0.2834245013168247 -3.458421967315675e-05
6.761639782722777 0.3967448265966417 -1.6915114061850358e-05
6.761639782722777 0.5552782518837672 -8.625105565408379e-06
6.761639782722777 0.7774818770639701 -1.0940875872005207e-05
6.761639782722777 1.0884445474248694 -1.051896099148671e-05
6.761639782722777 1.5237112672761537 -1.3025746341442764e-05
6.761639782722777 2.088426337077478 -1.2498909951618348e-05
6.761639782722777 2.685504776398588 -1.181946491110732e-05
6.916872578377234 0.01570796326794897 -0.00011600074013165034
6.916872578377234 0.023462558633972192 -2.9859929554644707e-05
6.916872578377234 0.03503514218779029 -5.7486753412781874e-05
6.916872578377234 0.05263150808357201 -0.0003473964119948926
6.916872578377234 0.0731423493547288 -0.00033218753380786733
6.916872578377234 0.1025927647713422 -0.00018819461073634876
6.916872578377234 0.14481159820038791 -0.00016678183414009268
6.916872578377234 0.20234603287313824 -0.00021233310434633608
6.916872578377234 0.2834245013168247 -0.00015304673089476208
6.916872578377234 0.3967448265966417 -0.0001248372734275585
6.916872578377234 0.5552782518837672 -0.00013362243563362075
6.916872578377234 0.7774818770639701 -0.0001269525956573213
6.916872578377234 1.0884445474248694 -0.00010448816046230328
6.916872578377234 1.5237112672761537 -0.00010293122874979774
6.916872578377234 2.088426337077478 -0.00011576987362490488
6.916872578377234 2.685504776398588 -0.0001236740479246963
7.075210029944778 0.01570796326794897 -0.00045773235729426864
7.075210029944778 0.023462558633972192 -0.00012598678079021972
7.075210029944778 0.03503514218779029 -0.000463278159803783
7.075210029944778 0.05263150808357201 -0.0009707469815558905
7.075210029944778 0.0731423493547288 -0.0014829617163341587
7.075210029944778 0.1025927647713422 -0.0011509304262137614
7.075210029944778 0.14481159820038791 -0.0009930937822721453
7.075210029944778 0.20234603287313824 -0.0009770522641964672
7.075210029944778 0.2834245013168247 -0.0009709375824785735
7.075210029944778 0.3967448265966417 -0.0008619692104655036
7.075210029944778 0.5552782518837672 -0.0007973701603653843
7.075210029944778 0.7774818770639701 -0.0006663196870084982
7.075210029944778 1.0884445474248694 -0.0005692803682958088
7.075210029944778 1.5237112672761537 -0.0005786238620580753
7.075210029944778 2.088426337077478 -0.0006225619205321051
7.075210029944778 2.685504776398588 -0.0006372480736528907
7.236714230543676 0.01570796326794897 -0.0009607064807672797
7.236714230543676 0.023462558633972192 -0.00045940190672365
7.236714230543676 0.03503514218779029 -0.0012943353649517452
7.236714230543676 0.05263150808357201 -0.002336746774241807
7.236714230543676 0.0731423493547288 -0.003442744356296245
7.236714230543676 0.1025927647713422 -0.0034768007096576785
7.236714230543676 0.14481159820038791 -0.0034942188516665627
7.236714230543676 0.20234603287313824 -0.003038703582553461
7.236714230543676 0.2834245013168247 -0.003235235195787223
7.236714230543676 0.3967448265966417 -0.0028773912623681498
7.236714230543676 0.5552782518837672 -0.002521488151944392
7.236714230543676 0.7774818770639701 -0.0020940143918450147
7.236714230543676 1.0884445474248694 -0.0018633761338602316
7.236714230543676 1.5237112672761537 -0.0018058543478884762
7.236714230543676 2.088426337077478 -0.001935850968735469
7.236714230543676 2.685504776398588 -0.001954757051206014
7.401448515154549 0.01570796326794897 -0.0013214735685619116
7.401448515154549 0.023462558633972192 -0.0009861600193585166
7.401448515154549 0.03503514218779029 -0.002175626788861776
7.401448515154549 0.05263150808357201 -0.004451726538962503
7.401448515154549 0.0731423493547288 -0.006578915500128775
7.401448515154549 0.1025927647713422 -0.007221442171331405
7.401448515154549 0.14481159820038791 -0.0076442459671425735
7.401448515154549 0.20234603287313824 -0.006938435249279019
7.401448515154549 0.2834245013168247 -0.007423333997710531
7.401448515154549 0.3967448265966417 -0.00646666130083569
7.401448515154549 0.5552782518837672 -0.0056244997587917255
7.401448515154549 0.7774818770639701 -0.004777614335032404
7.401448515154549 1.0884445474248694 -0.0040924110706560095
7.401448515154549 1.5237112672761537 -0.003935925286000246
7.401448515154549 2.088426337077478 -0.004183440643279836
7.401448515154549 2.685504776398588 -0.00420624211889364
7.5694774854576385 0.01570796326794897 -0.0014170986028696519
7.5694774854576385 0.023462558633972192 -0.0013090679901106444
7.5694774854576385 0.03503514218779029 -0.0026352330169748736
7.5694774854576385 0.05263150808357201 -0.0064124244907896545
7.5694774854576385 0.0731423493547288 -0.009619934716962843
7.5694774854576385 0.1025927647713422 -0.012024016213818274
7.5694774854576385 0.14481159820038791 -0.012853331088762885
7.5694774854576385 0.20234603287313824 -0.012609667470905335
7.5694774854576385 0.2834245013168247 -0.012946713956495326
7.5694774854576385 0.3967448265966417 -0.011727964823162764
7.5694774854576385 0.5552782518837672 -0.01001656291626698
7.5694774854576385 0.7774818770639701 -0.008593208740784201
7.5694774854576385 1.0884445474248694 -0.007287795430207101
7.5694774854576385 1.5237112672761537 -0.006947382300564959
7.5694774854576385 2.088426337077478 -0.007290164510746406
7.5694774854576385 2.685504776398588 -0.007217843396359086
7.740867035166793 0.01570796326794897 -0.001327602472253336
7.740867035166793 0.023462558633972192 -0.00132973242146071
7.740867035166793 0.03503514218779029 -0.0027848975410426683
7.740867035166793 0.05263150808357201 -0.007536582007370873
7.740867035166793 0.0731423493547288 -0.01217484949382405
7.740867035166793 0.1025927647713422 -0.016219270390170352
7.740867035166793 0.14481159820038791 -0.017867739213813374
7.740867035166793 0.20234603287313824 -0.01867392825418978
7.740867035166793 0.2834245013168247 -0.01874011248264984
7.740867035166793 0.3967448265966417 -0.017397275373432112
7.740867035166793 0.5552782518837672 -0.01509785778214756
7.740867035166793 0.7774818770639701 -0.0127710256494211
7.740867035166793 1.0884445474248694 -0.010857788624677022
7.740867035166793 1.5237112672761537 -0.010215282635959402
7.740867035166793 2.088426337077478 -0.010533527028929523
7.740867035166793 2.685504776398588 -0.01041310238797496
7.915684375870128 0.01570796326794897 -0.0012328129715035085
7.915684375870128 0.023462558633972192 -0.0012465069327656914
7.915684375870128 0.03503514218779029 -0.002732177357809539
7.915684375870128 0.05263150808357201 -0.007900553979034875
7.915684375870128 0.0731423493547288 -0.013468609359597813
7.915684375870128 0.1025927647713422 -0.018872298603016847
7.915684375870128 0.14481159820038791 -0.021686912853561387
7.915684375870128 0.20234603287313824 -0.023556292229134062
7.915684375870128 0.2834245013168247 -0.02403874315069752
7.915684375870128 0.3967448265966417 -0.022537095048304312
7.915684375870128 0.5552782518837672 -0.019720216235018774
7.915684375870128 0.7774818770639701 -0.01691247860340076
7.915684375870128 1.0884445474248694 -0.014287352185555591
7.915684375870128 1.5237112672761537 -0.013210490834932096
7.915684375870128 2.088426337077478 -0.013497468310452022
7.915684375870128 2.685504776398588 -0.013023305319930156
8.093998063387529 0.01570796326794897 -0.0011096965383482864
8.093998063387529 0.023462558633972192 -0.0010690650628684918
8.093998063387529 0.03503514218779029 -0.002553561386593193
8.093998063387529 0.05263150808357201 -0.007730006516729755
8.093998063387529 0.0731423493547288 -0.013400084921747015
8.093998063387529 0.1025927647713422 -0.02009744542152933
8.093998063387529 0.14481159820038791 -0.023893182896272968
8.093998063387529 0.20234603287313824 -0.027206342327865
8.093998063387529 0.2834245013168247 -0.02837469945908087
8.093998063387529 0.3967448265966417 -0.02686969131549956
8.093998063387529 0.5552782518837672 -0.02394071605079477
8.093998063387529 0.7774818770639701 -0.020552606757983836
8.093998063387529 1.0884445474248694 -0.017390886567245654
8.093998063387529 1.5237112672761537 -0.015917430585673138
8.093998063387529 2.088426337077478 -0.016032507193421145
8.093998063387529 2.685504776398588 -0.015375312124972134
8.275878024655281 0.01570796326794897 -0.0009818806364343337
8.275878024655281 0.023462558633972192 -0.0008902692367499649
8.275878024655281 0.03503514218779029 -0.002374641629093048
8.275878024655281 0.05263150808357201 -0.0071519731698954795
8.275878024655281 0.0731423493547288 -0.0126658211414951
8.275878024655281 0.1025927647713422 -0.020060681535146084
8.275878024655281 0.14481159820038791 -0.0247906590609082
8.275878024655281 0.20234603287313824 -0.029279651558735662
8.275878024655281 0.2834245013168247 -0.031478293638334515
8.275878024655281 0.3967448265966417 -0.0304933508287977
8.275878024655281 0.5552782518837672 -0.027384374914199046
8.275878024655281 0.7774818770639701 -0.02372979851126569
8.275878024655281 1.0884445474248694 -0.020028614270142218
8.275878024655281 1.5237112672761537 -0.01817662505575831
8.275878024655281 2.088426337077478 -0.018092482935110517
8.275878024655281 2.685504776398588 -0.01726166598407515
8.461395585148386 0.01570796326794897 -0.0008705844571742773
8.461395585148386 0.023462558633972192 -0.0007593267222346383
8.461395585148386 0.03503514218779029 -0.0021841541591272945
8.461395585148386 0.05263150808357201 -0.006613393154282235
8.461395585148386 0.0731423493547288 -0.01170748976033242
8.461395585148386 0.1025927647713422 -0.01919877812088451
8.461395585148386 0.14481159820038791 -0.02455007727422697
8.461395585148386 0.20234603287313824 -0.029958502392339163
8.461395585148386 0.2834245013168247 -0.03325631377331169
8.461395585148386 0.3967448265966417 -0.03299488932848873
8.461395585148386 0.5552782518837672 -0.029993548698904436
8.461395585148386 0.7774818770639701 -0.026262160116588933
8.461395585148386 1.0884445474248694 -0.0222004244929917
8.461395585148386 1.5237112672761537 -0.020100148724972462
8.461395585148386 2.088426337077478 -0.019788729881925114
8.461395585148386 2.685504776398588 -0.018633424105523717
8.650623496851354 0.01570796326794897 -0.0007971807192794238
8.650623496851354 0.023462558633972192 -0.0006711099448508928
8.650623496851354 0.03503514218779029 -0.001961740247086282
8.650623496851354 0.05263150808357201 -0.006024138408260171
8.650623496851354 0.0731423493547288 -0.010643381732108164
8.650623496851354 0.1025927647713422 -0.017815212322974262
8.650623496851354 0.14481159820038791 -0.023500949658405747
8.650623496851354 0.20234603287313824 -0.029615253833650008
8.650623496851354 0.2834245013168247 -0.033962553768955975
8.650623496851354 0.3967448265966417 -0.03447483021267856
8.650623496851354 0.5552782518837672 -0.03194018800992015
8.650623496851354 0.7774818770639701 -0.028211179245125808
8.650623496851354 1.0884445474248694 -0.023955947065389803
8.650623496851354 1.5237112672761537 -0.021573671682445197
8.650623496851354 2.088426337077478 -0.02108446108773535
8.650623496851354 2.685504776398588 -0.01975177574883344
8.843635966788382 0.01570796326794897 -0.0007193287803553644
8.843635966788382 0.023462558633972192 -0.0005957990426498903
8.843635966788382 0.03503514218779029 -0.0017302233070847668
8.843635966788382 0.05263150808357201 -0.005383206914349601
8.843635966788382 0.0731423493547288 -0.009452498959356459
8.843635966788382 0.1025927647713422 -0.01627823792100964
8.843635966788382 0.14481159820038791 -0.02200577206036348
8.843635966788382 0.20234603287313824 -0.028625044034858164
8.843635966788382 0.2834245013168247 -0.033668897226840036
8.843635966788382 0.3967448265966417 -0.035224807380104035
8.843635966788382 0.5552782518837672 -0.03315304223519674
8.843635966788382 0.7774818770639701 -0.029586806332884037
8.843635966788382 1.0884445474248694 -0.025279127247952612
8.843635966788382 1.5237112672761537 -0.022721276032544643
8.843635966788382 2.088426337077478 -0.022124072255784062
8.843635966788382 2.685504776398588 -0.020416791500969936
9.04050868612415 0.01570796326794897 -0.0006440649321919876
9.04050868612415 0.023462558633972192 -0.0005247670927524715
9.04050868612415 0.03503514218779029 -0.0015187715083211705
9.04050868612415 0.05263150808357201 -0.004736480887472336
9.04050868612415 0.0731423493547288 -0.008332315567247745
9.04050868612415 0.1025927647713422 -0.014646358216786254
9.04050868612415 0.14481159820038791 -0.020211068434504657
9.04050868612415 0.20234603287313824 -0.0270563675952718
9.04050868612415 0.2834245013168247 -0.03263322972090862
9.04050868612415 0.3967448265966417 -0.03499027450417465
9.04050868612415 0.5552782518837672 -0.0336424759252945
9.04050868612415 0.7774818770639701 -0.03041272135893256
9.04050868612415 1.0884445474248694 -0.02624388001078009
9.04050868612415 1.5237112672761537 -0.023551151766959155
9.04050868612415 2.088426337077478 -0.022893788147333147
9.04050868612415 2.685504776398588 -0.02102433189055885
9.241318859846633 0.01570796326794897 -0.0005710320078267559
9.241318859846633 0.023462558633972192 -0.00046246293766488114
9.241318859846633 0.03503514218779029 -0.0013363145541447562
9.241318859846633 0.05263150808357201 -0.004153541016830435
9.241318859846633 0.0731423493547288 -0.007294078107374253
9.241318859846633 0.1025927647713422 -0.013020530069763218
9.241318859846633 0.14481159820038791 -0.018244859674268952
9.241318859846633 0.20234603287313824 -0.02510597039355699
9.241318859846633 0.2834245013168247 -0.03102006055398049
9.241318859846633 0.3967448265966417 -0.03416012010760491
9.241318859846633 0.5552782518837672 -0.03351363729790012
9.241318859846633 0.7774818770639701 -0.03071381655834908
9.241318859846633 1.0884445474248694 -0.026788802889897437
9.241318859846633 1.5237112672761537 -0.024046765666883102
9.241318859846633 2.088426337077478 -0.023368472856581585
9.241318859846633 2.685504776398588 -0.0213815732549343
9.446145237043565 0.01570796326794897 -0.0005068682969093691
9.446145237043565 0.023462558633972192 -0.0003981500045740753
9.446145237043565 0.03503514218779029 -0.0011628132709798696
9.446145237043565 0.05263150808357201 -0.003637469981399775
9.446145237043565 0.0731423493547288 -0.006410013525818492
9.446145237043565 0.1025927647713422 -0.011459087533811372
9.446145237043565 0.14481159820038791 -0.016257253475555844
9.446145237043565 0.20234603287313824 -0.02295681702001761
9.446145237043565 0.2834245013168247 -0.02903659443355118
9.446145237043565 0.3967448265966417 -0.032781151605361394
9.446145237043565 0.5552782518837672 -0.032810523284055766
9.446145237043565 0.7774818770639701 -0.03049085634204012
9.446145237043565 1.0884445474248694 -0.026908690841432083
9.446145237043565 1.5237112672761537 -0.024258197857390702
9.446145237043565 2.088426337077478 -0.023535623551310118
9.446145237043565 2.685504776398588 -0.021402438204721617
9.655068141784435 0.01570796326794897 -0.0004493918133880837
9.655068141784435 0.023462558633972192 -0.00033841474205281285
9.655068141784435 0.03503514218779029 -0.0010128487361535706
9.655068141784435 0.05263150808357201 -0.003176434772908944
9.655068141784435 0.0731423493547288 -0.00562942792661501
9.655068141784435 0.1025927647713422 -0.010056476915311795
9.655068141784435 0.14481159820038791 -0.0143570935607612
9.655068141784435 0.20234603287313824 -0.020739281126923848
9.655068141784435 0.2834245013168247 -0.026767603865177046
9.655068141784435 0.3967448265966417 -0.03095942994126203
9.655068141784435 0.5552782518837672 -0.0315935765716808
9.655068141784435 0.7774818770639701 -0.029817540675372574
9.655068141784435 1.0884445474248694 -0.026667997457157974
9.655068141784435 1.5237112672761537 -0.024175594664108662
9.655068141784435 2.088426337077478 -0.023419216247051268
9.655068141784435 2.685504776398588 -0.0211584720447226
9.868169504620123 0.01570796326794897 -0.0003921722213935893
9.868169504620123 0.023462558633972192 -0.0002897747380076408
9.868169504620123 0.03503514218779029 -0.0008766949870221437
9.868169504620123 0.05263150808357201 -0.0027591139343863787
9.868169504620123 0.0731423493547288 -0.004932882610436409
9.868169504620123 0.1025927647713422 -0.008799427042754703
9.868169504620123 0.14481159820038791 -0.012583731230755148
9.868169504620123 0.20234603287313824 -0.0185326806883898
9.868169504620123 0.2834245013168247 -0.024357645751016958
9.868169504620123 0.3967448265966417 -0.028857400693746264
9.868169504620123 0.5552782518837672 -0.0300616479906387
9.868169504620123 0.7774818770639701 -0.028786057215363238
9.868169504620123 1.0884445474248694 -0.026085271527962868
9.868169504620123 1.5237112672761537 -0.023865745206353074
9.868169504620123 2.088426337077478 -0.0231983991398204
9.868169504620123 2.685504776398588 -0.02088388468102141
10.085532894712527 0.01570796326794897 -0.00034218285792287327
10.085532894712527 0.023462558633972192 -0.00024678215187073373
10.085532894712527 0.03503514218779029 -0.0007571319144055456
10.085532894712527 0.05263150808357201 -0.002394955073675079
10.085532894712527 0.0731423493547288 -0.00430653595189229
10.085532894712527 0.1025927647713422 -0.007669139501197074
10.085532894712527 0.14481159820038791 -0.01100372512576204
10.085532894712527 0.20234603287313824 -0.016424819099164205
10.085532894712527 0.2834245013168247 -0.021913806190608082
10.085532894712527 0.3967448265966417 -0.02655825045605411
10.085532894712527 0.5552782518837672 -0.028226270556262905
10.085532894712527 0.7774818770639701 -0.027518584192901287
10.085532894712527 1.0884445474248694 -0.025262866815037626
10.085532894712527 1.5237112672761537 -0.02332293676977699
10.085532894712527 2.088426337077478 -0.022790765235076317
10.085532894712527 2.685504776398588 -0.020450803614382968
10.30724355260678 0.01570796326794897 -0.0002960836384805198
10.30724355260678 0.023462558633972192 -0.00020973294503703711
10.30724355260678 0.03503514218779029 -0.0006474995739022706
10.30724355260678 0.05263150808357201 -0.002072964172973412
10.30724355260678 0.0731423493547288 -0.003740701759370381
10.30724355260678 0.1025927647713422 -0.006680307656663793
10.30724355260678 0.14481159820038791 -0.009572810481540685
10.30724355260678 0.20234603287313824 -0.01444875886855749
10.30724355260678 0.2834245013168247 -0.019527158932605242
10.30724355260678 0.3967448265966417 -0.024169478381495156
10.30724355260678 0.5552782518837672 -0.026180072155106718
10.30724355260678 0.7774818770639701 -0.025992287148851708
10.30724355260678 1.0884445474248694 -0.02420472006993576
10.30724355260678 1.5237112672761537 -0.02261260299345557
10.30724355260678 2.088426337077478 -0.02218483105461871
10.30724355260678 2.685504776398588 -0.019812148118322902
10.533388423658916 0.01570796326794897 -0.0002561591002139406
10.533388423658916 0.023462558633972192 -0.00018242898014862583
10.533388423658916 0.03503514218779029 -0.0005572640469690539
10.533388423658916 0.05263150808357201 -0.0017842859552736387
10.533388423658916 0.0731423493547288 -0.003230866640417223
10.533388423658916 0.1025927647713422 -0.005798727459535841
10.533388423658916 0.14481159820038791 -0.008318233805924691
10.533388423658916 0.20234603287313824 -0.01263768504933623
10.533388423658916 0.2834245013168247 -0.01726861862197078
10.533388423658916 0.3967448265966417 -0.021758041686118532
10.533388423658916 0.5552782518837672 -0.024042125137095742
10.533388423658916 0.7774818770639701 -0.02426364219200631
10.533388423658916 1.0884445474248694 -0.022953092477337848
10.533388423658916 1.5237112672761537 -0.021725658342341008
10.533388423658916 2.088426337077478 -0.021385687724702108
10.533388423658916 2.685504776398588 -0.01913317445282339
10.764056192132092 0.01570796326794897 -0.00022107110212857706
10.764056192132092 0.023462558633972192 -0.00015829792996011608
10.764056192132092 0.03503514218779029 -0.00047444614941405774
10.764056192132092 0.05263150808357201 -0.0015329895179697385
10.764056192132092 0.0731423493547288 -0.002785602065005143
10.764056192132092 0.1025927647713422 -0.005009823180413232
10.764056192132092 0.14481159820038791 -0.007208875062839574
10.764056192132092 0.20234603287313824 -0.011009138832386526
10.764056192132092 0.2834245013168247 -0.015187459936664816
10.764056192132092 0.3967448265966417 -0.019402436786889653
10.764056192132092 0.5552782518837672 -0.021835473881957567
10.764056192132092 0.7774818770639701 -0.02242963771930741
10.764056192132092 1.0884445474248694 -0.02156552448937024
10.764056192132092 1.5237112672761537 -0.020673685755792152
10.764056192132092 2.088426337077478 -0.02049673009817196
10.764056192132092 2.685504776398588 -0.018215381138122853
10.999337315974737 0.01570796326794897 -0.0001901862701659936
10.999337315974737 0.023462558633972192 -0.0001356320537220663
10.999337315974737 0.03503514218779029 -0.00040641820687104663
10.999337315974737 0.05263150808357201 -0.0013153371296948187
10.999337315974737 0.0731423493547288 -0.0023943702486757122
10.999337315974737 0.1025927647713422 -0.0043137380580543895
10.999337315974737 0.14481159820038791 -0.00623950822511511
10.999337315974737 0.20234603287313824 -0.009540471425454243
10.999337315974737 0.2834245013168247 -0.013255928544792206
10.999337315974737 0.3967448265966417 -0.01714331685382511
10.999337315974737 0.5552782518837672 -0.01964674155265716
10.999337315974737 0.7774818770639701 -0.020547250291623086
10.999337315974737 1.0884445474248694 -0.020089148948229947
10.999337315974737 1.5237112672761537 -0.01955589992711891
10.999337315974737 2.088426337077478 -0.019529713062979785
10.999337315974737 2.685504776398588 -0.017261198729455647
11.23932406229423 0.01570796326794897 -0.0001632787386125405
11.23932406229423 0.023462558633972192 -0.00011620532675123215
11.23932406229423 0.03503514218779029 -0.0003463755771150824
11.23932406229423 0.05263150808357201 -0.0011304717719734807
11.23932406229423 0.0731423493547288 -0.0020450536574605944
11.23932406229423 0.1025927647713422 -0.0037031868230047844
11.23932406229423 0.14481159820038791 -0.0053666425600037175
11.23932406229423 0.20234603287313824 -0.008220276692303
11.23932406229423 0.2834245013168247 -0.0114899553629839
11.23932406229423 0.3967448265966417 -0.015042466569903696
11.23932406229423 0.5552782518837672 -0.017530809134303153
11.23932406229423 0.7774818770639701 -0.018688999100742152
11.23932406229423 1.0884445474248694 -0.01857878674554981
11.23932406229423 1.5237112672761537 -0.01835685765336023
11.23932406229423 2.088426337077478 -0.018486473741453503
11.23932406229423 2.685504776398588 -0.016336886323462762
11.484110543540115 0.01570796326794897 -0.00013868928782422452
11.484110543540115 0.023462558633972192 -0.00010002600897523228
11.484110543540115 0.03503514218779029 -0.00029281572828253647
11.484110543540115 0.05263150808357201 -0.0009662433360079207
11.484110543540115 0.0731423493547288 -0.0017457442919256026
11.484110543540115 0.1025927647713422 -0.003163851475047032
11.484110543540115 0.14481159820038791 -0.004591381776848146
11.484110543540115 0.20234603287313824 -0.007049323988597056
11.484110543540115 0.2834245013168247 -0.009882898870165432
11.484110543540115 0.3967448265966417 -0.01308052881180517
11.484110543540115 0.5552782518837672 -0.01549541109206281
11.484110543540115 0.7774818770639701 -0.01684022339683567
11.484110543540115 1.0884445474248694 -0.01704247823482961
11.484110543540115 1.5237112672761537 -0.01707406715531349
11.484110543540115 2.088426337077478 -0.017369464731272016
11.484110543540115 2.685504776398588 -0.0153364857401952
11.733792754410914 0.01570796326794897 -0.00011630498339408776
11.733792754410914 0.023462558633972192 -8.538647227511176e-05
11.733792754410914 0.03503514218779029 -0.00024658334924736294
11.733792754410914 0.05263150808357201 -0.0008179600821171275
11.733792754410914 0.0731423493547288 -0.0014802077394580509
11.733792754410914 0.1025927647713422 -0.0026960760890487683
11.733792754410914 0.14481159820038791 -0.003913415629893493
11.733792754410914 0.20234603287313824 -0.006004924359134162
11.733792754410914 0.2834245013168247 -0.008452135644788417
11.733792754410914 0.3967448265966417 -0.011297920833077036
11.733792754410914 0.5552782518837672 -0.01356841082716609
11.733792754410914 0.7774818770639701 -0.015029597815572868
11.733792754410914 1.0884445474248694 -0.015476374884927709
11.733792754410914 1.5237112672761537 -0.015769920705163646
11.733792754410914 2.088426337077478 -0.01612148357672561
11.733792754410914 2.685504776398588 -0.0141838231939591
11.988468609499135 0.01570796326794897 -9.798089587563762e-05
11.988468609499135 0.023462558633972192 -7.282561594281598e-05
11.988468609499135 0.03503514218779029 -0.00020791897927765682
11.988468609499135 0.05263150808357201 -0.0006905208559543598
11.988468609499135 0.0731423493547288 -0.0012486304799373634
11.988468609499135 0.1025927647713422 -0.0022841499189764397
11.988468609499135 0.14481159820038791 -0.0033171356373814143
11.988468609499135 0.20234603287313824 -0.005088122225115708
11.988468609499135 0.2834245013168247 -0.007175954696607395
11.988468609499135 0.3967448265966417 -0.009687303757337874
11.988468609499135 0.5552782518837672 -0.011783952422271128
11.988468609499135 0.7774818770639701 -0.013296401048753362
11.988468609499135 1.0884445474248694 -0.01392430412437542
11.988468609499135 1.5237112672761537 -0.014441542792549581
11.988468609499135 2.088426337077478 -0.014840411569735304
11.988468609499135 2.685504776398588 -0.013040593048131596
12.248237981689115 0.01570796326794897 -8.208832276166858e-05
12.248237981689115 0.023462558633972192 -6.169915332021666e-05
12.248237981689115 0.03503514218779029 -0.00017610393745497356
12.248237981689115 0.05263150808357201 -0.0005806384518025191
12.248237981689115 0.0731423493547288 -0.0010532766397238047
12.248237981689115 0.1025927647713422 -0.0019288874379533281
12.248237981689115 0.14481159820038791 -0.002798966714904447
12.248237981689115 0.20234603287313824 -0.0042991733209405275
12.248237981689115 0.2834245013168247 -0.00607426458648054
12.248237981689115 0.3967448265966417 -0.00825259352020737
12.248237981689115 0.5552782518837672 -0.010158827844296543
12.248237981689115 0.7774818770639701 -0.011668966780833814
12.248237981689115 1.0884445474248694 -0.012421622975758691
12.248237981689115 1.5237112672761537 -0.013099578264429337
12.248237981689115 2.088426337077478 -0.013570382886039279
12.248237981689115 2.685504776398588 -0.011913965620642284
12.513202741322901 0.01570796326794897 -6.818091149665685e-05
12.513202741322901 0.023462558633972192 -5.266700012563524e-05
12.513202741322901 0.03503514218779029 -0.00014619776555872742
12.513202741322901 0.05263150808357201 -0.00048588389843312265
12.513202741322901 0.0731423493547288 -0.0008824333868749607
12.513202741322901 0.1025927647713422 -0.0016190014955285333
12.513202741322901 0.14481159820038791 -0.002353200194157061
12.513202741322901 0.20234603287313824 -0.0036127645002765225
12.513202741322901 0.2834245013168247 -0.005106384282628162
12.513202741322901 0.3967448265966417 -0.00698190197122819
12.513202741322901 0.5552782518837672 -0.008700672769406195
12.513202741322901 0.7774818770639701 -0.010153441273122857
12.513202741322901 1.0884445474248694 -0.01101214625520012
12.513202741322901 1.5237112672761537 -0.011791615145387357
12.513202741322901 2.088426337077478 -0.01234085816269922
12.513202741322901 2.685504776398588 -0.010863937602789505
12.783466796149359 0.01570796326794897 -5.7075946643700296e-05
12.783466796149359 0.023462558633972192 -4.367099330115352e-05
12.783466796149359 0.03503514218779029 -0.00012126223171216999
12.783466796149359 0.05263150808357201 -0.0004054500655782687
12.783466796149359 0.0731423493547288 -0.0007354321205724709
12.783466796149359 0.1025927647713422 -0.001354090616408115
12.783466796149359 0.14481159820038791 -0.0019648014142874186
12.783466796149359 0.20234603287313824 -0.003021996169183051
12.783466796149359 0.2834245013168247 -0.004275276178575244
12.783466796149359 0.3967448265966417 -0.0058766633817352075
12.783466796149359 0.5552782518837672 -0.0073823780714700965
12.783466796149359 0.7774818770639701 -0.008766341849234553
12.783466796149359 1.0884445474248694 -0.009678499915498032
12.783466796149359 1.5237112672761537 -0.010538900074279031
12.783466796149359 2.088426337077478 -0.011141240420207059
12.783466796149359 2.685504776398588 -0.009793601333951329
13.059136132072346 0.01570796326794897 -4.7373165457649265e-05
13.059136132072346 0.023462558633972192 -3.6678005981402585e-05
13.059136132072346 0.03503514218779029 -0.00010041016259274649
13.059136132072346 0.05263150808357201 -0.00033762771126014666
13.059136132072346 0.0731423493547288 -0.0006089037296875603
13.059136132072346 0.1025927647713422 -0.001124410313498335
13.059136132072346 0.14481159820038791 -0.0016312327002686376
13.059136132072346 0.20234603287313824 -0.0025157706520938803
13.059136132072346 0.2834245013168247 -0.0035558533525916
13.059136132072346 0.3967448265966417 -0.004915255989465005
13.059136132072346 0.5552782518837672 -0.0062287447735584756
13.059136132072346 0.7774818770639701 -0.007504544742071106
13.059136132072346 1.0884445474248694 -0.008456827425268182
13.059136132072346 1.5237112672761537 -0.009342745776416082
13.059136132072346 2.088426337077478 -0.009978119278202887
13.059136132072346 2.685504776398588 -0.008814343587586775
13.340318854713793 0.01570796326794897 -3.898068494899611e-05
13.340318854713793 0.023462558633972192 -3.078331573166115e-05
13.340318854713793 0.03503514218779029 -8.245985017277294e-05
13.340318854713793 0.05263150808357201 -0.00027826700510266337
13.340318854713793 0.0731423493547288 -0.0005029663237868379
13.340318854713793 0.1025927647713422 -0.000927594566192732
13.340318854713793 0.14481159820038791 -0.0013472871271398195
13.340318854713793 0.20234603287313824 -0.0020836683843165255
13.340318854713793 0.2834245013168247 -0.002948272015174242
13.340318854713793 0.3967448265966417 -0.004087792400786065
13.340318854713793 0.5552782518837672 -0.005215123560645782
13.340318854713793 0.7774818770639701 -0.006378823189328835
13.340318854713793 1.0884445474248694 -0.007317172956675516
13.340318854713793 1.5237112672761537 -0.008220350959825068
13.340318854713793 2.088426337077478 -0.008887054218393553
13.340318854713793 2.685504776398588 -0.007902574908752184
13.627125231808071 0.01570796326794897 -3.217091202398844e-05
13.627125231808071 0.023462558633972192 -2.5751912977129066e-05
13.627125231808071 0.03503514218779029 -6.812140737243084e-05
13.627125231808071 0.05263150808357201 -0.0002291919101488376
13.627125231808071 0.0731423493547288 -0.00041313432296367214
13.627125231808071 0.1025927647713422 -0.0007660263352330022
13.627125231808071 0.14481159820038791 -0.0011086939071813671
13.627125231808071 0.20234603287313824 -0.0017185089856234358
13.627125231808071 0.2834245013168247 -0.0024339580728315593
13.627125231808071 0.3967448265966417 -0.0033831452499155303
13.627125231808071 0.5552782518837672 -0.0043530854559970505
13.627125231808071 0.7774818770639701 -0.005388914361229454
13.627125231808071 1.0884445474248694 -0.006304985285042778
13.627125231808071 1.5237112672761537 -0.007188741803717841
13.627125231808071 2.088426337077478 -0.007848477041015874
13.627125231808071 2.685504776398588 -0.007042722623110456
13.91966773644423 0.01570796326794897 -2.611935362482445e-05
13.91966773644423 0.023462558633972192 -2.0921275142077506e-05
13.91966773644423 0.03503514218779029 -5.490695930136334e-05
13.91966773644423 0.05263150808357201 -0.00018753204277495745
13.91966773644423 0.0731423493547288 -0.0003374544337749597
13.91966773644423 0.1025927647713422 -0.0006291611824908938
13.91966773644423 0.14481159820038791 -0.0009095386124896854
13.91966773644423 0.20234603287313824 -0.0014096400346397954
13.91966773644423 0.2834245013168247 -0.001995097598968785
13.91966773644423 0.3967448265966417 -0.002784166271932634
13.91966773644423 0.5552782518837672 -0.00361035343925049
13.91966773644423 0.7774818770639701 -0.004532242816402508
13.91966773644423 1.0884445474248694 -0.00539034311792991
13.91966773644423 1.5237112672761537 -0.006259953738602385
13.91966773644423 2.088426337077478 -0.0069190748033590614
13.91966773644423 2.685504776398588 -0.0062603854282342365
14.218061091173114 0.01570796326794897 -2.115354474561748e-05
14.218061091173114 0.023462558633972192 -1.6809339637240906e-05
14.218061091173114 0.03503514218779029 -4.4277094585017576e-05
14.218061091173114 0.05263150808357201 -0.00015145625748155862
14.218061091173114 0.0731423493547288 -0.00027399253330446995
14.218061091173114 0.1025927647713422 -0.0005120924636891153
14.218061091173114 0.14481159820038791 -0.0007389786349404582
14.218061091173114 0.20234603287313824 -0.0011448550290728851
14.218061091173114 0.2834245013168247 -0.0016271369252371813
14.218061091173114 0.3967448265966417 -0.002271985213659787
14.218061091173114 0.5552782518837672 -0.002969921902067853
14.218061091173114 0.7774818770639701 -0.0037791053139790173
14.218061091173114 1.0884445474248694 -0.004575056322829259
14.218061091173114 1.5237112672761537 -0.005402817519004064
14.218061091173114 2.088426337077478 -0.006048176398376123
14.218061091173114 2.685504776398588 -0.005481577637543421
14.52242231299658 0.01570796326794897 -1.7033958494881678e-05
14.52242231299658 0.023462558633972192 -1.3515488729536e-05
14.52242231299658 0.03503514218779029 -3.5180832152117686e-05
14.52242231299658 0.05263150808357201 -0.00012217368211952324
14.52242231299658 0.0731423493547288 -0.00022200473871876542
14.52242231299658 0.1025927647713422 -0.00041379848833601225
14.52242231299658 0.14481159820038791 -0.000596440050034269
14.52242231299658 0.20234603287313824 -0.0009244465815787453
14.52242231299658 0.2834245013168247 -0.001317670255824658
14.52242231299658 0.3967448265966417 -0.0018444937585401363
14.52242231299658 0.5552782518837672 -0.002427693171342589
14.52242231299658 0.7774818770639701 -0.003129883779448602
14.52242231299658 1.0884445474248694 -0.0038572787467885477
14.52242231299658 1.5237112672761537 -0.004628816398581075
14.52242231299658 2.088426337077478 -0.0052442086966842175
14.52242231299658 2.685504776398588 -0.00480096938826552
14.83287075925651 0.01570796326794897 -1.3553254115378978e-05
14.83287075925651 0.023462558633972192 -1.1257825478354416e-05
14.83287075925651 0.03503514218779029 -2.7714673841628606e-05
14.83287075925651 0.05263150808357201 -9.809675814945014e-05
14.83287075925651 0.0731423493547288 -0.00017907536064991166
14.83287075925651 0.1025927647713422 -0.0003318484839410508
14.83287075925651 0.14481159820038791 -0.0004800109895873125
14.83287075925651 0.20234603287313824 -0.0007425387385679911
14.83287075925651 0.2834245013168247 -0.0010613275776887724
14.83287075925651 0.3967448265966417 -0.0014892797537283278
14.83287075925651 0.5552782518837672 -0.0019749476588801747
14.83287075925651 0.7774818770639701 -0.0025778747715303092
14.83287075925651 1.0884445474248694 -0.0032331983127574762
14.83287075925651 1.5237112672761537 -0.003946867443037207
14.83287075925651 2.088426337077478 -0.004537177190496322
14.83287075925651 2.685504776398588 -0.004179135156737621
15.149528174441643 0.01570796326794897 -1.0938868316346277e-05
15.149528174441643 0.023462558633972192 -9.05052842691082e-06
15.149528174441643 0.03503514218779029 -2.1986620804588226e-05
15.149528174441643 0.05263150808357201 -7.869820281098312e-05
15.149528174441643 0.0731423493547288 -0.00014330952915661132
15.149528174441643 0.1025927647713422 -0.00026590515069368776
15.149528174441643 0.14481159820038791 -0.0003844813024522582
15.149528174441643 0.20234603287313824 -0.0005949530200508049
15.149528174441643 0.2834245013168247 -0.0008516797860047402
15.149528174441643 0.3967448265966417 -0.001197995834065672
15.149528174441643 0.5552782518837672 -0.0016013186570830824
15.149528174441643 0.7774818770639701 -0.002113845394960353
15.149528174441643 1.0884445474248694 -0.002691459731993361
15.149528174441643 1.5237112672761537 -0.003341490738354661
15.149528174441643 2.088426337077478 -0.0038957870243110826
15.149528174441643 2.685504776398588 -0.0036271332245183478
15.472518737930475 0.01570796326794897 -8.764084190684519e-06
15.472518737930475 0.023462558633972192 -7.196362286157698e-06
15.472518737930475 0.03503514218779029 -1.7603443091760322e-05
15.472518737930475 0.05263150808357201 -6.224759085146479e-05
15.472518737930475 0.0731423493547288 -0.00011342340806763224
15.472518737930475 0.1025927647713422 -0.00021189517749260585
15.472518737930475 0.14481159820038791 -0.00030559190471855763
15.472518737930475 0.20234603287313824 -0.00047284812766215976
15.472518737930475 0.2834245013168247 -0.0006788042310836164
15.472518737930475 0.3967448265966417 -0.0009570657423811504
15.472518737930475 0.5552782518837672 -0.001290957751954727
15.472518737930475 0.7774818770639701 -0.00172328945793348
15.472518737930475 1.0884445474248694 -0.0022292164496332642
15.472518737930475 1.5237112672761537 -0.002810465254427149
15.472518737930475 2.088426337077478 -0.0033142162255451802
15.472518737930475 2.685504776398588 -0.0031277413511467136
15.801969112689084 0.01570796326794897 -6.886140553153862e-06
15.801969112689084 0.023462558633972192 -5.7278804766611225e-06
15.801969112689084 0.03503514218779029 -1.3610303707855324e-05
15.801969112689084 0.05263150808357201 -4.956766099658648e-05
15.801969112689084 0.0731423493547288 -8.977306133002909e-05
15.801969112689084 0.1025927647713422 -0.00016685535417978992
15.801969112689084 0.14481159820038791 -0.00024104392974267212
15.801969112689084 0.20234603287313824 -0.00037282161564220487
15.801969112689084 0.2834245013168247 -0.000537905966469898
15.801969112689084 0.3967448265966417 -0.0007596074008193968
15.801969112689084 0.5552782518837672 -0.0010316650968018566
15.801969112689084 0.7774818770639701 -0.0013966917560159038
15.801969112689084 1.0884445474248694 -0.001826929454320909
15.801969112689084 1.5237112672761537 -0.0023383548582139326
15.801969112689084 2.088426337077478 -0.002793437881958803
15.801969112689084 2.685504776398588 -0.002667301073242457
16.13800849494287 0.01570796326794897 -5.3755949529648325e-06
16.13800849494287 0.023462558633972192 -4.3709520604137115e-06
16.13800849494287 0.03503514218779029 -1.0949568589212547e-05
16.13800849494287 0.05263150808357201 -3.9184822883969226e-05
16.13800849494287 0.0731423493547288 -7.109457808082017e-05
16.13800849494287 0.1025927647713422 -0.0001308627630909912
16.13800849494287 0.14481159820038791 -0.0001896853383390926
16.13800849494287 0.20234603287313824 -0.000294653769575747
16.13800849494287 0.2834245013168247 -0.0004237960228660648
16.13800849494287 0.3967448265966417 -0.00060139699883405
16.13800849494287 0.5552782518837672 -0.0008227609244688088
16.13800849494287 0.7774818770639701 -0.0011241782576451149
16.13800849494287 1.0884445474248694 -0.0014894606041925243
16.13800849494287 1.5237112672761537 -0.0019356578739080394
16.13800849494287 2.088426337077478 -0.0023364886837200557
16.13800849494287 2.685504776398588 -0.002252257704364997
16.480768664841722 0.01570796326794897 -4.291196575602327e-06
16.480768664841722 0.023462558633972192 -3.3721649551305165e-06
16.480768664841722 0.03503514218779029 -8.717858167593826e-06
16.480768664841722 0.05263150808357201 -3.0239532107628118e-05
16.480768664841722 0.0731423493547288 -5.602394143994167e-05
16.480768664841722 0.1025927647713422 -0.000102052257747232
16.480768664841722 0.14481159820038791 -0.0001485111881148681
16.480768664841722 0.20234603287313824 -0.0002319099955323664
16.480768664841722 0.2834245013168247 -0.0003323561137410138
16.480768664841722 0.3967448265966417 -0.0004732727365427446
16.480768664841722 0.5552782518837672 -0.0006537738641753608
16.480768664841722 0.7774818770639701 -0.0009019628030167553
16.480768664841722 1.0884445474248694 -0.0012078719026758467
16.480768664841722 1.5237112672761537 -0.0015927316614564205
16.480768664841722 2.088426337077478 -0.0019467723571748702
16.480768664841722 2.685504776398588 -0.0018869024580837836
16.83038403813856 0.01570796326794897 -3.3209035644975633e-06
16.83038403813856 0.023462558633972192 -2.610499989162376e-06
16.83038403813856 0.03503514218779029 -6.6990910884438815e-06
16.83038403813856 0.05263150808357201 -2.340612661439765e-05
16.83038403813856 0.0731423493547288 -4.3147709905525504e-05
16.83038403813856 0.1025927647713422 -7.934039257266136e-05
16.83038403813856 0.14481159820038791 -0.00011523019124378061
16.83038403813856 0.20234603287313824 -0.00018032956199854182
16.83038403813856 0.2834245013168247 -0.0002584906289549962
16.83038403813856 0.3967448265966417 -0.0003690496531139185
16.83038403813856 0.5552782518837672 -0.0005156390597900908
16.83038403813856 0.7774818770639701 -0.0007161242151425111
16.83038403813856 1.0884445474248694 -0.0009700804475831408
16.83038403813856 1.5237112672761537 -0.0012984574454435961
16.83038403813856 2.088426337077478 -0.0016053506501990738
16.83038403813856 2.685504776398588 -0.0015577420472289631
17.186991718901332 0.01570796326794897 -2.5095119506793177e-06
17.186991718901332 0.023462558633972192 -2.003114613409726e-06
17.186991718901332 0.03503514218779029 -5.237459935383327e-06
17.186991718901332 0.05263150808357201 -1.801702705537365e-05
17.186991718901332 0.0731423493547288 -3.3156206201766354e-05
17.186991718901332 0.1025927647713422 -6.156310943329895e-05
17.186991718901332 0.14481159820038791 -8.749568767576075e-05
17.186991718901332 0.20234603287313824 -0.00013917905341084402
17.186991718901332 0.2834245013168247 -0.00019930274526513592
17.186991718901332 0.3967448265966417 -0.00028409312999614055
17.186991718901332 0.5552782518837672 -0.0004019825558918582
17.186991718901332 0.7774818770639701 -0.0005656633491143393
17.186991718901332 1.0884445474248694 -0.0007726115662342366
17.186991718901332 1.5237112672761537 -0.0010468958525414653
17.186991718901332 2.088426337077478 -0.001302221985513333
17.186991718901332 2.685504776398588 -0.00125631833907684
17.55073155327936 0.01570796326794897 -1.942258168291288e-06
17.55073155327936 0.023462558633972192 -1.6442346865302902e-06
17.55073155327936 0.03503514218779029 -3.967295788354449e-06
17.55073155327936 0.05263150808357201 -1.3881268652634765e-05
17.55073155327936 0.0731423493547288 -2.5302428445562705e-05
17.55073155327936 0.1025927647713422 -4.682206508655259e-05
17.55073155327936 0.14481159820038791 -6.661209248761947e-05
17.55073155327936 0.20234603287313824 -0.00010690410223185549
17.55073155327936 0.2834245013168247 -0.00015292373849039954
17.55073155327936 0.3967448265966417 -0.0002178971166545567
17.55073155327936 0.5552782518837672 -0.0003128969935591413
17.55073155327936 0.7774818770639701 -0.0004418205616473533
17.55073155327936 1.0884445474248694 -0.0006109911637216911
17.55073155327936 1.5237112672761537 -0.0008368314284408584
17.55073155327936 2.088426337077478 -0.001043617029489073
17.55073155327936 2.685504776398588 -0.001006201541283658
17.92174618434495 0.01570796326794897 -1.4676096723658874e-06
17.92174618434495 0.023462558633972192 -1.191352291637878e-06
17.92174618434495 0.03503514218779029 -3.0252952556898244e-06
17.92174618434495 0.05263150808357201 -1.065900497960974e-05
17.92174618434495 0.0731423493547288 -1.918623652524669e-05
17.92174618434495 0.1025927647713422 -3.54257766393666e-05
17.92174618434495 0.14481159820038791 -5.044622705527002e-05
17.92174618434495 0.20234603287313824 -8.061009897646323e-05
17.92174618434495 0.2834245013168247 -0.00011629589495679708
17.92174618434495 0.3967448265966417 -0.00016599901421153744
17.92174618434495 0.5552782518837672 -0.0002404968450301605
17.92174618434495 0.7774818770639701 -0.00034167717685152965
17.92174618434495 1.0884445474248694 -0.0004776781184257332
17.92174618434495 1.5237112672761537 -0.000658316587966939
17.92174618434495 2.088426337077478 -0.0008277423981782401
17.92174618434495 2.685504776398588 -0.0007912337092727709
18.300181108031847 0.01570796326794897 -1.096424503693535e-06
18.300181108031847 0.023462558633972192 -8.678446195494827e-07
18.300181108031847 0.03503514218779029 -2.2674076299180017e-06
18.300181108031847 0.05263150808357201 -8.125671546279664e-06
18.300181108031847 0.0731423493547288 -1.4189076330901907e-05
18.300181108031847 0.1025927647713422 -2.674842693786433e-05
18.300181108031847 0.14481159820038791 -3.8367743343457345e-05
18.300181108031847 0.20234603287313824 -6.091477809167974e-05
18.300181108031847 0.2834245013168247 -8.739800148973782e-05
18.300181108031847 0.3967448265966417 -0.00012631614129208127
18.300181108031847 0.5552782518837672 -0.0001844699714165806
18.300181108031847 0.7774818770639701 -0.0002636402346741309
18.300181108031847 1.0884445474248694 -0.0003687843642755192
18.300181108031847 1.5237112672761537 -0.000514797843135034
18.300181108031847 2.088426337077478 -0.0006500923136248697
18.300181108031847 2.685504776398588 -0.0006160704241163605
18.686184730192483 0.01570796326794897 -8.047418027630135e-07
18.686184730192483 0.023462558633972192 -6.546662067713229e-07
18.686184730192483 0.03503514218779029 -1.6643747581447662e-06
18.686184730192483 0.05263150808357201 -6.080604104817485e-06
18.686184730192483 0.0731423493547288 -1.0631115861641436e-05
18.686184730192483 0.1025927647713422 -1.994159796029805e-05
18.686184730192483 0.14481159820038791 -2.8770287193280144e-05
18.686184730192483 0.20234603287313824 -4.52195402153309e-05
18.686184730192483 0.2834245013168247 -6.491708853670042e-05
18.686184730192483 0.3967448265966417 -9.449378990201419e-05
18.686184730192483 0.5552782518837672 -0.00013800697537095502
18.686184730192483 0.7774818770639701 -0.00019892455442845376
18.686184730192483 1.0884445474248694 -0.0002794776727649392
18.686184730192483 1.5237112672761537 -0.0003931558617235681
18.686184730192483 2.088426337077478 -0.0004985869088277307
18.686184730192483 2.685504776398588 -0.0004664390163339328
19.07990842479633 0.01570796326794897 -5.873033237144034e-07
19.07990842479633 0.023462558633972192 -4.998682310522086e-07
19.07990842479633 0.03503514218779029 -1.1857818798619695e-06
19.07990842479633 0.05263150808357201 -4.341926013244486e-06
19.07990842479633 0.0731423493547288 -7.697176751264223e-06
19.07990842479633 0.1025927647713422 -1.4263159201498832e-05
19.07990842479633 0.14481159820038791 -2.0578450767272272e-05
19.07990842479633 0.20234603287313824 -3.252958152313078e-05
19.07990842479633 0.2834245013168247 -4.7026543227156624e-05
19.07990842479633 0.3967448265966417 -6.831409477943397e-05
19.07990842479633 0.5552782518837672 -0.00010064933034965806
19.07990842479633 0.7774818770639701 -0.00014582807454800858
19.07990842479633 1.0884445474248694 -0.00020469063266906687
19.07990842479633 1.5237112672761537 -0.0002911124123034064
19.07990842479633 2.088426337077478 -0.0003701528658658525
19.07990842479633 2.685504776398588 -0.0003502657441371308
19.481506593292263 0.01570796326794897 -4.3012362205789957e-07
19.481506593292263 0.023462558633972192 -3.3649050886553094e-07
19.481506593292263 0.03503514218779029 -8.746762607873413e-07
19.481506593292263 0.05263150808357201 -3.153823766978255e-06
19.481506593292263 0.0731423493547288 -5.622140654406022e-06
19.481506593292263 0.1025927647713422 -1.0093714176057468e-05
19.481506593292263 0.14481159820038791 -1.4609751526228107e-05
19.481506593292263 0.20234603287313824 -2.320434226233611e-05
19.481506593292263 0.2834245013168247 -3.375180130207915e-05
19.481506593292263 0.3967448265966417 -4.8966229155851424e-05
19.481506593292263 0.5552782518837672 -7.2586864225056e-05
19.481506593292263 0.7774818770639701 -0.00010557207782616288
19.481506593292263 1.0884445474248694 -0.00014859495589662015
19.481506593292263 1.5237112672761537 -0.00021238378039711145
19.481506593292263 2.088426337077478 -0.0002724150769177896
19.481506593292263 2.685504776398588 -0.00026024878710472453
19.891136725158105 0.01570796326794897 -3.062250273684882e-07
19.891136725158105 0.023462558633972192 -2.1917689618940572e-07
19.891136725158105 0.03503514218779029 -6.252833760183973e-07
19.891136725158105 0.05263150808357201 -2.209049782129618e-06
19.891136725158105 0.0731423493547288 -4.131339026977149e-06
19.891136725158105 0.1025927647713422 -7.143742583641576e-06
19.891136725158105 0.14481159820038791 -1.0232612506262564e-05
19.891136725158105 0.20234603287313824 -1.6297427272288415e-05
19.891136725158105 0.2834245013168247 -2.3849743793182815e-05
19.891136725158105 0.3967448265966417 -3.4953006532900627e-05
19.891136725158105 0.5552782518837672 -5.1575663166032315e-05
19.891136725158105 0.7774818770639701 -7.544697912044619e-05
19.891136725158105 1.0884445474248694 -0.00010645179634245372
19.891136725158105 1.5237112672761537 -0.00015282560767296673
19.891136725158105 2.088426337077478 -0.00019582976246454537
19.891136725158105 2.685504776398588 -0.00019066756776100127
20.308959459661267 0.01570796326794897 -2.3116160222523212e-07
20.308959459661267 0.023462558633972192 -1.5665108891255591e-07
20.308959459661267 0.03503514218779029 -4.156523817087896e-07
20.308959459661267 0.05263150808357201 -1.5213019171214804e-06
20.308959459661267 0.0731423493547288 -2.8522888358598024e-06
20.308959459661267 0.1025927647713422 -4.9754498932201365e-06
20.308959459661267 0.14481159820038791 -7.176827218403766e-06
20.308959459661267 0.20234603287313824 -1.130957885116538e-05
20.308959459661267 0.2834245013168247 -1.658508227802692e-05
20.308959459661267 0.3967448265966417 -2.4372117188403593e-05
20.308959459661267 0.5552782518837672 -3.641656431803517e-05
20.308959459661267 0.7774818770639701 -5.3032802222577975e-05
20.308959459661267 1.0884445474248694 -7.531479636139044e-05
20.308959459661267 1.5237112672761537 -0.00010896464860872308
20.308959459661267 2.088426337077478 -0.0001386882100292768
20.308959459661267 2.685504776398588 -0.00013367505970757223
20.73513864885449 0.01570796326794897 -1.631892527586843e-07
20.73513864885449 0.023462558633972192 -9.321269966712336e-08
20.73513864885449 0.03503514218779029 -2.85408559845361e-07
20.73513864885449 0.05263150808357201 -1.0408426728504357e-06
20.73513864885449 0.0731423493547288 -1.880185190016254e-06
20.73513864885449 0.1025927647713422 -3.402102926511525e-06
20.73513864885449 0.14481159820038791 -4.814398294785428e-06
20.73513864885449 0.20234603287313824 -7.607665224249233e-06
20.73513864885449 0.2834245013168247 -1.1194267796954147e-05
20.73513864885449 0.3967448265966417 -1.6521272191332356e-05
20.73513864885449 0.5552782518837672 -2.467681115522009e-05
20.73513864885449 0.7774818770639701 -3.624497087371485e-05
20.73513864885449 1.0884445474248694 -5.214158344842419e-05
20.73513864885449 1.5237112672761537 -7.483669627291389e-05
20.73513864885449 2.088426337077478 -9.71977016183963e-05
20.73513864885449 2.685504776398588 -9.323846694342524e-05
21.169841421831578 0.01570796326794897 -1.0408478729501938e-07
21.169841421831578 0.023462558633972192 -7.182996071408859e-08
21.169841421831578 0.03503514218779029 -1.7500346920473086e-07
21.169841421831578 0.05263150808357201 -7.005189898009821e-07
21.169841421831578 0.0731423493547288 -1.263214210304907e-06
21.169841421831578 0.1025927647713422 -2.2509011410428392e-06
21.169841421831578 0.14481159820038791 -3.1071560384372325e-06
21.169841421831578 0.20234603287313824 -5.0688185567131836e-06
21.169841421831578 0.2834245013168247 -7.417063310448101e-06
21.169841421831578 0.3967448265966417 -1.10318536864742e-05
21.169841421831578 0.5552782518837672 -1.6488188865818007e-05
21.169841421831578 0.7774818770639701 -2.462204154926523e-05
21.169841421831578 1.0884445474248694 -3.543366291632085e-05
21.169841421831578 1.5237112672761537 -5.1308458728317685e-05
21.169841421831578 2.088426337077478 -6.654509043010513e-05
21.169841421831578 2.685504776398588 -6.372283908146796e-05
21.61323825026821 0.01570796326794897 -7.377109141511884e-08
21.61323825026821 0.023462558633972192 -4.906778332720689e-08
21.61323825026821 0.03503514218779029 -9.24196728294492e-08
21.61323825026821 0.05263150808357201 -4.4705056251609537e-07
21.61323825026821 0.0731423493547288 -8.161172435003169e-07
21.61323825026821 0.1025927647713422 -1.3977396491540413e-06
21.61323825026821 0.14481159820038791 -2.007641281819553e-06
21.61323825026821 0.20234603287313824 -3.202550273141917e-06
21.61323825026821 0.2834245013168247 -4.685627350043415e-06
21.61323825026821 0.3967448265966417 -7.0582566207566135e-06
21.61323825026821 0.5552782518837672 -1.049737843701208e-05
21.61323825026821 0.7774818770639701 -1.5990133573866416e-05
21.61323825026821 1.0884445474248694 -2.303908819539407e-05
21.61323825026821 1.5237112672761537 -3.390876067291795e-05
21.61323825026821 2.088426337077478 -4.41634731499326e-05
21.61323825026821 2.685504776398588 -4.192226390985604e-05
22.065503015273574 0.01570796326794897 -4.622881456818253e-08
22.065503015273574 0.023462558633972192 -3.038091587422643e-08
22.065503015273574 0.03503514218779029 -6.787005091615669e-08
22.065503015273574 0.05263150808357201 -2.711221916125329e-07
22.065503015273574 0.0731423493547288 -5.174185978499457e-07
22.065503015273574 0.1025927647713422 -8.464547248261302e-07
22.065503015273574 0.14481159820038791 -1.2330105569583359e-06
22.065503015273574 0.20234603287313824 -1.972246192421051e-06
22.065503015273574 0.2834245013168247 -2.9382726588222e-06
22.065503015273574 0.3967448265966417 -4.357944823828334e-06
22.065503015273574 0.5552782518837672 -6.67585361652705e-06
22.065503015273574 0.7774818770639701 -1.012778969374868e-05
22.065503015273574 1.0884445474248694 -1.4606305055475857e-05
22.065503015273574 1.5237112672761537 -2.1690801668080678e-05
22.065503015273574 2.088426337077478 -2.8456990133578242e-05
22.065503015273574 2.685504776398588 -2.7502451610490942e-05
22.526813075579053 0.01570796326794897 -3.4342209941129964e-08
22.526813075579053 0.023462558633972192 -2.086608306440209e-08
22.526813075579053 0.03503514218779029 -5.590218328261797e-08
22.526813075579053 0.05263150808357201 -1.6930600448301046e-07
22.526813075579053 0.0731423493547288 -3.299163411949716e-07
22.526813075579053 0.1025927647713422 -5.533113110938342e-07
22.526813075579053 0.14481159820038791 -7.541200572550383e-07
22.526813075579053 0.20234603287313824 -1.2262950094383629e-06
22.526813075579053 0.2834245013168247 -1.8517183096054062e-06
22.526813075579053 0.3967448265966417 -2.709313088458646e-06
22.526813075579053 0.5552782518837672 -4.202311816089712e-06
22.526813075579053 0.7774818770639701 -6.383641058771616e-06
22.526813075579053 1.0884445474248694 -9.294345120411363e-06
22.526813075579053 1.5237112672761537 -1.3781428096293607e-05
22.526813075579053 2.088426337077478 -1.8341296453942604e-05
22.526813075579053 2.685504776398588 -1.7293921693084145e-05
22.997349337090636 0.01570796326794897 6.675661033763508e-10
22.997349337090636 0.023462558633972192 5.454280357886223e-10
22.997349337090636 0.03503514218779029 1.5817087653661336e-09
22.997349337090636 0.05263150808357201 4.693393046443502e-09
22.997349337090636 0.0731423493547288 8.80042905169059e-09
22.997349337090636 0.1025927647713422 1.5668809077384726e-08
22.997349337090636 0.14481159820038791 2.3190107467880915e-08
22.997349337090636 0.20234603287313824 3.4950798280728564e-08
22.997349337090636 0.2834245013168247 5.1789125166876434e-08
22.997349337090636 0.3967448265966417 7.544489041257835e-08
22.997349337090636 0.5552782518837672 1.0579986338803344e-07
22.997349337090636 0.7774818770639701 1.3679991658444492e-07
22.997349337090636 1.0884445474248694 1.5197578511571214e-07
22.997349337090636 1.5237112672761537 1.3255043312479346e-07
22.997349337090636 2.088426337077478 8.821540147833588e-08
22.997349337090636 2.685504776398588 4.2462543266486284e-08
23.477296323832444 0.01570796326794897 6.258710631769219e-10
23.477296323832444 0.023462558633972192 5.103488628706532e-10
23.477296323832444 0.03503514218779029 1.485554081782404e-09
23.477296323832444 0.05263150808357201 4.4003259697393445e-09
23.477296323832444 0.0731423493547288 8.252710060849219e-09
23.477296323832444 0.1025927647713422 1.4701524421474096e-08
23.477296323832444 0.14481159820038791 2.1784165620833432e-08
23.477296323832444 0.20234603287313824 3.290382340867444e-08
23.477296323832444 0.2834245013168247 4.902584115207938e-08
23.477296323832444 0.3967448265966417 7.185970850925636e-08
23.477296323832444 0.5552782518837672 1.0146031176863594e-07
23.477296323832444 0.7774818770639701 1.3189418270577191e-07
23.477296323832444 1.0884445474248694 1.474920420695657e-07
23.477296323832444 1.5237112672761537 1.3025661543903362e-07
23.477296323832444 2.088426337077478 8.798614161522698e-08
23.477296323832444 2.685504776398588 4.2634224550221315e-08
23.966842250309092 0.01570796326794897 5.850298538276892e-10
23.966842250309092 0.023462558633972192 4.754814392778322e-10
23.966842250309092 0.03503514218779029 1.390470318135021e-09
23.966842250309092 0.05263150808357201 4.111715662735371e-09
23.966842250309092 0.0731423493547288 7.717429361274607e-09
23.966842250309092 0.1025927647713422 1.3754265188007852e-08
23.966842250309092 0.14481159820038791 2.0406581909611567e-08
23.966842250309092 0.20234603287313824 3.090053736450466e-08
23.966842250309092 0.2834245013168247 4.629718128047748e-08
23.966842250309092 0.3967448265966417 6.828766030384826e-08
23.966842250309092 0.5552782518837672 9.704212642289152e-08
23.966842250309092 0.7774818770639701 1.2677855842303026e-07
23.966842250309092 1.0884445474248694 1.4280309684387615e-07
23.966842250309092 1.5237112672761537 1.2779738329939626e-07
23.966842250309092 2.088426337077478 8.777020436964175e-08
23.966842250309092 2.685504776398588 4.287584994515133e-08
24.46617909531528 0.01570796326794897 5.447403813031011e-10
24.46617909531528 0.023462558633972192 4.4155759945583007e-10
24.46617909531528 0.03503514218779029 1.2973656023388409e-09
24.46617909531528 0.05263150808357201 3.830355841837774e-09
24.46617909531528 0.0731423493547288 7.195050841582154e-09
24.46617909531528 0.1025927647713422 1.2829518673083346e-08
24.46617909531528 0.14481159820038791 1.9065955359484147e-08
24.46617909531528 0.20234603287313824 2.893330712188398e-08
24.46617909531528 0.2834245013168247 4.362603984255704e-08
24.46617909531528 0.3967448265966417 6.472149371528396e-08
24.46617909531528 0.5552782518837672 9.249791848674524e-08
24.46617909531528 0.7774818770639701 1.2146908814821135e-07
24.46617909531528 1.0884445474248694 1.379212843547998e-07
24.46617909531528 1.5237112672761537 1.2522939005908264e-07
24.46617909531528 2.088426337077478 8.769679878263304e-08
24.46617909531528 2.685504776398588 4.296775550091694e-08
24.97550267722158 0.01570796326794897 5.053359098987402e-10
24.97550267722158 0.023462558633972192 4.083220924195163e-10
24.97550267722158 0.03503514218779029 1.2058838552741666e-09
24.97550267722158 0.05263150808357201 3.5561112289578607e-09
24.97550267722158 0.0731423493547288 6.686125849197983e-09
24.97550267722158 0.1025927647713422 1.192611290003179e-08
24.97550267722158 0.14481159820038791 1.7751883807114837e-08
24.97550267722158 0.20234603287313824 2.7016662639072294e-08
24.97550267722158 0.2834245013168247 4.098612959265852e-08
24.97550267722158 0.3967448265966417 6.115343593447692e-08
24.97550267722158 0.5552782518837672 8.788991615140064e-08
24.97550267722158 0.7774818770639701 1.1599215418656414e-07
24.97550267722158 1.0884445474248694 1.3280528730478338e-07
24.97550267722158 1.5237112672761537 1.225908898376167e-07
24.97550267722158 2.088426337077478 8.762903513526701e-08
24.97550267722158 2.685504776398588 4.343039921520443e-08
25.49501273076601 0.01570796326794897 4.671157473345623e-10
25.49501273076601 0.023462558633972192 3.761632162965231e-10
25.49501273076601 0.03503514218779029 1.116381391776721e-09
25.49501273076601 0.05263150808357201 3.2883185715950037e-09
25.49501273076601 0.0731423493547288 6.190632911024008e-09
25.49501273076601 0.1025927647713422 1.1047498528136227e-08
25.49501273076601 0.14481159820038791 1.6472780418965995e-08
25.49501273076601 0.20234603287313824 2.5145137395701326e-08
25.49501273076601 0.2834245013168247 3.837612642466015e-08
25.49501273076601 0.3967448265966417 5.7597917341102935e-08
25.49501273076601 0.5552782518837672 8.318587801613584e-08
25.49501273076601 0.7774818770639701 1.1039182214036722e-07
25.49501273076601 1.0884445474248694 1.2752289845952516e-07
25.49501273076601 1.5237112672761537 1.1981839107157533e-07
25.49501273076601 2.088426337077478 8.74885539784004e-08
25.49501273076601 2.685504776398588 4.3995193341287306e-08
26.024912985381327 0.01570796326794897 4.2991792079573207e-10
26.024912985381327 0.023462558633972192 3.4460109719599516e-10
26.024912985381327 0.03503514218779029 1.0294178657818096e-09
26.024912985381327 0.05263150808357201 3.028186204752733e-09
26.024912985381327 0.0731423493547288 5.706703534662115e-09
26.024912985381327 0.1025927647713422 1.019272263058298e-08
26.024912985381327 0.14481159820038791 1.5226091473065594e-08
26.024912985381327 0.20234603287313824 2.3308074634596167e-08
26.024912985381327 0.2834245013168247 3.579896647480022e-08
26.024912985381327 0.3967448265966417 5.402714142650045e-08
26.024912985381327 0.5552782518837672 7.840395115501351e-08
26.024912985381327 0.7774818770639701 1.0455460537447725e-07
26.024912985381327 1.0884445474248694 1.2194984558048555e-07
26.024912985381327 1.5237112672761537 1.1674827707006116e-07
26.024912985381327 2.088426337077478 8.738898100256463e-08
26.024912985381327 2.685504776398588 4.512844091594703e-08
26.56541124508896 0.01570796326794897 3.9383329828867596e-10
26.56541124508896 0.023462558633972192 3.138731628699492e-10
26.56541124508896 0.03503514218779029 9.447129247679918e-10
26.56541124508896 0.05263150808357201 2.775504913279474e-09
26.56541124508896 0.0731423493547288 5.239800323993474e-09
26.56541124508896 0.1025927647713422 9.361196408204199e-09
26.56541124508896 0.14481159820038791 1.4008374669967872e-08
26.56541124508896 0.20234603287313824 2.151457116710722e-08
26.56541124508896 0.2834245013168247 3.325122463833071e-08
26.56541124508896 0.3967448265966417 5.043507968812493e-08
26.56541124508896 0.5552782518837672 7.351312645458679e-08
26.56541124508896 0.7774818770639701 9.851509066577442e-08
26.56541124508896 1.0884445474248694 1.1610843377466526e-07
26.56541124508896 1.5237112672761537 1.1342871116096814e-07
26.56541124508896 2.088426337077478 8.72474163965941e-08
26.56541124508896 2.685504776398588 4.624159377691168e-08
27.11671946999074 0.01570796326794897 3.5866079894613445e-10
27.11671946999074 0.023462558633972192 2.8444639914150566e-10
27.11671946999074 0.03503514218779029 8.620619591257112e-10
27.11671946999074 0.05263150808357201 2.529209445656704e-09
27.11671946999074 0.0731423493547288 4.784488143386834e-09
27.11671946999074 0.1025927647713422 8.551423887057028e-09
27.11671946999074 0.14481159820038791 1.2822321316784915e-08
27.11671946999074 0.20234603287313824 1.975189001177205e-08
27.11671946999074 0.2834245013168247 3.072117001116439e-08
27.11671946999074 0.3967448265966417 4.682234284625559e-08
27.11671946999074 0.5552782518837672 6.849113455319477e-08
27.11671946999074 0.7774818770639701 9.235128462544213e-08
27.11671946999074 1.0884445474248694 1.1003306912289703e-07
27.11671946999074 1.5237112672761537 1.0975775992814774e-07
27.11671946999074 2.088426337077478 8.702379696193941e-08
27.11671946999074 2.685504776398588 4.782788249525292e-08
27.67905385939056 0.01570796326794897 3.246463599955505e-10
27.67905385939056 0.023462558633972192 2.5584466554404446e-10
27.67905385939056 0.03503514218779029 7.814971824709966e-10
27.67905385939056 0.05263150808357201 2.290815744766645e-09
27.67905385939056 0.0731423493547288 4.340431701555298e-09
27.67905385939056 0.1025927647713422 7.763109171011502e-09
27.67905385939056 0.14481159820038791 1.1664095293396068e-08
27.67905385939056 0.20234603287313824 1.802483993583164e-08
27.67905385939056 0.2834245013168247 2.8207347162598543e-08
27.67905385939056 0.3967448265966417 4.3178463843169455e-08
27.67905385939056 0.5552782518837672 6.340181193584953e-08
27.67905385939056 0.7774818770639701 8.598259046541777e-08
27.67905385939056 1.0884445474248694 1.0359145412723787e-07
27.67905385939056 1.5237112672761537 1.0564526164874207e-07
27.67905385939056 2.088426337077478 8.655548574346629e-08
27.67905385939056 2.685504776398588 4.9703308440287426e-08
28.25263493657837 0.01570796326794897 2.9151578282557805e-10
28.25263493657837 0.023462558633972192 2.2822258675137878e-10
28.25263493657837 0.03503514218779029 7.029619219020136e-10
28.25263493657837 0.05263150808357201 2.0580076673098835e-09
28.25263493657837 0.0731423493547288 3.909039608307051e-09
28.25263493657837 0.1025927647713422 6.996067079672146e-09
28.25263493657837 0.14481159820038791 1.0532707773311997e-08
28.25263493657837 0.20234603287313824 1.633349158338596e-08
28.25263493657837 0.2834245013168247 2.570566192242745e-08
28.25263493657837 0.3967448265966417 3.951568619617873e-08
28.25263493657837 0.5552782518837672 5.822008297299397e-08
28.25263493657837 0.7774818770639701 7.94087899043756e-08
28.25263493657837 1.0884445474248694 9.681412774962886e-08
28.25263493657837 1.5237112672761537 1.0098865486389283e-07
28.25263493657837 2.088426337077478 8.573018112343542e-08
28.25263493657837 2.685504776398588 5.1859251269242636e-08
28.837687635309933 0.01570796326794897 2.5939896633614013e-10
28.837687635309933 0.023462558633972192 2.0154059045036746e-10
28.837687635309933 0.03503514218779029 6.267134780447094e-10
28.837687635309933 0.05263150808357201 1.8321520279697235e-09
28.837687635309933 0.0731423493547288 3.4878248709311163e-09
28.837687635309933 0.1025927647713422 6.248698732187425e-09
28.837687635309933 0.14481159820038791 9.424788324460484e-09
28.837687635309933 0.20234603287313824 1.4665292933270336e-08
28.837687635309933 0.2834245013168247 2.321055291070369e-08
28.837687635309933 0.3967448265966417 3.581165580100063e-08
28.837687635309933 0.5552782518837672 5.2942227997348964e-08
28.837687635309933 0.7774818770639701 7.267437955080966e-08
28.837687635309933 1.0884445474248694 8.967276687741385e-08
28.837687635309933 1.5237112672761537 9.578147910330092e-08
28.837687635309933 2.088426337077478 8.442466250821923e-08
28.837687635309933 2.685504776398588 5.444053491025944e-08
29.43444138801614 0.01570796326794897 2.2825026704254864e-10
29.43444138801614 0.023462558633972192 1.759318703082818e-10
29.43444138801614 0.03503514218779029 5.524213193015488e-10
29.43444138801614 0.05263150808357201 1.612913185614466e-09
29.43444138801614 0.0731423493547288 3.0789341938483437e-09
29.43444138801614 0.1025927647713422 5.518104866192231e-09
29.43444138801614 0.14481159820038791 8.341048734581934e-09
29.43444138801614 0.20234603287313824 1.3020646746410521e-08
29.43444138801614 0.2834245013168247 2.0723550496080456e-08
29.43444138801614 0.3967448265966417 3.20909898089252e-08
29.43444138801614 0.5552782518837672 4.757541852438167e-08
29.43444138801614 0.7774818770639701 6.569551437701298e-08
29.43444138801614 1.0884445474248694 8.211913294095053e-08
29.43444138801614 1.5237112672761537 8.986583139617776e-08
29.43444138801614 2.088426337077478 8.251321902501342e-08
29.43444138801614 2.685504776398588 5.701383865857928e-08
30.043130215776454 0.01570796326794897 1.980526829361291e-10
30.043130215776454 0.023462558633972192 1.5136191082765778e-10
30.043130215776454 0.03503514218779029 4.801973838245722e-10
30.043130215776454 0.05263150808357201 1.3998811126350532e-09
30.043130215776454 0.0731423493547288 2.6788266640876312e-09
30.043130215776454 0.1025927647713422 4.804582551772903e-09
30.043130215776454 0.14481159820038791 7.279876922202815e-09
30.043130215776454 0.20234603287313824 1.1399149629122829e-08
30.043130215776454 0.2834245013168247 1.823805030039508e-08
30.043130215776454 0.3967448265966417 2.8342601956954497e-08
30.043130215776454 0.5552782518837672 4.2136954953895935e-08
30.043130215776454 0.7774818770639701 5.8554845358766076e-08
30.043130215776454 1.0884445474248694 7.410228093860013e-08
30.043130215776454 1.5237112672761537 8.319637414572007e-08
30.043130215776454 2.088426337077478 7.97444341535114e-08
30.043130215776454 2.685504776398588 5.9319488018614244e-08
30.663992820091988 0.01570796326794897 1.6870204977374134e-10
30.663992820091988 0.023462558633972192 1.2781295241730576e-10
30.663992820091988 0.03503514218779029 4.099180140178808e-10
30.663992820091988 0.05263150808357201 1.1930763690332566e-09
30.663992820091988 0.0731423493547288 2.288980851659158e-09
30.663992820091988 0.1025927647713422 4.108575964063917e-09
30.663992820091988 0.14481159820038791 6.2395195074118566e-09
30.663992820091988 0.20234603287313824 9.80259576214446e-09
30.663992820091988 0.2834245013168247 1.5761275216474066e-08
30.663992820091988 0.3967448265966417 2.4555443708719997e-08
30.663992820091988 0.5552782518837672 3.661191216513502e-08
30.663992820091988 0.7774818770639701 5.119042046026988e-08
30.663992820091988 1.0884445474248694 6.560645589171724e-08
30.663992820091988 1.5237112672761537 7.563164773990724e-08
30.663992820091988 2.088426337077478 7.592995136844591e-08
30.663992820091988 2.685504776398588 6.111859156843512e-08
31.297272676493826 0.01570796326794897 1.402806444621254e-10
31.297272676493826 0.023462558633972192 1.0526675267479955e-10
31.297272676493826 0.03503514218779029 3.414185054701101e-10
31.297272676493826 0.05263150808357201 9.92103394474798e-10
31.297272676493826 0.0731423493547288 1.9088511969166715e-09
31.297272676493826 0.1025927647713422 3.4283895140098884e-09
31.297272676493826 0.14481159820038791 5.218580070331232e-09
31.297272676493826 0.20234603287313824 8.22759421837302e-09
31.297272676493826 0.2834245013168247 1.3288811788058034e-08
31.297272676493826 0.3967448265966417 2.075781487287765e-08
31.297272676493826 0.5552782518837672 3.1026798351478074e-08
31.297272676493826 0.7774818770639701 4.362757260551064e-08
31.297272676493826 1.0884445474248694 5.6634931596623265e-08
31.297272676493826 1.5237112672761537 6.706228111327133e-08
31.297272676493826 2.088426337077478 7.07037300637619e-08
31.297272676493826 2.685504776398588 6.189124766326198e-08
31.943218130023702 0.01570796326794897 1.1280718106798432e-10
31.943218130023702 0.023462558633972192 8.369295928019092e-11
31.943218130023702 0.03503514218779029 2.746249480634686e-10
31.943218130023702 0.05263150808357201 7.970118878345538e-10
31.943218130023702 0.0731423493547288 1.53794066108168e-09
31.943218130023702 0.1025927647713422 2.765189659213616e-09
31.943218130023702 0.14481159820038791 4.219071410372948e-09
31.943218130023702 0.20234603287313824 6.672235051579443e-09
31.943218130023702 0.2834245013168247 1.082691868033032e-08
31.943218130023702 0.3967448265966417 1.694344655712603e-08
31.943218130023702 0.5552782518837672 2.5387936746923816e-08
31.943218130023702 0.7774818770639701 3.590572204205187e-08
31.943218130023702 1.0884445474248694 4.721200560222985e-08
31.943218130023702 1.5237112672761537 5.746742760281199e-08
31.943218130023702 2.088426337077478 6.379123706619142e-08
31.943218130023702 2.685504776398588 6.075696315033362e-08
32.60208249262418 0.01570796326794897 8.61413882934031e-11
32.60208249262418 0.023462558633972192 6.31058435118409e-11
32.60208249262418 0.03503514218779029 2.0976118848033763e-10
32.60208249262418 0.05263150808357201 6.083991288513808e-10
32.60208249262418 0.0731423493547288 1.1767748599297126e-09
32.60208249262418 0.1025927647713422 2.117378205694401e-09
32.60208249262418 0.14481159820038791 3.239974664748083e-09
32.60208249262418 0.20234603287313824 5.1408259574858856e-09
32.60208249262418 0.2834245013168247 8.373131012062517e-09
32.60208249262418 0.3967448265966417 1.3124705082111728e-08
32.60208249262418 0.5552782518837672 1.9712113834894225e-08
32.60208249262418 0.7774818770639701 2.8032220571580142e-08
32.60208249262418 1.0884445474248694 3.732109718818722e-08
32.60208249262418 1.5237112672761537 4.670720827080598e-08
32.60208249262418 2.088426337077478 5.4811808444344544e-08
32.60208249262418 2.685504776398588 5.6973875262051296e-08
33.27412414247666 0.01570796326794897 6.027348149479606e-11
33.27412414247666 0.023462558633972192 4.3467008409211184e-11
33.27412414247666 0.03503514218779029 1.46739656156459e-10
33.27412414247666 0.05263150808357201 4.248420043295456e-10
33.27412414247666 0.0731423493547288 8.246719865637889e-10
33.27412414247666 0.1025927647713422 1.4862478518324967e-09
33.27412414247666 0.14481159820038791 2.279045588028553e-09
33.27412414247666 0.20234603287313824 3.628166263124381e-09
33.27412414247666 0.2834245013168247 5.931871100652276e-09
33.27412414247666 0.3967448265966417 9.313374096932631e-09
33.27412414247666 0.5552782518837672 1.4020419192883891e-08
33.27412414247666 0.7774818770639701 2.006008744791956e-08
33.27412414247666 1.0884445474248694 2.70320005792248e-08
33.27412414247666 1.5237112672761537 3.478658164442983e-08
33.27412414247666 2.088426337077478 4.3220352511454315e-08
33.27412414247666 2.685504776398588 4.8807519377952287e-08
33.959606625326195 0.01570796326794897 3.630621664397384e-11
33.959606625326195 0.023462558633972192 2.628545209060153e-11
33.959606625326195 0.03503514218779029 8.900984050148959e-11
33.959606625326195 0.05263150808357201 2.5714377062563433e-10
33.959606625326195 0.0731423493547288 4.992889752636128e-10
33.959606625326195 0.1025927647713422 8.997918710396656e-10
33.959606625326195 0.14481159820038791 1.3809103131216753e-09
33.959606625326195 0.20234603287313824 2.1959163641586426e-09
33.959606625326195 0.2834245013168247 3.586483862353897e-09
33.959606625326195 0.3967448265966417 5.6065629745231e-09
33.959606625326195 0.5552782518837672 8.410425189441094e-09
33.959606625326195 0.7774818770639701 1.2041943813941831e-08
33.959606625326195 1.0884445474248694 1.637180831772165e-08
33.959606625326195 1.5237112672761537 2.160389401095692e-08
33.959606625326195 2.088426337077478 2.8260851634377242e-08
33.959606625326195 2.685504776398588 3.420031472928736e-08
34.65879875783272 0.01570796326794897 1.0980226730073577e-11
34.65879875783272 0.023462558633972192 8.598019494010277e-12
34.65879875783272 0.03503514218779029 2.761543406102762e-11
34.65879875783272 0.05263150808357201 7.788743465290943e-11
34.65879875783272 0.0731423493547288 1.5403021023261747e-10
34.65879875783272 0.1025927647713422 2.8097995196901823e-10
34.65879875783272 0.14481159820038791 4.362935504059651e-10
34.65879875783272 0.20234603287313824 6.955622225573053e-10
34.65879875783272 0.2834245013168247 1.1533772588270538e-09
34.65879875783272 0.3967448265966417 1.8114451153308342e-09
34.65879875783272 0.5552782518837672 2.734939750483849e-09
34.65879875783272 0.7774818770639701 3.9487363907128585e-09
34.65879875783272 1.0884445474248694 5.434141343009229e-09
34.65879875783272 1.5237112672761537 7.341688614668617e-09
34.65879875783272 2.088426337077478 1.0089498933881667e-08
34.65879875783272 2.685504776398588 1.3131084142292958e-08
35.371974732989365 0.01570796326794897 0.0
35.371974732989365 0.023462558633972192 0.0
35.371974732989365 0.03503514218779029 0.0
35.371974732989365 0.05263150808357201 0.0
35.371974732989365 0.0731423493547288 0.0
35.371974732989365 0.1025927647713422 0.0
35.371974732989365 0.14481159820038791 0.0
35.371974732989365 0.20234603287313824 0.0
35.371974732989365 0.2834245013168247 0.0
35.371974732989365 0.3967448265966417 0.0
35.371974732989365 0.5552782518837672 0.0
35.371974732989365 0.7774818770639701 0.0
35.371974732989365 1.0884445474248694 0.0
35.371974732989365 1.5237112672761537 0.0
35.371974732989365 2.088426337077478 0.0
35.371974732989365 2.685504776398588 0.0
