1.000000e-04 -6.416010e-06
1.011591e-04 -6.487849e-06
1.023317e-04 -6.560492e-06
1.035178e-04 -6.633947e-06
1.047177e-04 -6.708224e-06
1.059315e-04 -6.783331e-06
1.071593e-04 -6.859278e-06
1.084014e-04 -6.936075e-06
1.096579e-04 -7.013730e-06
1.109290e-04 -7.092253e-06
1.122148e-04 -7.171654e-06
1.135155e-04 -7.251943e-06
1.148312e-04 -7.333129e-06
1.161623e-04 -7.415223e-06
1.175087e-04 -7.498235e-06
1.188708e-04 -7.582174e-06
1.202486e-04 -7.667052e-06
1.216424e-04 -7.752878e-06
1.230524e-04 -7.839664e-06
1.244787e-04 -7.927419e-06
1.259216e-04 -8.016155e-06
1.273811e-04 -8.105883e-06
1.288576e-04 -8.196613e-06
1.303512e-04 -8.288357e-06
1.318621e-04 -8.381125e-06
1.333906e-04 -8.474930e-06
1.349367e-04 -8.569783e-06
1.365008e-04 -8.665695e-06
1.380830e-04 -8.762678e-06
1.396835e-04 -8.860745e-06
1.413026e-04 -8.959906e-06
1.429405e-04 -9.060175e-06
1.445973e-04 -9.161563e-06
1.462733e-04 -9.264084e-06
1.479688e-04 -9.367748e-06
1.496839e-04 -9.472570e-06
1.514189e-04 -9.578562e-06
1.531740e-04 -9.685738e-06
1.549495e-04 -9.794109e-06
1.567455e-04 -9.903689e-06
1.585624e-04 -1.001449e-05
1.604003e-04 -1.012653e-05
1.622595e-04 -1.023982e-05
1.641403e-04 -1.035437e-05
1.660429e-04 -1.047020e-05
1.679675e-04 -1.058733e-05
1.699144e-04 -1.070575e-05
1.718839e-04 -1.082550e-05
1.738762e-04 -1.094659e-05
1.758917e-04 -1.106902e-05
1.779304e-04 -1.119282e-05
1.799929e-04 -1.131800e-05
1.820792e-04 -1.144457e-05
1.841897e-04 -1.157255e-05
1.863246e-04 -1.170196e-05
1.884843e-04 -1.183281e-05
1.906691e-04 -1.196512e-05
1.928792e-04 -1.209890e-05
1.951148e-04 -1.223417e-05
1.973764e-04 -1.237095e-05
1.996642e-04 -1.250925e-05
2.019786e-04 -1.264909e-05
2.043197e-04 -1.279048e-05
2.066880e-04 -1.293345e-05
2.090838e-04 -1.307801e-05
2.115073e-04 -1.322418e-05
2.139589e-04 -1.337197e-05
2.164389e-04 -1.352141e-05
2.189477e-04 -1.367250e-05
2.214855e-04 -1.382528e-05
2.240528e-04 -1.397975e-05
2.266498e-04 -1.413594e-05
2.292769e-04 -1.429387e-05
2.319345e-04 -1.445355e-05
2.346229e-04 -1.461500e-05
2.373424e-04 -1.477825e-05
2.400935e-04 -1.494331e-05
2.428764e-04 -1.511020e-05
2.456916e-04 -1.527894e-05
2.485395e-04 -1.544955e-05
2.514203e-04 -1.562206e-05
2.543346e-04 -1.579648e-05
2.572826e-04 -1.597283e-05
2.602648e-04 -1.615114e-05
2.632815e-04 -1.633142e-05
2.663333e-04 -1.651370e-05
2.694204e-04 -1.669799e-05
2.725433e-04 -1.688433e-05
2.757023e-04 -1.707273e-05
2.788980e-04 -1.726322e-05
2.821308e-04 -1.745581e-05
2.854010e-04 -1.765053e-05
2.887091e-04 -1.784741e-05
2.920556e-04 -1.804646e-05
2.954408e-04 -1.824771e-05
2.988653e-04 -1.845118e-05
3.023295e-04 -1.865690e-05
3.058338e-04 -1.886489e-05
3.093788e-04 -1.907518e-05
3.129648e-04 -1.928779e-05
3.165924e-04 -1.950274e-05
3.202621e-04 -1.972006e-05
3.239743e-04 -1.993977e-05
3.277295e-04 -2.016191e-05
3.315282e-04 -2.038649e-05
3.353710e-04 -2.061354e-05
3.392583e-04 -2.084309e-05
3.431907e-04 -2.107516e-05
3.471687e-04 -2.130978e-05
3.511928e-04 -2.154699e-05
3.552635e-04 -2.178679e-05
3.593814e-04 -2.202923e-05
3.635470e-04 -2.227433e-05
3.677609e-04 -2.252212e-05
3.720237e-04 -2.277262e-05
3.763358e-04 -2.302587e-05
3.806980e-04 -2.328190e-05
3.851107e-04 -2.354073e-05
3.895746e-04 -2.380238e-05
3.940902e-04 -2.406690e-05
3.986581e-04 -2.433431e-05
4.032790e-04 -2.460465e-05
4.079535e-04 -2.487793e-05
4.126821e-04 -2.515419e-05
4.174655e-04 -2.543346e-05
4.223044e-04 -2.571578e-05
4.271994e-04 -2.600117e-05
4.321511e-04 -2.628967e-05
4.371602e-04 -2.658130e-05
4.422274e-04 -2.687611e-05
4.473533e-04 -2.717411e-05
4.525386e-04 -2.747535e-05
4.577841e-04 -2.777986e-05
4.630903e-04 -2.808767e-05
4.684580e-04 -2.839881e-05
4.738880e-04 -2.871332e-05
4.793808e-04 -2.903123e-05
4.849374e-04 -2.935258e-05
4.905584e-04 -2.967740e-05
4.962445e-04 -3.000572e-05
5.019965e-04 -3.033758e-05
5.078152e-04 -3.067301e-05
5.137014e-04 -3.101206e-05
5.196557e-04 -3.135474e-05
5.256791e-04 -3.170111e-05
5.317723e-04 -3.205120e-05
5.379362e-04 -3.240503e-05
5.441714e-04 -3.276266e-05
5.504790e-04 -3.312411e-05
5.568596e-04 -3.348942e-05
5.633143e-04 -3.385864e-05
5.698437e-04 -3.423179e-05
5.764488e-04 -3.460892e-05
5.831305e-04 -3.499006e-05
5.898896e-04 -3.537526e-05
5.967271e-04 -3.576454e-05
6.036439e-04 -3.615796e-05
6.106408e-04 -3.655555e-05
6.177188e-04 -3.695735e-05
6.248788e-04 -3.736339e-05
6.321218e-04 -3.777372e-05
6.394488e-04 -3.818838e-05
6.468608e-04 -3.860740e-05
6.543586e-04 -3.903083e-05
6.619433e-04 -3.945870e-05
6.696160e-04 -3.989106e-05
6.773776e-04 -4.032795e-05
6.852292e-04 -4.076940e-05
6.931717e-04 -4.121547e-05
7.012064e-04 -4.166619e-05
7.093341e-04 -4.212160e-05
7.175561e-04 -4.258175e-05
7.258734e-04 -4.304667e-05
7.342870e-04 -4.351641e-05
7.427982e-04 -4.399102e-05
7.514081e-04 -4.447053e-05
7.601178e-04 -4.495499e-05
7.689284e-04 -4.544444e-05
7.778411e-04 -4.593892e-05
7.868572e-04 -4.643848e-05
7.959777e-04 -4.694315e-05
8.052040e-04 -4.745298e-05
8.145372e-04 -4.796800e-05
8.239786e-04 -4.848827e-05
8.335294e-04 -4.901383e-05
8.431909e-04 -4.954471e-05
8.529644e-04 -5.008096e-05
8.628513e-04 -5.062262e-05
8.728527e-04 -5.116974e-05
8.829700e-04 -5.172236e-05
8.932046e-04 -5.228052e-05
9.035578e-04 -5.284427e-05
9.140311e-04 -5.341364e-05
9.246257e-04 -5.398869e-05
9.353432e-04 -5.456946e-05
9.461848e-04 -5.515598e-05
9.571522e-04 -5.574831e-05
9.682466e-04 -5.634648e-05
9.794697e-04 -5.695054e-05
9.908228e-04 -5.756053e-05
1.002308e-03 -5.817651e-05
1.013925e-03 -5.879850e-05
1.025678e-03 -5.942655e-05
1.037567e-03 -6.006071e-05
1.049593e-03 -6.070101e-05
1.061759e-03 -6.134751e-05
1.074066e-03 -6.200025e-05
1.086516e-03 -6.265926e-05
1.099110e-03 -6.332460e-05
1.111850e-03 -6.399630e-05
1.124737e-03 -6.467441e-05
1.137774e-03 -6.535897e-05
1.150962e-03 -6.605002e-05
1.164303e-03 -6.674761e-05
1.177799e-03 -6.745178e-05
1.191451e-03 -6.816258e-05
1.205261e-03 -6.888003e-05
1.219231e-03 -6.960419e-05
1.233363e-03 -7.033510e-05
1.247660e-03 -7.107279e-05
1.262121e-03 -7.181731e-05
1.276751e-03 -7.256869e-05
1.291550e-03 -7.332697e-05
1.306520e-03 -7.409219e-05
1.321664e-03 -7.486440e-05
1.336984e-03 -7.564363e-05
1.352481e-03 -7.642991e-05
1.368158e-03 -7.722329e-05
1.384016e-03 -7.802380e-05
1.400058e-03 -7.883149e-05
1.416287e-03 -7.964638e-05
1.432703e-03 -8.046852e-05
1.449310e-03 -8.129793e-05
1.466109e-03 -8.213467e-05
1.483103e-03 -8.297875e-05
1.500293e-03 -8.383022e-05
1.517683e-03 -8.468911e-05
1.535275e-03 -8.555545e-05
1.553071e-03 -8.642928e-05
1.571072e-03 -8.731062e-05
1.589283e-03 -8.819950e-05
1.607704e-03 -8.909596e-05
1.626340e-03 -9.000003e-05
1.645191e-03 -9.091173e-05
1.664260e-03 -9.183110e-05
1.683551e-03 -9.275815e-05
1.703065e-03 -9.369292e-05
1.722805e-03 -9.463543e-05
1.742775e-03 -9.558571e-05
1.762975e-03 -9.654379e-05
1.783410e-03 -9.750968e-05
1.804082e-03 -9.848341e-05
1.824993e-03 -9.946501e-05
1.846147e-03 -1.004545e-04
1.867546e-03 -1.014519e-04
1.889193e-03 -1.024572e-04
1.911091e-03 -1.034704e-04
1.933242e-03 -1.044916e-04
1.955651e-03 -1.055208e-04
1.978319e-03 -1.065580e-04
2.001250e-03 -1.076031e-04
2.024447e-03 -1.086562e-04
2.047912e-03 -1.097173e-04
2.071650e-03 -1.107864e-04
2.095662e-03 -1.118636e-04
2.119953e-03 -1.129487e-04
2.144526e-03 -1.140418e-04
2.169384e-03 -1.151430e-04
2.194529e-03 -1.162522e-04
2.219966e-03 -1.173693e-04
2.245698e-03 -1.184945e-04
2.271728e-03 -1.196276e-04
2.298060e-03 -1.207688e-04
2.324697e-03 -1.219179e-04
2.351643e-03 -1.230750e-04
2.378901e-03 -1.242401e-04
2.406475e-03 -1.254131e-04
2.434369e-03 -1.265940e-04
2.462586e-03 -1.277828e-04
2.491130e-03 -1.289794e-04
2.520005e-03 -1.301839e-04
2.549215e-03 -1.313962e-04
2.578763e-03 -1.326162e-04
2.608654e-03 -1.338440e-04
2.638891e-03 -1.350795e-04
2.669478e-03 -1.363227e-04
2.700421e-03 -1.375735e-04
2.731722e-03 -1.388318e-04
2.763385e-03 -1.400976e-04
2.795416e-03 -1.413710e-04
2.827818e-03 -1.426518e-04
2.860596e-03 -1.439399e-04
2.893753e-03 -1.452354e-04
2.927295e-03 -1.465381e-04
2.961225e-03 -1.478480e-04
2.995549e-03 -1.491650e-04
3.030271e-03 -1.504892e-04
3.065395e-03 -1.518203e-04
3.100927e-03 -1.531583e-04
3.136870e-03 -1.545031e-04
3.173230e-03 -1.558547e-04
3.210011e-03 -1.572130e-04
3.247218e-03 -1.585778e-04
3.284857e-03 -1.599490e-04
3.322933e-03 -1.613266e-04
3.361449e-03 -1.627105e-04
3.400412e-03 -1.641005e-04
3.439826e-03 -1.654966e-04
3.479698e-03 -1.668987e-04
3.520031e-03 -1.683065e-04
3.560833e-03 -1.697201e-04
3.602107e-03 -1.711392e-04
3.643859e-03 -1.725638e-04
3.686095e-03 -1.739938e-04
3.728821e-03 -1.754289e-04
3.772042e-03 -1.768692e-04
3.815765e-03 -1.783143e-04
3.859994e-03 -1.797642e-04
3.904735e-03 -1.812188e-04
3.949995e-03 -1.826777e-04
3.995780e-03 -1.841410e-04
4.042096e-03 -1.856083e-04
4.088948e-03 -1.870795e-04
4.136344e-03 -1.885545e-04
4.184289e-03 -1.900331e-04
4.232789e-03 -1.915150e-04
4.281852e-03 -1.930000e-04
4.331483e-03 -1.944881e-04
4.381690e-03 -1.959789e-04
4.432479e-03 -1.974722e-04
4.483856e-03 -1.989679e-04
4.535829e-03 -2.004658e-04
4.588404e-03 -2.019655e-04
4.641589e-03 -2.034670e-04
4.695390e-03 -2.049699e-04
4.749815e-03 -2.064741e-04
4.804870e-03 -2.079792e-04
4.860564e-03 -2.094851e-04
4.916904e-03 -2.109914e-04
4.973896e-03 -2.124978e-04
5.031549e-03 -2.140042e-04
5.089870e-03 -2.155102e-04
5.148867e-03 -2.170154e-04
5.208549e-03 -2.185197e-04
5.268921e-03 -2.200226e-04
5.329994e-03 -2.215240e-04
5.391775e-03 -2.230235e-04
5.454271e-03 -2.245207e-04
5.517492e-03 -2.260154e-04
5.581446e-03 -2.275073e-04
5.646141e-03 -2.289959e-04
5.711586e-03 -2.304810e-04
5.777790e-03 -2.319622e-04
5.844761e-03 -2.334392e-04
5.912508e-03 -2.349117e-04
5.981041e-03 -2.363793e-04
6.050368e-03 -2.378416e-04
6.120498e-03 -2.392981e-04
6.191442e-03 -2.407486e-04
6.263207e-03 -2.421925e-04
6.335805e-03 -2.436295e-04
6.409244e-03 -2.450591e-04
6.483534e-03 -2.464809e-04
6.558686e-03 -2.478944e-04
6.634708e-03 -2.492993e-04
6.711612e-03 -2.506950e-04
6.789407e-03 -2.520811e-04
6.868104e-03 -2.534572e-04
6.947713e-03 -2.548228e-04
7.028244e-03 -2.561774e-04
7.109709e-03 -2.575206e-04
7.192119e-03 -2.588519e-04
7.275484e-03 -2.601709e-04
7.359814e-03 -2.614770e-04
7.445123e-03 -2.627698e-04
7.531420e-03 -2.640488e-04
7.618718e-03 -2.653135e-04
7.707027e-03 -2.665633e-04
7.796360e-03 -2.677977e-04
7.886729e-03 -2.690160e-04
7.978145e-03 -2.702177e-04
8.070620e-03 -2.714023e-04
8.164168e-03 -2.725692e-04
8.258799e-03 -2.737177e-04
8.354528e-03 -2.748473e-04
8.451366e-03 -2.759574e-04
8.549327e-03 -2.770475e-04
8.648423e-03 -2.781170e-04
8.748668e-03 -2.791652e-04
8.850075e-03 -2.801916e-04
8.952657e-03 -2.811956e-04
9.056428e-03 -2.821766e-04
9.161402e-03 -2.831341e-04
9.267593e-03 -2.840675e-04
9.375015e-03 -2.849761e-04
9.483682e-03 -2.858595e-04
9.593608e-03 -2.867169e-04
9.704809e-03 -2.875478e-04
9.817298e-03 -2.883513e-04
9.931092e-03 -2.891270e-04
1.004620e-02 -2.898740e-04
1.016265e-02 -2.905918e-04
1.028045e-02 -2.912797e-04
1.039961e-02 -2.919370e-04
1.052015e-02 -2.925632e-04
1.064209e-02 -2.931575e-04
1.076545e-02 -2.937194e-04
1.089023e-02 -2.942482e-04
1.101646e-02 -2.947433e-04
1.114415e-02 -2.952041e-04
1.127333e-02 -2.956300e-04
1.140400e-02 -2.960204e-04
1.153618e-02 -2.963748e-04
1.166990e-02 -2.966925e-04
1.180517e-02 -2.969731e-04
1.194200e-02 -2.972160e-04
1.208042e-02 -2.974205e-04
1.222045e-02 -2.975863e-04
1.236210e-02 -2.977127e-04
1.250539e-02 -2.977992e-04
1.265034e-02 -2.978453e-04
1.279697e-02 -2.978504e-04
1.294530e-02 -2.978142e-04
1.309535e-02 -2.977361e-04
1.324714e-02 -2.976158e-04
1.340069e-02 -2.974527e-04
1.355602e-02 -2.972465e-04
1.371315e-02 -2.969968e-04
1.387210e-02 -2.967032e-04
1.403289e-02 -2.963654e-04
1.419555e-02 -2.959830e-04
1.436009e-02 -2.955559e-04
1.452654e-02 -2.950835e-04
1.469492e-02 -2.945659e-04
1.486525e-02 -2.940026e-04
1.503755e-02 -2.933935e-04
1.521186e-02 -2.927386e-04
1.538818e-02 -2.920379e-04
1.556654e-02 -2.912916e-04
1.574698e-02 -2.953903e-04
1.592950e-02 -3.174537e-04
1.611414e-02 -3.397729e-04
1.630092e-02 -3.623508e-04
1.648987e-02 -3.851903e-04
1.668101e-02 -4.082946e-04
1.687436e-02 -4.316668e-04
1.706995e-02 -4.553098e-04
1.726781e-02 -4.792268e-04
1.746796e-02 -5.034211e-04
1.767044e-02 -5.278959e-04
1.787526e-02 -5.526543e-04
1.808245e-02 -5.776997e-04
1.829205e-02 -6.030354e-04
1.850407e-02 -6.286648e-04
1.871855e-02 -6.545912e-04
1.893552e-02 -6.808182e-04
1.915501e-02 -7.073492e-04
1.937703e-02 -7.341877e-04
1.960163e-02 -7.613372e-04
1.982884e-02 -7.888015e-04
2.005868e-02 -8.165841e-04
2.029118e-02 -8.446888e-04
2.052638e-02 -8.731192e-04
2.076430e-02 -9.018791e-04
2.100498e-02 -9.309724e-04
2.124845e-02 -9.604029e-04
2.149475e-02 -9.901746e-04
2.174389e-02 -1.020291e-03
2.199593e-02 -1.050757e-03
2.225089e-02 -1.081576e-03
2.250880e-02 -1.112752e-03
2.276970e-02 -1.144290e-03
2.303363e-02 -1.176193e-03
2.330061e-02 -1.208466e-03
2.357069e-02 -1.241113e-03
2.384390e-02 -1.274138e-03
2.412028e-02 -1.338008e-03
2.439986e-02 -1.407043e-03
2.468268e-02 -1.476879e-03
2.496878e-02 -1.547523e-03
2.525820e-02 -1.618987e-03
2.555097e-02 -1.691279e-03
2.584714e-02 -1.764409e-03
2.614673e-02 -1.838387e-03
2.644980e-02 -1.913222e-03
2.675638e-02 -1.988924e-03
2.706652e-02 -2.065504e-03
2.738025e-02 -2.142972e-03
2.769762e-02 -2.221338e-03
2.801867e-02 -2.300611e-03
2.834343e-02 -2.380804e-03
2.867196e-02 -2.461927e-03
2.900430e-02 -2.543989e-03
2.934050e-02 -2.627003e-03
2.968059e-02 -2.710979e-03
3.002462e-02 -2.795929e-03
3.037264e-02 -2.881863e-03
3.072469e-02 -2.968793e-03
3.108082e-02 -3.056731e-03
3.144108e-02 -3.145688e-03
3.180552e-02 -3.235676e-03
3.217418e-02 -3.326707e-03
3.254712e-02 -3.418793e-03
3.292437e-02 -3.511947e-03
3.330600e-02 -3.606181e-03
3.369206e-02 -3.701507e-03
3.408259e-02 -3.797937e-03
3.447764e-02 -3.895486e-03
3.487727e-02 -3.994165e-03
3.528154e-02 -4.093988e-03
3.569049e-02 -4.194968e-03
3.610419e-02 -4.345738e-03
3.652267e-02 -4.512088e-03
3.694601e-02 -4.680367e-03
3.737426e-02 -4.850596e-03
3.780747e-02 -5.022798e-03
3.824570e-02 -5.196996e-03
3.868901e-02 -5.373213e-03
3.913746e-02 -5.551472e-03
3.959110e-02 -5.731798e-03
4.005001e-02 -5.914214e-03
4.051423e-02 -6.098745e-03
4.098384e-02 -6.285414e-03
4.145888e-02 -6.474247e-03
4.193944e-02 -6.665269e-03
4.242556e-02 -6.858505e-03
4.291732e-02 -7.053981e-03
4.341478e-02 -7.251723e-03
4.391801e-02 -7.451757e-03
4.442707e-02 -7.654109e-03
4.494203e-02 -7.858807e-03
4.546295e-02 -8.065877e-03
4.598992e-02 -8.275348e-03
4.652300e-02 -8.487247e-03
4.706225e-02 -8.701601e-03
4.760775e-02 -8.918441e-03
4.815958e-02 -9.137794e-03
4.871780e-02 -9.359689e-03
4.928250e-02 -9.584156e-03
4.985373e-02 -9.811225e-03
5.043159e-02 -1.004093e-02
5.101615e-02 -1.027329e-02
5.160749e-02 -1.050835e-02
5.220568e-02 -1.074613e-02
5.281080e-02 -1.097614e-02
5.342293e-02 -1.116636e-02
5.404216e-02 -1.135880e-02
5.466857e-02 -1.155346e-02
5.530224e-02 -1.175037e-02
5.594326e-02 -1.194957e-02
5.659170e-02 -1.215108e-02
5.724766e-02 -1.235493e-02
5.791123e-02 -1.256114e-02
5.858248e-02 -1.276973e-02
5.926152e-02 -1.298075e-02
5.994843e-02 -1.319421e-02
6.064329e-02 -1.341015e-02
6.134622e-02 -1.362859e-02
6.205729e-02 -1.384956e-02
6.277660e-02 -1.407309e-02
6.350425e-02 -1.429921e-02
6.424034e-02 -1.452796e-02
6.498495e-02 -1.475935e-02
6.573820e-02 -1.499343e-02
6.650018e-02 -1.523022e-02
6.727099e-02 -1.546975e-02
6.805074e-02 -1.571207e-02
6.883952e-02 -1.595719e-02
6.963745e-02 -1.620515e-02
7.044462e-02 -1.645598e-02
7.126115e-02 -1.670973e-02
7.208715e-02 -1.696641e-02
7.292272e-02 -1.722607e-02
7.376798e-02 -1.745514e-02
7.462303e-02 -1.765914e-02
7.548799e-02 -1.786550e-02
7.636298e-02 -1.807426e-02
7.724811e-02 -1.828544e-02
7.814351e-02 -1.849906e-02
7.904928e-02 -1.871516e-02
7.996555e-02 -1.893377e-02
8.089243e-02 -1.915491e-02
8.183007e-02 -1.937861e-02
8.277857e-02 -1.960491e-02
8.373807e-02 -1.983383e-02
8.470868e-02 -2.006540e-02
8.569055e-02 -2.029966e-02
8.668380e-02 -2.053663e-02
8.768856e-02 -2.077635e-02
8.870497e-02 -2.101884e-02
8.973316e-02 -2.126415e-02
9.077327e-02 -2.151230e-02
9.182543e-02 -2.176333e-02
9.288979e-02 -2.201727e-02
9.396648e-02 -2.227415e-02
9.505566e-02 -2.253401e-02
9.615746e-02 -2.279688e-02
9.727203e-02 -2.306280e-02
9.839952e-02 -2.333180e-02
9.954008e-02 -2.360391e-02
1.006939e-01 -2.387919e-02
1.018610e-01 -2.415765e-02
1.030417e-01 -2.437773e-02
1.042361e-01 -2.448603e-02
1.054443e-01 -2.459558e-02
1.066665e-01 -2.470640e-02
1.079029e-01 -2.481851e-02
1.091536e-01 -2.493191e-02
1.104188e-01 -2.504663e-02
1.116987e-01 -2.516268e-02
1.129934e-01 -2.528008e-02
1.143031e-01 -2.539883e-02
1.156280e-01 -2.551896e-02
1.169683e-01 -2.564049e-02
1.183241e-01 -2.576342e-02
1.196956e-01 -2.588778e-02
1.210830e-01 -2.601358e-02
1.224865e-01 -2.614083e-02
1.239062e-01 -2.626956e-02
1.253424e-01 -2.639979e-02
1.267953e-01 -2.653152e-02
1.282650e-01 -2.666478e-02
1.297517e-01 -2.679959e-02
1.312557e-01 -2.693596e-02
1.327771e-01 -2.707391e-02
1.343161e-01 -2.721345e-02
1.358730e-01 -2.735462e-02
1.374479e-01 -2.749742e-02
1.390411e-01 -2.764188e-02
1.406527e-01 -2.778801e-02
1.422830e-01 -2.793583e-02
1.439323e-01 -2.808537e-02
1.456006e-01 -2.823109e-02
1.472883e-01 -2.837355e-02
1.489955e-01 -2.851765e-02
1.507225e-01 -2.866342e-02
1.524696e-01 -2.881088e-02
1.542369e-01 -2.896005e-02
1.560246e-01 -2.911096e-02
1.578331e-01 -2.926360e-02
1.596626e-01 -2.941802e-02
1.615133e-01 -2.957423e-02
1.633854e-01 -2.973225e-02
1.652792e-01 -2.989210e-02
1.671950e-01 -3.005381e-02
1.691330e-01 -3.021739e-02
1.710934e-01 -3.038286e-02
1.730766e-01 -3.055025e-02
1.750827e-01 -3.071959e-02
1.771121e-01 -3.089088e-02
1.791650e-01 -3.106416e-02
1.812418e-01 -3.123945e-02
1.833425e-01 -3.141677e-02
1.854677e-01 -3.159615e-02
1.876175e-01 -3.177760e-02
1.897922e-01 -3.196116e-02
1.919921e-01 -3.214685e-02
1.942175e-01 -3.233469e-02
1.964687e-01 -3.252471e-02
1.987460e-01 -3.271692e-02
2.010496e-01 -3.291137e-02
2.033800e-01 -3.302804e-02
2.057374e-01 -3.307071e-02
2.081222e-01 -3.311388e-02
2.105345e-01 -3.315755e-02
2.129749e-01 -3.320173e-02
2.154435e-01 -3.324641e-02
2.179407e-01 -3.329162e-02
2.204669e-01 -3.333735e-02
2.230223e-01 -3.338360e-02
2.256074e-01 -3.343040e-02
2.282224e-01 -3.347774e-02
2.308678e-01 -3.352562e-02
2.335438e-01 -3.357406e-02
2.362508e-01 -3.362307e-02
2.389893e-01 -3.367264e-02
2.417594e-01 -3.372278e-02
2.445617e-01 -3.377351e-02
2.473964e-01 -3.382482e-02
2.502640e-01 -3.387673e-02
2.531648e-01 -3.392924e-02
2.560993e-01 -3.398236e-02
2.590678e-01 -3.403610e-02
2.620707e-01 -3.409046e-02
2.651084e-01 -3.414545e-02
2.681813e-01 -3.420107e-02
2.712898e-01 -3.425734e-02
2.744343e-01 -3.431426e-02
2.776153e-01 -3.437185e-02
2.808332e-01 -3.443010e-02
2.840884e-01 -3.446457e-02
2.873813e-01 -3.442281e-02
2.907123e-01 -3.438057e-02
2.940820e-01 -3.433783e-02
2.974908e-01 -3.429461e-02
3.009390e-01 -3.425088e-02
3.044272e-01 -3.420665e-02
3.079559e-01 -3.416190e-02
3.115254e-01 -3.411663e-02
3.151363e-01 -3.407084e-02
3.187891e-01 -3.402452e-02
3.224842e-01 -3.397766e-02
3.262222e-01 -3.393026e-02
3.300035e-01 -3.388231e-02
3.338286e-01 -3.383380e-02
3.376980e-01 -3.378473e-02
3.416123e-01 -3.373510e-02
3.455720e-01 -3.368488e-02
3.495776e-01 -3.363409e-02
3.536296e-01 -3.358270e-02
3.577285e-01 -3.353072e-02
3.618750e-01 -3.347814e-02
3.660695e-01 -3.342495e-02
3.703127e-01 -3.337114e-02
3.746050e-01 -3.331671e-02
3.789471e-01 -3.326165e-02
3.833395e-01 -3.320595e-02
3.877828e-01 -3.314960e-02
3.922777e-01 -3.309260e-02
3.968246e-01 -3.303311e-02
4.014242e-01 -3.293457e-02
4.060772e-01 -3.283489e-02
4.107841e-01 -3.273405e-02
4.155455e-01 -3.263204e-02
4.203622e-01 -3.252885e-02
4.252346e-01 -3.242447e-02
4.301636e-01 -3.231887e-02
4.351497e-01 -3.221205e-02
4.401935e-01 -3.210399e-02
4.452959e-01 -3.199468e-02
4.504573e-01 -3.188410e-02
4.556786e-01 -3.177225e-02
4.609604e-01 -3.165909e-02
4.663035e-01 -3.154462e-02
4.717085e-01 -3.142883e-02
4.771761e-01 -3.131169e-02
4.827071e-01 -3.119320e-02
4.883022e-01 -3.107333e-02
4.939622e-01 -3.095207e-02
4.996877e-01 -3.082941e-02
5.054797e-01 -3.070533e-02
5.113388e-01 -3.057980e-02
5.172657e-01 -3.045283e-02
5.232614e-01 -3.032438e-02
5.293266e-01 -3.019444e-02
5.354621e-01 -3.006299e-02
5.416687e-01 -2.993003e-02
5.479472e-01 -2.979552e-02
5.542986e-01 -2.965945e-02
5.607235e-01 -2.953622e-02
5.672229e-01 -2.941373e-02
5.737976e-01 -2.928982e-02
5.804486e-01 -2.916448e-02
5.871766e-01 -2.903768e-02
5.939827e-01 -2.890942e-02
6.008676e-01 -2.877966e-02
6.078323e-01 -2.864840e-02
6.148778e-01 -2.851562e-02
6.220049e-01 -2.838131e-02
6.292146e-01 -2.824543e-02
6.365079e-01 -2.810798e-02
6.438857e-01 -2.796894e-02
6.513491e-01 -2.782828e-02
6.588990e-01 -2.768600e-02
6.665363e-01 -2.754206e-02
6.742622e-01 -2.739646e-02
6.820777e-01 -2.724917e-02
6.899837e-01 -2.710017e-02
6.979814e-01 -2.694945e-02
7.060718e-01 -2.679697e-02
7.142559e-01 -2.664273e-02
7.225349e-01 -2.648671e-02
7.309099e-01 -2.632887e-02
7.393820e-01 -2.616921e-02
7.479523e-01 -2.600769e-02
7.566219e-01 -2.584430e-02
7.653919e-01 -2.567902e-02
7.742637e-01 -2.551182e-02
7.832383e-01 -2.537592e-02
7.923169e-01 -2.525600e-02
8.015007e-01 -2.513468e-02
8.107910e-01 -2.501196e-02
8.201889e-01 -2.488781e-02
8.296959e-01 -2.476223e-02
8.393129e-01 -2.463519e-02
8.490415e-01 -2.450667e-02
8.588829e-01 -2.437667e-02
8.688383e-01 -2.424516e-02
8.789091e-01 -2.411213e-02
8.890966e-01 -2.397755e-02
8.994022e-01 -2.384142e-02
9.098273e-01 -2.370371e-02
9.203732e-01 -2.356440e-02
9.310413e-01 -2.342347e-02
9.418332e-01 -2.328091e-02
9.527500e-01 -2.313670e-02
9.637935e-01 -2.299082e-02
9.749649e-01 -2.284325e-02
9.862658e-01 -2.269397e-02
9.976978e-01 -2.254295e-02
1.009262e+00 -2.239019e-02
1.020961e+00 -2.223565e-02
1.032795e+00 -2.207933e-02
1.044766e+00 -2.192119e-02
1.056876e+00 -2.176122e-02
1.069126e+00 -2.159939e-02
1.081519e+00 -2.143569e-02
1.094055e+00 -2.131340e-02
1.106736e+00 -2.124138e-02
1.119564e+00 -2.116852e-02
1.132541e+00 -2.109482e-02
1.145669e+00 -2.102027e-02
1.158948e+00 -2.094485e-02
1.172382e+00 -2.086855e-02
1.185971e+00 -2.079138e-02
1.199718e+00 -2.071330e-02
1.213624e+00 -2.063433e-02
1.227691e+00 -2.055443e-02
1.241921e+00 -2.047362e-02
1.256317e+00 -2.039186e-02
1.270879e+00 -2.030916e-02
1.285610e+00 -2.022550e-02
1.300511e+00 -2.014086e-02
1.315586e+00 -2.005525e-02
1.330835e+00 -1.996865e-02
1.346261e+00 -1.988104e-02
1.361865e+00 -1.979241e-02
1.377651e+00 -1.970276e-02
1.393619e+00 -1.961207e-02
1.409773e+00 -1.952033e-02
1.426114e+00 -1.942753e-02
1.442644e+00 -1.933365e-02
1.459366e+00 -1.923868e-02
1.476281e+00 -1.914261e-02
1.493393e+00 -1.904542e-02
1.510703e+00 -1.894711e-02
1.528214e+00 -1.887310e-02
1.545928e+00 -1.886957e-02
1.563847e+00 -1.886600e-02
1.581973e+00 -1.886238e-02
1.600310e+00 -1.885873e-02
1.618860e+00 -1.885503e-02
1.637624e+00 -1.885129e-02
1.656606e+00 -1.884750e-02
1.675808e+00 -1.884368e-02
1.695232e+00 -1.883980e-02
1.714882e+00 -1.883589e-02
1.734759e+00 -1.883192e-02
1.754867e+00 -1.882791e-02
1.775208e+00 -1.882386e-02
1.795785e+00 -1.881976e-02
1.816600e+00 -1.881561e-02
1.837656e+00 -1.881141e-02
1.858957e+00 -1.880716e-02
1.880504e+00 -1.880286e-02
1.902301e+00 -1.879852e-02
1.924351e+00 -1.879412e-02
1.946656e+00 -1.878968e-02
1.969220e+00 -1.878518e-02
1.992046e+00 -1.878063e-02
2.015136e+00 -1.877602e-02
2.038493e+00 -1.877137e-02
2.062122e+00 -1.876665e-02
2.086024e+00 -1.876189e-02
2.110203e+00 -1.872559e-02
2.134663e+00 -1.868597e-02
2.159406e+00 -1.864588e-02
2.184436e+00 -1.860533e-02
2.209756e+00 -1.856430e-02
2.235370e+00 -1.852281e-02
2.261280e+00 -1.848083e-02
2.287491e+00 -1.843836e-02
2.314005e+00 -1.839540e-02
2.340827e+00 -1.835195e-02
2.367960e+00 -1.830799e-02
2.395407e+00 -1.826352e-02
2.423173e+00 -1.821854e-02
2.451260e+00 -1.817303e-02
2.479673e+00 -1.812700e-02
2.508415e+00 -1.808043e-02
2.537490e+00 -1.803332e-02
2.566903e+00 -1.798567e-02
2.596656e+00 -1.793747e-02
2.626754e+00 -1.788870e-02
2.657201e+00 -1.783937e-02
2.688001e+00 0.000000e+00
2.719158e+00 0.000000e+00
2.750676e+00 0.000000e+00
2.782559e+00 0.000000e+00
2.814812e+00 0.000000e+00
2.847439e+00 0.000000e+00
2.880444e+00 0.000000e+00
2.913832e+00 0.000000e+00
2.947606e+00 0.000000e+00
2.981772e+00 0.000000e+00
3.016334e+00 0.000000e+00
3.051297e+00 0.000000e+00
3.086665e+00 0.000000e+00
3.122443e+00 0.000000e+00
3.158635e+00 0.000000e+00
3.195248e+00 0.000000e+00
3.232284e+00 0.000000e+00
3.269750e+00 0.000000e+00
3.307650e+00 0.000000e+00
3.345989e+00 0.000000e+00
3.384773e+00 0.000000e+00
3.424006e+00 0.000000e+00
3.463694e+00 0.000000e+00
3.503842e+00 0.000000e+00
3.544456e+00 0.000000e+00
3.585540e+00 0.000000e+00
3.627100e+00 0.000000e+00
3.669142e+00 0.000000e+00
3.711672e+00 0.000000e+00
3.754694e+00 0.000000e+00
3.798215e+00 0.000000e+00
3.842241e+00 0.000000e+00
3.886777e+00 0.000000e+00
3.931829e+00 0.000000e+00
3.977403e+00 0.000000e+00
4.023506e+00 0.000000e+00
4.070142e+00 0.000000e+00
4.117320e+00 0.000000e+00
4.165044e+00 0.000000e+00
4.213322e+00 0.000000e+00
4.262159e+00 0.000000e+00
4.311562e+00 0.000000e+00
4.361538e+00 0.000000e+00
4.412093e+00 0.000000e+00
4.463234e+00 0.000000e+00
4.514968e+00 0.000000e+00
4.567301e+00 0.000000e+00
4.620241e+00 0.000000e+00
4.673795e+00 0.000000e+00
4.727970e+00 0.000000e+00
4.782772e+00 0.000000e+00
4.838210e+00 0.000000e+00
4.894290e+00 0.000000e+00
4.951020e+00 0.000000e+00
5.008408e+00 0.000000e+00
5.066461e+00 0.000000e+00
5.125187e+00 0.000000e+00
5.184594e+00 0.000000e+00
5.244689e+00 0.000000e+00
5.305481e+00 0.000000e+00
5.366977e+00 0.000000e+00
5.429186e+00 0.000000e+00
5.492116e+00 0.000000e+00
5.555776e+00 0.000000e+00
5.620174e+00 0.000000e+00
5.685318e+00 0.000000e+00
5.751217e+00 0.000000e+00
5.817880e+00 0.000000e+00
5.885316e+00 0.000000e+00
5.953533e+00 0.000000e+00
6.022541e+00 0.000000e+00
6.092349e+00 0.000000e+00
6.162966e+00 0.000000e+00
6.234402e+00 0.000000e+00
6.306666e+00 0.000000e+00
6.379767e+00 0.000000e+00
6.453715e+00 0.000000e+00
6.528521e+00 0.000000e+00
6.604194e+00 0.000000e+00
6.680744e+00 0.000000e+00
6.758181e+00 0.000000e+00
6.836516e+00 0.000000e+00
6.915759e+00 0.000000e+00
6.995920e+00 0.000000e+00
7.077011e+00 0.000000e+00
7.159041e+00 0.000000e+00
7.242022e+00 0.000000e+00
7.325965e+00 0.000000e+00
7.410882e+00 0.000000e+00
7.496782e+00 0.000000e+00
7.583678e+00 0.000000e+00
7.671581e+00 0.000000e+00
7.760503e+00 0.000000e+00
7.850456e+00 0.000000e+00
7.941452e+00 0.000000e+00
8.033502e+00 0.000000e+00
8.126619e+00 0.000000e+00
8.220816e+00 0.000000e+00
8.316104e+00 0.000000e+00
8.412497e+00 0.000000e+00
8.510007e+00 0.000000e+00
8.608648e+00 0.000000e+00
8.708431e+00 0.000000e+00
8.809372e+00 0.000000e+00
8.911482e+00 0.000000e+00
9.014776e+00 0.000000e+00
9.119268e+00 0.000000e+00
9.224970e+00 0.000000e+00
9.331898e+00 0.000000e+00
9.440065e+00 0.000000e+00
9.549486e+00 0.000000e+00
9.660175e+00 0.000000e+00
9.772147e+00 0.000000e+00
9.885417e+00 0.000000e+00
1.000000e+01 0.000000e+00
