# Matter power spectrum P(k) at redshift z=5.5
# for k=1.04575e-05 to 1006.15 h/Mpc,
# number of wavenumbers equal to 625
#    1:k (h/Mpc)              2:P (Mpc/h)^3        
       1.045749810485e-05       1.898832394520e+00 
       2.373043761528e-05       4.209744918038e+00 
       3.705205197341e-05       6.486592571494e+00 
       5.046040160262e-05       8.751173628905e+00 
       6.399420676399e-05       1.101664988141e+01 
       7.769321405898e-05       1.329329269139e+01 
       9.159857522556e-05       1.559013410364e+01 
       1.057532435558e-04       1.791566211395e+01 
       1.202023933008e-04       2.027818898804e+01 
       1.349938674647e-04       2.268608364096e+01 
       1.501786593808e-04       2.514793999490e+01 
       1.658114333596e-04       2.767271404512e+01 
       1.819510894196e-04       3.026984505511e+01 
       1.986613765579e-04       3.294936995671e+01 
       2.160115580438e-04       3.572203551074e+01 
       2.340771306401e-04       3.859941071682e+01 
       2.529405972213e-04       4.159400065611e+01 
       2.726922886571e-04       4.471936203741e+01 
       2.934312256600e-04       4.799021820235e+01 
       3.152660040981e-04       5.142257123543e+01 
       3.383156775180e-04       5.503380644885e+01 
       3.627105977775e-04       5.884278211087e+01 
       3.885931583209e-04       6.286989476360e+01 
       4.161183645581e-04       6.713710792353e+01 
       4.454541324261e-04       7.166792710618e+01 
       4.767811907995e-04       7.648730263029e+01 
       5.102924387431e-04       8.162143495356e+01 
       5.461915893473e-04       8.709745953339e+01 
       5.846909251320e-04       9.294298472779e+01 
       6.260080050474e-04       9.918546441812e+01 
       6.703612104985e-04       1.058513916531e+02 
       7.179641068864e-04       1.129653225759e+02 
       7.690187318622e-04       1.205487570839e+02 
       8.237080952403e-04       1.286189385586e+02 
       8.821883665213e-04       1.371876572786e+02 
       9.445813962622e-04       1.462601728179e+02 
       1.010968318642e-03       1.558343811184e+02 
       1.081384969221e-03       1.659003378485e+02 
       1.155819700313e-03       1.764402211932e+02 
       1.234213899658e-03       1.874287646611e+02 
       1.316465168833e-03       1.988341218240e+02 
       1.402432774394e-03       2.106190754199e+02 
       1.491944724558e-03       2.227424661653e+02 
       1.584805697329e-03       2.351606828847e+02 
       1.680805061300e-03       2.478290876778e+02 
       1.779724358910e-03       2.607032849395e+02 
       1.881343813733e-03       2.737401514165e+02 
       1.985447627100e-03       2.868986090537e+02 
       2.091828006459e-03       3.001401640898e+02 
       2.200287998256e-03       3.134292171629e+02 
       2.310643277916e-03       3.267327786172e+02 
       2.422723085604e-03       3.400217066505e+02 
       2.536370500476e-03       3.532695393405e+02 
       2.651442230081e-03       3.664525958026e+02 
       2.767808065318e-03       3.795498667044e+02 
       2.885350122018e-03       3.925428652213e+02 
       3.003961962113e-03       4.054153607964e+02 
       3.123547662764e-03       4.181532780480e+02 
       3.244020881646e-03       4.307444467060e+02 
       3.365303950641e-03       4.431784280233e+02 
       3.487327018288e-03       4.554463455190e+02 
       3.610027252458e-03       4.675407012875e+02 
       3.733348108622e-03       4.794553030085e+02 
       3.857238664757e-03       4.911849546129e+02 
       3.981653021215e-03       5.027254382348e+02 
       4.106549762154e-03       5.140734569522e+02 
       4.231891474164e-03       5.252262980283e+02 
       4.357644317282e-03       5.361821195035e+02 
       4.483777643502e-03       5.469394227819e+02 
       4.610263657980e-03       5.574974605358e+02 
       4.737077118433e-03       5.678557179159e+02 
       4.864195068510e-03       5.780142234930e+02 
       4.991596601329e-03       5.879733992535e+02 
       5.119262649698e-03       5.977337751013e+02 
       5.247175799933e-03       6.072964401966e+02 
       5.375320126495e-03       6.166623995803e+02 
       5.503681045008e-03       6.258330629121e+02 
       5.632245181484e-03       6.348101190304e+02 
       5.761000255846e-03       6.435951126614e+02 
       5.889934978076e-03       6.521898752669e+02 
       6.019038955502e-03       6.605963125009e+02 
       6.148302609931e-03       6.688163486239e+02 
       6.277717103485e-03       6.768521455196e+02 
       6.407274272154e-03       6.847059570948e+02 
       6.536966566162e-03       6.923796565668e+02 
       6.666786996400e-03       6.998756594074e+02 
       6.796729086234e-03       7.071960895825e+02 
       6.926786828089e-03       7.143432648000e+02 
       7.056954644300e-03       7.213196654042e+02 
       7.187227351743e-03       7.281274705628e+02 
       7.317600129859e-03       7.347688951296e+02 
       7.448068491705e-03       7.412462912371e+02 
       7.578628257697e-03       7.475620468964e+02 
       7.709275531791e-03       7.537180954647e+02 
       7.840006679834e-03       7.597173389432e+02 
       7.970818309857e-03       7.655615660737e+02 
       8.101707254141e-03       7.712527507462e+02 
       8.232670552846e-03       7.767936075753e+02 
       8.363705439076e-03       7.821862948127e+02 
       8.494809325229e-03       7.874325003328e+02 
       8.625979790500e-03       7.925348675220e+02 
       8.757214569446e-03       7.974955424133e+02 
       8.888511541496e-03       8.023165607353e+02 
       9.019868721331e-03       8.069998753270e+02 
       9.151284250039e-03       8.115478330352e+02 
       9.282756386994e-03       8.159621906870e+02 
       9.414283502372e-03       8.202451468478e+02 
       9.545864070270e-03       8.243984697102e+02 
       9.677496662351e-03       8.284242092325e+02 
       9.809179941995e-03       8.323243573644e+02 
       9.940912658886e-03       8.361005109413e+02 
       1.007269364402e-02       8.397547255223e+02 
       1.020452180510e-02       8.432888367879e+02 
       1.033639612222e-02       8.467044712537e+02 
       1.046831564399e-02       8.500037019685e+02 
       1.060027948378e-02       8.531876536184e+02 
       1.073228681639e-02       8.562585345733e+02 
       1.086433687490e-02       8.592179047764e+02 
       1.099642894770e-02       8.620673273444e+02 
       1.112856237583e-02       8.648085492670e+02 
       1.126073655044e-02       8.674444252738e+02 
       1.139295091047e-02       8.699742572866e+02 
       1.152520494046e-02       8.724003654414e+02 
       1.165749816853e-02       8.747240925294e+02 
       1.178983016452e-02       8.769477638467e+02 
       1.192220053825e-02       8.790719651697e+02 
       1.205460893787e-02       8.810984135157e+02 
       1.218705504840e-02       8.830288392854e+02 
       1.231953859028e-02       8.848647235692e+02 
       1.245205931810e-02       8.866063562077e+02 
       1.258461701939e-02       8.882565762461e+02 
       1.271721151347e-02       8.898158410476e+02 
       1.284984265044e-02       8.912857097853e+02 
       1.298251031021e-02       8.926670024078e+02 
       1.311521440158e-02       8.939620863140e+02 
       1.324795486143e-02       8.951715811045e+02 
       1.338073165393e-02       8.962965793635e+02 
       1.351354476986e-02       8.973388583883e+02 
       1.364639422595e-02       8.982993499666e+02 
       1.377928006424e-02       8.991791428605e+02 
       1.391220235156e-02       8.999795728874e+02 
       1.404516117903e-02       9.007020372012e+02 
       1.417815666155e-02       9.013478300120e+02 
       1.431118893742e-02       9.019173205137e+02 
       1.444425816794e-02       9.024128390631e+02 
       1.457736453706e-02       9.028343383709e+02 
       1.471050825103e-02       9.031837185034e+02 
       1.484368953822e-02       9.034615285554e+02 
       1.497690864875e-02       9.036694225417e+02 
       1.511016585436e-02       9.038078622433e+02 
       1.524346144820e-02       9.038786877731e+02 
       1.537679574464e-02       9.038824955154e+02 
       1.551016907917e-02       9.038203643219e+02 
       1.564358180828e-02       9.036936056087e+02 
       1.577703430938e-02       9.035028920528e+02 
       1.591052698073e-02       9.032494986347e+02 
       1.604406024142e-02       9.029344245353e+02 
       1.617763453133e-02       9.025586586575e+02 
       1.631125031118e-02       9.021229557348e+02 
       1.644490806251e-02       9.016285424002e+02 
       1.657860828775e-02       9.010764063103e+02 
       1.671235151029e-02       9.004674846975e+02 
       1.684613827459e-02       8.998027506760e+02 
       1.697996914622e-02       8.990823601644e+02 
       1.711384471207e-02       8.983079986537e+02 
       1.724776558040e-02       8.974812959879e+02 
       1.738173238109e-02       8.966024439385e+02 
       1.751574576578e-02       8.956714609892e+02 
       1.764980640804e-02       8.946901979626e+02 
       1.778391500363e-02       8.936594138195e+02 
       1.791807227070e-02       8.925800793590e+02 
       1.805227895006e-02       8.914525770440e+02 
       1.818653580541e-02       8.902783659461e+02 
       1.832084362365e-02       8.890575988727e+02 
       1.845520321520e-02       8.877916001330e+02 
       1.858961541424e-02       8.864806404658e+02 
       1.872408107911e-02       8.851263242955e+02 
       1.885860109264e-02       8.837291103640e+02 
       1.899317636251e-02       8.822888946784e+02 
       1.912780782161e-02       8.808079009178e+02 
       1.926249642850e-02       8.792853067955e+02 
       1.939724316775e-02       8.777245469012e+02 
       1.953204905044e-02       8.761221502604e+02 
       1.966691511458e-02       8.744840071286e+02 
       1.980184242558e-02       8.728064032964e+02 
       1.993683207674e-02       8.710925761554e+02 
       2.007188518977e-02       8.693427965300e+02 
       2.020700291530e-02       8.675561642285e+02 
       2.034218643342e-02       8.657351716556e+02 
       2.047743695426e-02       8.638805440397e+02 
       2.061275571856e-02       8.619924292008e+02 
       2.074814399829e-02       8.600713190422e+02 
       2.088360309724e-02       8.581180330376e+02 
       2.101913435170e-02       8.561332421282e+02 
       2.115473913110e-02       8.541175402942e+02 
       2.129041883873e-02       8.520734846544e+02 
       2.142617491241e-02       8.499981917579e+02 
       2.156200882525e-02       8.478951539838e+02 
       2.169792208640e-02       8.457635945897e+02 
       2.183391624183e-02       8.436044217617e+02 
       2.196999287514e-02       8.414189951891e+02 
       2.210615360838e-02       8.392058591141e+02 
       2.224240010293e-02       8.369690832815e+02 
       2.237873406036e-02       8.347054259161e+02 
       2.251515722336e-02       8.324178308991e+02 
       2.265167137665e-02       8.301082632873e+02 
       2.278827834800e-02       8.277736966400e+02 
       2.292498000920e-02       8.254163863059e+02 
       2.306177827707e-02       8.230381209218e+02 
       2.319867511457e-02       8.206373352957e+02 
       2.333567253186e-02       8.182165263687e+02 
       2.347277258747e-02       8.157743630448e+02 
       2.360997738941e-02       8.133134696414e+02 
       2.374728909641e-02       8.108325234236e+02 
       2.388470991917e-02       8.083345364566e+02 
       2.402224212160e-02       8.058176349030e+02 
       2.415988802217e-02       8.032827998533e+02 
       2.429764999526e-02       8.007295280178e+02 
       2.443553047256e-02       7.981613554841e+02 
       2.457353194453e-02       7.955779615828e+02 
       2.471165696187e-02       7.929777909314e+02 
       2.484990813710e-02       7.903625822974e+02 
       2.498828814611e-02       7.877335329520e+02 
       2.512679972984e-02       7.850890023502e+02 
       2.526544569592e-02       7.824319361299e+02 
       2.540422892050e-02       7.797622709876e+02 
       2.554315234997e-02       7.770789926436e+02 
       2.568221900292e-02       7.743830957860e+02 
       2.582143197196e-02       7.716750439648e+02 
       2.596079442580e-02       7.689563795727e+02 
       2.610030961129e-02       7.662271492614e+02 
       2.623998085549e-02       7.634888082058e+02 
       2.637981156794e-02       7.607377082555e+02 
       2.651980524290e-02       7.579784561093e+02 
       2.665996546168e-02       7.552087391124e+02 
       2.680029589511e-02       7.524316285150e+02 
       2.694080030602e-02       7.496443497590e+02 
       2.708148255186e-02       7.468505625646e+02 
       2.722234658737e-02       7.440490466496e+02 
       2.736339646738e-02       7.412388853829e+02 
       2.750463634970e-02       7.384210173084e+02 
       2.764607049807e-02       7.355991874116e+02 
       2.778770328530e-02       7.327683024886e+02 
       2.792953919641e-02       7.299351919749e+02 
       2.807158283200e-02       7.270933669231e+02 
       2.821383891169e-02       7.242461003017e+02 
       2.835631227763e-02       7.213943742943e+02 
       2.849900789825e-02       7.185386943880e+02 
       2.864193087208e-02       7.156797045568e+02 
       2.878508643170e-02       7.128138681668e+02 
       2.892847994792e-02       7.099465651436e+02 
       2.907211693401e-02       7.070738135413e+02 
       2.921600305018e-02       7.042024244243e+02 
       2.936014410820e-02       7.013233809856e+02 
       2.950454607619e-02       6.984437181871e+02 
       2.964921508358e-02       6.955611898725e+02 
       2.979415742637e-02       6.926784318413e+02 
       2.993937957245e-02       6.897922592025e+02 
       3.008488816723e-02       6.869046814274e+02 
       3.023069003948e-02       6.840159416389e+02 
       3.037679220740e-02       6.811260567200e+02 
       3.052320188494e-02       6.782353368578e+02 
       3.066992648838e-02       6.753448896782e+02 
       3.081697364318e-02       6.724550965621e+02 
       3.096435119115e-02       6.695616210136e+02 
       3.111206719787e-02       6.666698425170e+02 
       3.126012996051e-02       6.637794958929e+02 
       3.140854801586e-02       6.608913879267e+02 
       3.155733014887e-02       6.580014435472e+02 
       3.170648540141e-02       6.551127876095e+02 
       3.185602308155e-02       6.522257115081e+02 
       3.200595277315e-02       6.493421133916e+02 
       3.215628434598e-02       6.464572204790e+02 
       3.230702796621e-02       6.435756002512e+02 
       3.245819410741e-02       6.406957372303e+02 
       3.260979356215e-02       6.378157123468e+02 
       3.276183745398e-02       6.349403520268e+02 
       3.291433725013e-02       6.320678215002e+02 
       3.306730477471e-02       6.291965878423e+02 
       3.322075222260e-02       6.263263013335e+02 
       3.337469217403e-02       6.234618053312e+02 
       3.352913760980e-02       6.206014872598e+02 
       3.368410192736e-02       6.177413676345e+02 
       3.383959895760e-02       6.148855343014e+02 
       3.399564298254e-02       6.120331726662e+02 
       3.415224875396e-02       6.091834835293e+02 
       3.430943151287e-02       6.063393378189e+02 
       3.446720701016e-02       6.034956662219e+02 
       3.462559152820e-02       6.006591303332e+02 
       3.478460190367e-02       5.978245235243e+02 
       3.494425555159e-02       5.949949755453e+02 
       3.510457049068e-02       5.921681143463e+02 
       3.526556537007e-02       5.893486057329e+02 
       3.542725949757e-02       5.865305600197e+02 
       3.558967286947e-02       5.837171886512e+02 
       3.575282620204e-02       5.809073223592e+02 
       3.591674096486e-02       5.781029376902e+02 
       3.608143941613e-02       5.753032491370e+02 
       3.624694463996e-02       5.725076946201e+02 
       3.641328058594e-02       5.697179159070e+02 
       3.658047211114e-02       5.669316308654e+02 
       3.674854502456e-02       5.641508529983e+02 
       3.691752613441e-02       5.613730623127e+02 
       3.708744329831e-02       5.586004202242e+02 
       3.725832547669e-02       5.558322600096e+02 
       3.743020278953e-02       5.530692339344e+02 
       3.760310657689e-02       5.503103231178e+02 
       3.777706946333e-02       5.475587396706e+02 
       3.795212542663e-02       5.448081715555e+02 
       3.812830987117e-02       5.420635998192e+02 
       3.830565970624e-02       5.393235520035e+02 
       3.848421342989e-02       5.365896862277e+02 
       3.866401121852e-02       5.338588540602e+02 
       3.884509502293e-02       5.311311648005e+02 
       3.902750867120e-02       5.284107079027e+02 
       3.921129797920e-02       5.256937188398e+02 
       3.939651086917e-02       5.229792519766e+02 
       3.958319749728e-02       5.202694397203e+02 
       3.977141039084e-02       5.175650658030e+02 
       3.996120459624e-02       5.148644020501e+02 
       4.015263783837e-02       5.121674655949e+02 
       4.034577069283e-02       5.094730681935e+02 
       4.054066677207e-02       5.067837912057e+02 
       4.073739292676e-02       5.040963553576e+02 
       4.093601946408e-02       5.014134101272e+02 
       4.113662038441e-02       4.987350549768e+02 
       4.133927363850e-02       4.960587006253e+02 
       4.154406140720e-02       4.933832798593e+02 
       4.175107040600e-02       4.907172788180e+02 
       4.196039221729e-02       4.880436333255e+02 
       4.217212365321e-02       4.853772308902e+02 
       4.238636715250e-02       4.827120752729e+02 
       4.260323121533e-02       4.800471736253e+02 
       4.282283088035e-02       4.773873367050e+02 
       4.304528824899e-02       4.747244714324e+02 
       4.327073306268e-02       4.720653025868e+02 
       4.349930333937e-02       4.694069054254e+02 
       4.373114607684e-02       4.667462330279e+02 
       4.396641803108e-02       4.640863909658e+02 
       4.420528657961e-02       4.614261416945e+02 
       4.444793068082e-02       4.587641454427e+02 
       4.469454194227e-02       4.561006734202e+02 
       4.494532581288e-02       4.534340846358e+02 
       4.520050291638e-02       4.507667751707e+02 
       4.546031054620e-02       4.480943195274e+02 
       4.572500434546e-02       4.454184928197e+02 
       4.599486019958e-02       4.427368575132e+02 
       4.627017637418e-02       4.400504525552e+02 
       4.655127593643e-02       4.373582526889e+02 
       4.683850950528e-02       4.346602401615e+02 
       4.713225838436e-02       4.319527148924e+02 
       4.743293814168e-02       4.292368446138e+02 
       4.774100271297e-02       4.265111164068e+02 
       4.805694912064e-02       4.237739562266e+02 
       4.838132291952e-02       4.210252992729e+02 
       4.871472450393e-02       4.182641119501e+02 
       4.905781643925e-02       4.154851225842e+02 
       4.941133201783e-02       4.126914280010e+02 
       4.977608528353e-02       4.098786031614e+02 
       5.015298282618e-02       4.070460190971e+02 
       5.054303771845e-02       4.041898533033e+02 
       5.094738605757e-02       4.013083983366e+02 
       5.136730668884e-02       3.984001865723e+02 
       5.180424483333e-02       3.954614623170e+02 
       5.225984052739e-02       3.924870517251e+02 
       5.273596301788e-02       3.894750539748e+02 
       5.323475255774e-02       3.864186743146e+02 
       5.375867142783e-02       3.833131402384e+02 
       5.431056648953e-02       3.801512589222e+02 
       5.489374616450e-02       3.769261699533e+02 
       5.551207544878e-02       3.736285053163e+02 
       5.617009337762e-02       3.702454586980e+02 
       5.687315818582e-02       3.667629162001e+02 
       5.762762604582e-02       3.631622732412e+02 
       5.844106924229e-02       3.594217993668e+02 
       5.932253797381e-02       3.555113233392e+02 
       6.028286471725e-02       3.513924346022e+02 
       6.133499760901e-02       3.470150696386e+02 
       6.249432323971e-02       3.423128475772e+02 
       6.377888977286e-02       3.371979350885e+02 
       6.520935658723e-02       3.315529678000e+02 
       6.680837282307e-02       3.252258843616e+02 
       6.859895815143e-02       3.180266052065e+02 
       7.060145446358e-02       3.097317034294e+02 
       7.282900509302e-02       3.001147487542e+02 
       7.528254764851e-02       2.890020351161e+02 
       7.794763165265e-02       2.763498231363e+02 
       8.079557122545e-02       2.623116920390e+02 
       8.378925639194e-02       2.472610021394e+02 
       8.689081350409e-02       2.317413493581e+02 
       9.006747864852e-02       2.163674509548e+02 
       9.329408122598e-02       2.017200078162e+02 
       9.655282505597e-02       1.882715286758e+02 
       9.983181243343e-02       1.763396358455e+02 
       1.031233738652e-01       1.660817366478e+02 
       1.064226786357e-01       1.575047810122e+02 
       1.097267276976e-01       1.504916420042e+02 
       1.130336756109e-01       1.448320033327e+02 
       1.163423928821e-01       1.402518735318e+02 
       1.196521903954e-01       1.364435389976e+02 
       1.229626484529e-01       1.330934548144e+02 
       1.262735116499e-01       1.299085312212e+02 
       1.295846245788e-01       1.266414581383e+02 
       1.328958926300e-01       1.231092052298e+02 
       1.362072581392e-01       1.192055031666e+02 
       1.395186858906e-01       1.149043279321e+02 
       1.428301543108e-01       1.102517059484e+02 
       1.461416501217e-01       1.053512508369e+02 
       1.494531650939e-01       1.003431900722e+02 
       1.527646940752e-01       9.538196930041e+01 
       1.560762337931e-01       9.061662416402e+01 
       1.593877821275e-01       8.617376190604e+01 
       1.626993376673e-01       8.214761259605e+01 
       1.660108994417e-01       7.859383411553e+01 
       1.693224667555e-01       7.552940100586e+01 
       1.726340390885e-01       7.293567327470e+01 
       1.759456160339e-01       7.076397504176e+01 
       1.792571972603e-01       6.894321224798e+01 
       1.825687824880e-01       6.738798974045e+01 
       1.858803714740e-01       6.600704892250e+01 
       1.891919640029e-01       6.472194156731e+01 
       1.925035598800e-01       6.344939080800e+01 
       1.958151589280e-01       6.211605119493e+01 
       1.991267609837e-01       6.067595924571e+01 
       2.024383658960e-01       5.910651523716e+01 
       2.057499735245e-01       5.740935676740e+01 
       2.090615837384e-01       5.560748183299e+01 
       2.123731964151e-01       5.373889083709e+01 
       2.156848114401e-01       5.184936534711e+01 
       2.189964287058e-01       4.998566566071e+01 
       2.223080481113e-01       4.818998684655e+01 
       2.256196695617e-01       4.649680461930e+01 
       2.289312929674e-01       4.493128391203e+01 
       2.322429182442e-01       4.350931663556e+01 
       2.355545453127e-01       4.223668547470e+01 
       2.388661740978e-01       4.111029646347e+01 
       2.421778045285e-01       4.011806301566e+01 
       2.454894365379e-01       3.923999326181e+01 
       2.488010700625e-01       3.845080282915e+01 
       2.521127050422e-01       3.772238975324e+01 
       2.554243414200e-01       3.702706186160e+01 
       2.587359791419e-01       3.634031816876e+01 
       2.620476181567e-01       3.564302372075e+01 
       2.653592584155e-01       3.492217881632e+01 
       2.686708998722e-01       3.417106436526e+01 
       2.719825424828e-01       3.338878800886e+01 
       2.752941862052e-01       3.257927542883e+01 
       2.786058309997e-01       3.175098617014e+01 
       2.819174768282e-01       3.091548324201e+01 
       2.852291236545e-01       3.008655779972e+01 
       2.885407714441e-01       2.927821980180e+01 
       2.918524201640e-01       2.850327943736e+01 
       2.951640697827e-01       2.777161716020e+01 
       2.984757202702e-01       2.708931957801e+01 
       3.017873715976e-01       2.645855007241e+01 
       3.050990237374e-01       2.587773482956e+01 
       3.084106766634e-01       2.534270069222e+01 
       3.117223303504e-01       2.484740742116e+01 
       3.150339847742e-01       2.438473218446e+01 
       3.183456399118e-01       2.394707609130e+01 
       3.216572957409e-01       2.352667215956e+01 
       3.249689522404e-01       2.311604835315e+01 
       3.282806093897e-01       2.270862335274e+01 
       3.315922671695e-01       2.229928564764e+01 
       3.349039255608e-01       2.188490356925e+01 
       3.382155845457e-01       2.146455646734e+01 
       3.415272441067e-01       2.103928930724e+01 
       3.448389042272e-01       2.061172202273e+01 
       3.481505648911e-01       2.018530501044e+01 
       3.514622260831e-01       1.976376015382e+01 
       3.547738877882e-01       1.935066984217e+01 
       3.580855499922e-01       1.894923634493e+01 
       3.613972126813e-01       1.856213289501e+01 
       3.647088758422e-01       1.819157918289e+01 
       3.680205394621e-01       1.783899185154e+01 
       3.713322035287e-01       1.750476997067e+01 
       3.746438680301e-01       1.718842230986e+01 
       3.779555329547e-01       1.688829141166e+01 
       3.812671982916e-01       1.660200431509e+01 
       3.845788640301e-01       1.632682597247e+01 
       3.878905301597e-01       1.606006829074e+01 
       3.912021966706e-01       1.579940915946e+01 
       3.945138635530e-01       1.554307962969e+01 
       3.978255307977e-01       1.528977996297e+01 
       4.011371983957e-01       1.503866476614e+01 
       4.044488663382e-01       1.478910904468e+01 
       4.077605346168e-01       1.454092684236e+01 
       4.110722032234e-01       1.429425404367e+01 
       4.143838721501e-01       1.404966404013e+01 
       4.176955413892e-01       1.380805013910e+01 
       4.210072109333e-01       1.357056043223e+01 
       4.243188807752e-01       1.333827690284e+01 
       4.276305509081e-01       1.311208571980e+01 
       4.309422213251e-01       1.289253050869e+01 
       4.342538920198e-01       1.267983214228e+01 
       4.375655629858e-01       1.247395707271e+01 
       4.408772342170e-01       1.227479194896e+01 
       4.441889057074e-01       1.208213229920e+01 
       4.475005774513e-01       1.189570829198e+01 
       4.508122494430e-01       1.171512067174e+01 
       4.541239216771e-01       1.153981658145e+01 
       4.574355941484e-01       1.136906145859e+01 
       4.607472668516e-01       1.120204040718e+01 
       4.640589397819e-01       1.103800967107e+01 
       4.673706129343e-01       1.087638880370e+01 
       4.706822863041e-01       1.071686749891e+01 
       4.739939598869e-01       1.055931696682e+01 
       4.773056336780e-01       1.040377246236e+01 
       4.806173076733e-01       1.025029068061e+01 
       4.839289818685e-01       1.009894449233e+01 
       4.872406562596e-01       9.949848409651e+00 
       4.905523308424e-01       9.803154606047e+00 
       4.938640056133e-01       9.659098640129e+00 
       4.971756805683e-01       9.517978538097e+00 
       5.004873557039e-01       9.380170497676e+00 
       5.037990310164e-01       9.245845089971e+00 
       5.071107065024e-01       9.115054241450e+00 
       5.104223821585e-01       8.987785252169e+00 
       5.137340579814e-01       8.863722841452e+00 
       5.170457339678e-01       8.742597147593e+00 
       5.203574101147e-01       8.624159745923e+00 
       5.236690864190e-01       8.508178345227e+00 
       5.269807628778e-01       8.394502703111e+00 
       5.302924394880e-01       8.282974960981e+00 
       5.336041162469e-01       8.173418121045e+00 
       5.369157931517e-01       8.065626148743e+00 
       5.402274701998e-01       7.959405441339e+00 
       5.435391473885e-01       7.854621089894e+00 
       5.468508247152e-01       7.751297464386e+00 
       5.501625021775e-01       7.649468892608e+00 
       5.534741797728e-01       7.549286828210e+00 
       5.567858574989e-01       7.450843142499e+00 
       5.600975353534e-01       7.354200579360e+00 
       5.634092133340e-01       7.259355587740e+00 
       5.667208914385e-01       7.166258574746e+00 
       5.700325696648e-01       7.074867117969e+00 
       5.733442480106e-01       6.985167202443e+00 
       5.766559264741e-01       6.897186146315e+00 
       5.799676050531e-01       6.810956992825e+00 
       5.832792837456e-01       6.726472292951e+00 
       5.865909625498e-01       6.643676351604e+00 
       5.899026414637e-01       6.562439196471e+00 
       5.932143204855e-01       6.482661767674e+00 
       5.965259996135e-01       6.404189600227e+00 
       5.998376788458e-01       6.326960877648e+00 
       6.031493581807e-01       6.250960542987e+00 
       6.064610376165e-01       6.176191962101e+00 
       6.097727171517e-01       6.102641271710e+00 
       6.130843967845e-01       6.030268034343e+00 
       6.163960765134e-01       5.959009908056e+00 
       6.197077563368e-01       5.888792524670e+00 
       6.230194362533e-01       5.819582953041e+00 
       6.263311162613e-01       5.751382569994e+00 
       6.296427963595e-01       5.684241561285e+00 
       6.329544765463e-01       5.618211646943e+00 
       6.362661568205e-01       5.553326087598e+00 
       6.395778371805e-01       5.489573782372e+00 
       6.428895176252e-01       5.426907214475e+00 
       6.462011981532e-01       5.365262515687e+00 
       6.495128787633e-01       5.304593819201e+00 
       6.528245594541e-01       5.244883218972e+00 
       6.561362402245e-01       5.186137807036e+00 
       6.594479210732e-01       5.128368678738e+00 
       6.627596019991e-01       5.071567059056e+00 
       6.660712830010e-01       5.015690617314e+00 
       6.693829640778e-01       4.960676642333e+00 
       6.726946452283e-01       4.906460180956e+00 
       6.760063264516e-01       4.852994443649e+00 
       6.793180077465e-01       4.800274036926e+00 
       6.826296891120e-01       4.748308999091e+00 
       6.859413705470e-01       4.697141005182e+00 
       6.892530520506e-01       4.646757779679e+00 
       6.925647336217e-01       4.597143133805e+00 
       6.958764152595e-01       4.548252790960e+00 
       6.991880969629e-01       4.500052511118e+00 
       7.024997787310e-01       4.452515226125e+00 
       7.058114605629e-01       4.405644371000e+00 
       7.091231424578e-01       4.359469188290e+00 
       7.124348244147e-01       4.314003232640e+00 
       7.157465064327e-01       4.269246766706e+00 
       7.190581885111e-01       4.225186076852e+00 
       7.223698706489e-01       4.181774198776e+00 
       7.256815528454e-01       4.138965841624e+00 
       7.289932350998e-01       4.096740658074e+00 
       7.323049174113e-01       4.055089803638e+00 
       7.356165997791e-01       4.014034446761e+00 
       7.389282822025e-01       3.973578727933e+00 
       7.422399646806e-01       3.933722086041e+00 
       7.455516472128e-01       3.894441215325e+00 
       7.488633297984e-01       3.855696406428e+00 
       7.521750124367e-01       3.817451388121e+00 
       7.554866951269e-01       3.779695756216e+00 
       8.198102721918e-01       3.139329580312e+00 
       9.096865378917e-01       2.473055184066e+00 
       1.048113480481e+00       1.780242692153e+00 
       1.272309008191e+00       1.127755106263e+00 
       1.594812285659e+00       6.564687789164e-01 
       2.007541292717e+00       3.748632230150e-01 
       2.527343447222e+00       2.122345885764e-01 
       3.181736888759e+00       1.192594783714e-01 
       4.005569422901e+00       6.655573012149e-02 
       5.042713135196e+00       3.691135076001e-02 
       6.348399710287e+00       2.035375665755e-02 
       7.992161719507e+00       1.116489249256e-02 
       1.006153548386e+01       6.094759176059e-03 
       1.266672270229e+01       3.312216299705e-03 
       1.594645909407e+01       1.792537842803e-03 
       2.007540258166e+01       9.663601263135e-04 
       2.527343446205e+01       5.190658356670e-04 
       3.181736888759e+01       2.778374510604e-04 
       4.005569422901e+01       1.482217553533e-04 
       5.042713135196e+01       7.880986224951e-05 
       6.348399710287e+01       4.176021450228e-05 
       7.992161719507e+01       2.204727181045e-05 
       1.006153548386e+02       1.159123284008e-05 
       1.266672270229e+02       6.063266441636e-06 
       1.594645909407e+02       3.151389272135e-06 
       2.007540258166e+02       1.624065689765e-06 
       2.527343446205e+02       8.275151782735e-07 
       3.181736888759e+02       4.154385909762e-07 
       4.005569422901e+02       2.048167292789e-07 
       5.042713135196e+02       9.908822506615e-08 
       6.348399710287e+02       4.726029266036e-08 
       7.992161719507e+02       2.245394358704e-08 
       1.006153548386e+03       1.071528151928e-08 
