# Matter power spectrum P(k) at redshift z=4
# for k=1.04575e-05 to 1006.15 h/Mpc,
# number of wavenumbers equal to 625
#    1:k (h/Mpc)              2:P (Mpc/h)^3        
       1.045749810485e-05       3.203422531800e+00 
       2.373043761528e-05       7.102039970844e+00 
       3.705205197341e-05       1.094317847545e+01 
       5.046040160262e-05       1.476360728951e+01 
       6.399420676399e-05       1.858552506863e+01 
       7.769321405898e-05       2.242625372532e+01 
       9.159857522556e-05       2.630102393407e+01 
       1.057532435558e-04       3.022414735097e+01 
       1.202023933008e-04       3.420963827973e+01 
       1.349938674647e-04       3.827160514048e+01 
       1.501786593808e-04       4.242453429517e+01 
       1.658114333596e-04       4.668352085802e+01 
       1.819510894196e-04       5.106447266824e+01 
       1.986613765579e-04       5.558430282152e+01 
       2.160115580438e-04       6.026111809892e+01 
       2.340771306401e-04       6.511440782978e+01 
       2.529405972213e-04       7.016523503641e+01 
       2.726922886571e-04       7.543643001108e+01 
       2.934312256600e-04       8.095278293542e+01 
       3.152660040981e-04       8.674123127583e+01 
       3.383156775180e-04       9.283103388394e+01 
       3.627105977775e-04       9.925391978648e+01 
       3.885931583209e-04       1.060441956041e+02 
       4.161183645581e-04       1.132387904996e+02 
       4.454541324261e-04       1.208772104531e+02 
       4.767811907995e-04       1.290013697485e+02 
       5.102924387431e-04       1.376552590526e+02 
       5.461915893473e-04       1.468844093990e+02 
       5.846909251320e-04       1.567351104157e+02 
       6.260080050474e-04       1.672533498540e+02 
       6.703612104985e-04       1.784834560492e+02 
       7.179641068864e-04       1.904664564690e+02 
       7.690187318622e-04       2.032382021962e+02 
       8.237080952403e-04       2.168273610908e+02 
       8.821883665213e-04       2.312534273174e+02 
       9.445813962622e-04       2.465249362226e+02 
       1.010968318642e-03       2.626380996452e+02 
       1.081384969221e-03       2.795760412924e+02 
       1.155819700313e-03       2.973087690220e+02 
       1.234213899658e-03       3.157939267269e+02 
       1.316465168833e-03       3.349782554698e+02 
       1.402432774394e-03       3.547996117574e+02 
       1.491944724558e-03       3.751893298346e+02 
       1.584805697329e-03       3.960746694280e+02 
       1.680805061300e-03       4.173811405025e+02 
       1.779724358910e-03       4.390345666887e+02 
       1.881343813733e-03       4.609627605043e+02 
       1.985447627100e-03       4.830967896189e+02 
       2.091828006459e-03       5.053718800884e+02 
       2.200287998256e-03       5.277279639999e+02 
       2.310643277916e-03       5.501092521635e+02 
       2.422723085604e-03       5.724663804790e+02 
       2.536370500476e-03       5.947545098513e+02 
       2.651442230081e-03       6.169335599030e+02 
       2.767808065318e-03       6.389679878505e+02 
       2.885350122018e-03       6.608266848592e+02 
       3.003961962113e-03       6.824823717026e+02 
       3.123547662764e-03       7.039114662645e+02 
       3.244020881646e-03       7.250936100369e+02 
       3.365303950641e-03       7.460113401292e+02 
       3.487327018288e-03       7.666497772596e+02 
       3.610027252458e-03       7.869963054763e+02 
       3.733348108622e-03       8.070404538846e+02 
       3.857238664757e-03       8.267733901232e+02 
       3.981653021215e-03       8.461879158678e+02 
       4.106549762154e-03       8.652783883438e+02 
       4.231891474164e-03       8.840401761930e+02 
       4.357644317282e-03       9.024701474209e+02 
       4.483777643502e-03       9.205657836426e+02 
       4.610263657980e-03       9.383258555423e+02 
       4.737077118433e-03       9.557495385861e+02 
       4.864195068510e-03       9.728369196832e+02 
       4.991596601329e-03       9.895887387067e+02 
       5.119262649698e-03       1.006005893358e+03 
       5.247175799933e-03       1.022090208163e+03 
       5.375320126495e-03       1.037843349897e+03 
       5.503681045008e-03       1.053267660180e+03 
       5.632245181484e-03       1.068365953278e+03 
       5.761000255846e-03       1.083140809304e+03 
       5.889934978076e-03       1.097595301516e+03 
       6.019038955502e-03       1.111732640400e+03 
       6.148302609931e-03       1.125556076617e+03 
       6.277717103485e-03       1.139069263829e+03 
       6.407274272154e-03       1.152276010873e+03 
       6.536966566162e-03       1.165179492882e+03 
       6.666786996400e-03       1.177783745670e+03 
       6.796729086234e-03       1.190092550939e+03 
       6.926786828089e-03       1.202109630753e+03 
       7.056954644300e-03       1.213839092793e+03 
       7.187227351743e-03       1.225284677459e+03 
       7.317600129859e-03       1.236450183456e+03 
       7.448068491705e-03       1.247339612700e+03 
       7.578628257697e-03       1.257957050451e+03 
       7.709275531791e-03       1.268305816089e+03 
       7.840006679834e-03       1.278390651695e+03 
       7.970818309857e-03       1.288214979798e+03 
       8.101707254141e-03       1.297782074620e+03 
       8.232670552846e-03       1.307096473448e+03 
       8.363705439076e-03       1.316161751486e+03 
       8.494809325229e-03       1.324980725613e+03 
       8.625979790500e-03       1.333557818690e+03 
       8.757214569446e-03       1.341896609175e+03 
       8.888511541496e-03       1.350000500144e+03 
       9.019868721331e-03       1.357872759633e+03 
       9.151284250039e-03       1.365517316700e+03 
       9.282756386994e-03       1.372937113831e+03 
       9.414283502372e-03       1.380135835063e+03 
       9.545864070270e-03       1.387116431627e+03 
       9.677496662351e-03       1.393882321384e+03 
       9.809179941995e-03       1.400438615651e+03 
       9.940912658886e-03       1.406785473554e+03 
       1.007269364402e-02       1.412926566573e+03 
       1.020452180510e-02       1.418865484263e+03 
       1.033639612222e-02       1.424604971051e+03 
       1.046831564399e-02       1.430148500382e+03 
       1.060027948378e-02       1.435497953448e+03 
       1.073228681639e-02       1.440657043442e+03 
       1.086433687490e-02       1.445628394339e+03 
       1.099642894770e-02       1.450414632540e+03 
       1.112856237583e-02       1.455018715733e+03 
       1.126073655044e-02       1.459442854368e+03 
       1.139295091047e-02       1.463690573750e+03 
       1.152520494046e-02       1.467763647923e+03 
       1.165749816853e-02       1.471664377244e+03 
       1.178983016452e-02       1.475396681427e+03 
       1.192220053825e-02       1.478961545549e+03 
       1.205460893787e-02       1.482361854430e+03 
       1.218705504840e-02       1.485600514925e+03 
       1.231953859028e-02       1.488680014772e+03 
       1.245205931810e-02       1.491600838918e+03 
       1.258461701939e-02       1.494367763254e+03 
       1.271721151347e-02       1.496981558132e+03 
       1.284984265044e-02       1.499444849562e+03 
       1.298251031021e-02       1.501759022914e+03 
       1.311521440158e-02       1.503928068768e+03 
       1.324795486143e-02       1.505953038440e+03 
       1.338073165393e-02       1.507835781580e+03 
       1.351354476986e-02       1.509579300048e+03 
       1.364639422595e-02       1.511185170438e+03 
       1.377928006424e-02       1.512655261362e+03 
       1.391220235156e-02       1.513991887853e+03 
       1.404516117903e-02       1.515197237917e+03 
       1.417815666155e-02       1.516273464391e+03 
       1.431118893742e-02       1.517221205957e+03 
       1.444425816794e-02       1.518044470167e+03 
       1.457736453706e-02       1.518743168217e+03 
       1.471050825103e-02       1.519320498931e+03 
       1.484368953822e-02       1.519777381716e+03 
       1.497690864875e-02       1.520116603576e+03 
       1.511016585436e-02       1.520338943575e+03 
       1.524346144820e-02       1.520447500148e+03 
       1.537679574464e-02       1.520443277703e+03 
       1.551016907917e-02       1.520328100938e+03 
       1.564358180828e-02       1.520104172141e+03 
       1.577703430938e-02       1.519772631384e+03 
       1.591052698073e-02       1.519335622299e+03 
       1.604406024142e-02       1.518794830735e+03 
       1.617763453133e-02       1.518151923118e+03 
       1.631125031118e-02       1.517408174718e+03 
       1.644490806251e-02       1.516565646689e+03 
       1.657860828775e-02       1.515626005933e+03 
       1.671235151029e-02       1.514590828643e+03 
       1.684613827459e-02       1.513461760729e+03 
       1.697996914622e-02       1.512239065398e+03 
       1.711384471207e-02       1.510925578100e+03 
       1.724776558040e-02       1.509524048026e+03 
       1.738173238109e-02       1.508034793907e+03 
       1.751574576578e-02       1.506457854314e+03 
       1.764980640804e-02       1.504796343996e+03 
       1.778391500363e-02       1.503051546046e+03 
       1.791807227070e-02       1.501225092207e+03 
       1.805227895006e-02       1.499317629658e+03 
       1.818653580541e-02       1.497331618135e+03 
       1.832084362365e-02       1.495267314596e+03 
       1.845520321520e-02       1.493126952388e+03 
       1.858961541424e-02       1.490910987796e+03 
       1.872408107911e-02       1.488622122932e+03 
       1.885860109264e-02       1.486261135052e+03 
       1.899317636251e-02       1.483827848642e+03 
       1.912780782161e-02       1.481326009514e+03 
       1.926249642850e-02       1.478754235307e+03 
       1.939724316775e-02       1.476118309012e+03 
       1.953204905044e-02       1.473412395081e+03 
       1.966691511458e-02       1.470646400694e+03 
       1.980184242558e-02       1.467814085311e+03 
       1.993683207674e-02       1.464920890065e+03 
       2.007188518977e-02       1.461967284370e+03 
       2.020700291530e-02       1.458951748150e+03 
       2.034218643342e-02       1.455878478603e+03 
       2.047743695426e-02       1.452748698900e+03 
       2.061275571856e-02       1.449562654861e+03 
       2.074814399829e-02       1.446321182605e+03 
       2.088360309724e-02       1.443025658159e+03 
       2.101913435170e-02       1.439677212348e+03 
       2.115473913110e-02       1.436276848432e+03 
       2.129041883873e-02       1.432828865660e+03 
       2.142617491241e-02       1.429328416678e+03 
       2.156200882525e-02       1.425781374566e+03 
       2.169792208640e-02       1.422186438742e+03 
       2.183391624183e-02       1.418545131842e+03 
       2.196999287514e-02       1.414859743730e+03 
       2.210615360838e-02       1.411127830151e+03 
       2.224240010293e-02       1.407356228352e+03 
       2.237873406036e-02       1.403539491708e+03 
       2.251515722336e-02       1.399682573313e+03 
       2.265167137665e-02       1.395788770590e+03 
       2.278827834800e-02       1.391852997991e+03 
       2.292498000920e-02       1.387879052079e+03 
       2.306177827707e-02       1.383869930374e+03 
       2.319867511457e-02       1.379823006427e+03 
       2.333567253186e-02       1.375742481779e+03 
       2.347277258747e-02       1.371626111939e+03 
       2.360997738941e-02       1.367478304865e+03 
       2.374728909641e-02       1.363296847055e+03 
       2.388470991917e-02       1.359086796653e+03 
       2.402224212160e-02       1.354844998205e+03 
       2.415988802217e-02       1.350573102307e+03 
       2.429764999526e-02       1.346270269237e+03 
       2.443553047256e-02       1.341942433885e+03 
       2.457353194453e-02       1.337589055535e+03 
       2.471165696187e-02       1.333207532302e+03 
       2.484990813710e-02       1.328800779480e+03 
       2.498828814611e-02       1.324370800226e+03 
       2.512679972984e-02       1.319914833326e+03 
       2.526544569592e-02       1.315437846401e+03 
       2.540422892050e-02       1.310939723971e+03 
       2.554315234997e-02       1.306418763613e+03 
       2.568221900292e-02       1.301876630374e+03 
       2.582143197196e-02       1.297314120846e+03 
       2.596079442580e-02       1.292733792638e+03 
       2.610030961129e-02       1.288135770456e+03 
       2.623998085549e-02       1.283522465065e+03 
       2.637981156794e-02       1.278887739415e+03 
       2.651980524290e-02       1.274239377462e+03 
       2.665996546168e-02       1.269573452860e+03 
       2.680029589511e-02       1.264895147638e+03 
       2.694080030602e-02       1.260199793113e+03 
       2.708148255186e-02       1.255493529473e+03 
       2.722234658737e-02       1.250774327577e+03 
       2.736339646738e-02       1.246040649913e+03 
       2.750463634970e-02       1.241294054920e+03 
       2.764607049807e-02       1.236540840826e+03 
       2.778770328530e-02       1.231772454002e+03 
       2.792953919641e-02       1.227000380187e+03 
       2.807158283200e-02       1.222213704074e+03 
       2.821383891169e-02       1.217417931975e+03 
       2.835631227763e-02       1.212614721888e+03 
       2.849900789825e-02       1.207804915374e+03 
       2.864193087208e-02       1.202989591547e+03 
       2.878508643170e-02       1.198162821015e+03 
       2.892847994792e-02       1.193333654803e+03 
       2.907211693401e-02       1.188495356429e+03 
       2.921600305018e-02       1.183659435776e+03 
       2.936014410820e-02       1.178810695563e+03 
       2.950454607619e-02       1.173960978564e+03 
       2.964921508358e-02       1.169106492894e+03 
       2.979415742637e-02       1.164251696101e+03 
       2.993937957245e-02       1.159391239362e+03 
       3.008488816723e-02       1.154528472643e+03 
       3.023069003948e-02       1.149663813095e+03 
       3.037679220740e-02       1.144797301367e+03 
       3.052320188494e-02       1.139929444437e+03 
       3.066992648838e-02       1.135062139434e+03 
       3.081697364318e-02       1.130195980037e+03 
       3.096435119115e-02       1.125323726550e+03 
       3.111206719787e-02       1.120454388566e+03 
       3.126012996051e-02       1.115587529625e+03 
       3.140854801586e-02       1.110724507000e+03 
       3.155733014887e-02       1.105858471783e+03 
       3.170648540141e-02       1.100994674689e+03 
       3.185602308155e-02       1.096133612118e+03 
       3.200595277315e-02       1.091278476949e+03 
       3.215628434598e-02       1.086421240517e+03 
       3.230702796621e-02       1.081569583700e+03 
       3.245819410741e-02       1.076720960910e+03 
       3.260979356215e-02       1.071872150811e+03 
       3.276183745398e-02       1.067031248654e+03 
       3.291433725013e-02       1.062195185518e+03 
       3.306730477471e-02       1.057361393599e+03 
       3.322075222260e-02       1.052529277395e+03 
       3.337469217403e-02       1.047706957508e+03 
       3.352913760980e-02       1.042891758773e+03 
       3.368410192736e-02       1.038076973116e+03 
       3.383959895760e-02       1.033269476192e+03 
       3.399564298254e-02       1.028467899541e+03 
       3.415224875396e-02       1.023670903011e+03 
       3.430943151287e-02       1.018883305096e+03 
       3.446720701016e-02       1.014096590264e+03 
       3.462559152820e-02       1.009321947857e+03 
       3.478460190367e-02       1.004550645139e+03 
       3.494425555159e-02       9.997879316923e+02 
       3.510457049068e-02       9.950298213943e+02 
       3.526556537007e-02       9.902841529893e+02 
       3.542725949757e-02       9.855410316424e+02 
       3.558967286947e-02       9.808058449247e+02 
       3.575282620204e-02       9.760766507436e+02 
       3.591674096486e-02       9.713567587014e+02 
       3.608143941613e-02       9.666448505537e+02 
       3.624694463996e-02       9.619399794209e+02 
       3.641328058594e-02       9.572449043087e+02 
       3.658047211114e-02       9.525557947982e+02 
       3.674854502456e-02       9.478760235886e+02 
       3.691752613441e-02       9.432013686093e+02 
       3.708744329831e-02       9.385354418376e+02 
       3.725832547669e-02       9.338771422971e+02 
       3.743020278953e-02       9.292275552349e+02 
       3.760310657689e-02       9.245849736129e+02 
       3.777706946333e-02       9.199547812741e+02 
       3.795212542663e-02       9.153263809087e+02 
       3.812830987117e-02       9.107081489189e+02 
       3.830565970624e-02       9.060975847129e+02 
       3.848421342989e-02       9.014974818851e+02 
       3.866401121852e-02       8.969025621286e+02 
       3.884509502293e-02       8.923129994824e+02 
       3.902750867120e-02       8.877356426325e+02 
       3.921129797920e-02       8.831641813422e+02 
       3.939651086917e-02       8.785970372486e+02 
       3.958319749728e-02       8.740377556412e+02 
       3.977141039084e-02       8.694876704076e+02 
       3.996120459624e-02       8.649438641088e+02 
       4.015263783837e-02       8.604063772444e+02 
       4.034577069283e-02       8.558731966007e+02 
       4.054066677207e-02       8.513486505017e+02 
       4.073739292676e-02       8.468272307802e+02 
       4.093601946408e-02       8.423133751776e+02 
       4.113662038441e-02       8.378072635131e+02 
       4.133927363850e-02       8.333045292159e+02 
       4.154406140720e-02       8.288033659565e+02 
       4.175107040600e-02       8.243180429345e+02 
       4.196039221729e-02       8.198198684777e+02 
       4.217212365321e-02       8.153338534745e+02 
       4.238636715250e-02       8.108499324780e+02 
       4.260323121533e-02       8.063664151141e+02 
       4.282283088035e-02       8.018913852849e+02 
       4.304528824899e-02       7.974112374041e+02 
       4.327073306268e-02       7.929372732164e+02 
       4.349930333937e-02       7.884645747616e+02 
       4.373114607684e-02       7.839880024758e+02 
       4.396641803108e-02       7.795127971364e+02 
       4.420528657961e-02       7.750368545353e+02 
       4.444793068082e-02       7.705579348277e+02 
       4.469454194227e-02       7.660764890420e+02 
       4.494532581288e-02       7.615897541392e+02 
       4.520050291638e-02       7.571017574632e+02 
       4.546031054620e-02       7.526050694260e+02 
       4.572500434546e-02       7.481026715656e+02 
       4.599486019958e-02       7.435904694101e+02 
       4.627017637418e-02       7.390702107331e+02 
       4.655127593643e-02       7.345401720258e+02 
       4.683850950528e-02       7.300003291834e+02 
       4.713225838436e-02       7.254444814066e+02 
       4.743293814168e-02       7.208745808971e+02 
       4.774100271297e-02       7.162880946349e+02 
       4.805694912064e-02       7.116823822070e+02 
       4.838132291952e-02       7.070573275228e+02 
       4.871472450393e-02       7.024112075920e+02 
       4.905781643925e-02       6.977351673422e+02 
       4.941133201783e-02       6.930344097030e+02 
       4.977608528353e-02       6.883014922571e+02 
       5.015298282618e-02       6.835353552075e+02 
       5.054303771845e-02       6.787295690741e+02 
       5.094738605757e-02       6.738812501536e+02 
       5.136730668884e-02       6.689879307601e+02 
       5.180424483333e-02       6.640432506120e+02 
       5.225984052739e-02       6.590385292068e+02 
       5.273596301788e-02       6.539705185748e+02 
       5.323475255774e-02       6.488277567884e+02 
       5.375867142783e-02       6.436021988628e+02 
       5.431056648953e-02       6.382817211737e+02 
       5.489374616450e-02       6.328547175306e+02 
       5.551207544878e-02       6.273054067368e+02 
       5.617009337762e-02       6.216122209290e+02 
       5.687315818582e-02       6.157514149935e+02 
       5.762762604582e-02       6.096916620937e+02 
       5.844106924229e-02       6.033964608901e+02 
       5.932253797381e-02       5.968151416231e+02 
       6.028286471725e-02       5.898832078356e+02 
       6.133499760901e-02       5.825166658191e+02 
       6.249432323971e-02       5.746041054145e+02 
       6.377888977286e-02       5.659980945450e+02 
       6.520935658723e-02       5.565014958371e+02 
       6.680837282307e-02       5.458588380234e+02 
       6.859895815143e-02       5.337508931885e+02 
       7.060145446358e-02       5.198031566248e+02 
       7.282900509302e-02       5.036368673583e+02 
       7.528254764851e-02       4.849615456370e+02 
       7.794763165265e-02       4.637037923777e+02 
       8.079557122545e-02       4.401222793831e+02 
       8.378925639194e-02       4.148454725461e+02 
       8.689081350409e-02       3.887851738765e+02 
       9.006747864852e-02       3.629726736369e+02 
       9.329408122598e-02       3.383829268548e+02 
       9.655282505597e-02       3.158073767917e+02 
       9.983181243343e-02       2.957786327357e+02 
       1.031233738652e-01       2.785604737919e+02 
       1.064226786357e-01       2.641633868647e+02 
       1.097267276976e-01       2.523910283601e+02 
       1.130336756109e-01       2.428900065772e+02 
       1.163423928821e-01       2.352003327860e+02 
       1.196521903954e-01       2.288061450953e+02 
       1.229626484529e-01       2.231810177392e+02 
       1.262735116499e-01       2.178336286234e+02 
       1.295846245788e-01       2.123492429317e+02 
       1.328958926300e-01       2.064206584965e+02 
       1.362072581392e-01       1.998700615882e+02 
       1.395186858906e-01       1.926535310837e+02 
       1.428301543108e-01       1.848483220690e+02 
       1.461416501217e-01       1.766283019718e+02 
       1.494531650939e-01       1.682282717268e+02 
       1.527646940752e-01       1.599074091642e+02 
       1.560762337931e-01       1.519153802361e+02 
       1.593877821275e-01       1.444643496304e+02 
       1.626993376673e-01       1.377124073851e+02 
       1.660108994417e-01       1.317525684211e+02 
       1.693224667555e-01       1.266133977555e+02 
       1.726340390885e-01       1.222635495173e+02 
       1.759456160339e-01       1.186212889799e+02 
       1.792571972603e-01       1.155675674100e+02 
       1.825687824880e-01       1.129590353078e+02 
       1.858803714740e-01       1.106427989830e+02 
       1.891919640029e-01       1.084873460885e+02 
       1.925035598800e-01       1.063529819119e+02 
       1.958151589280e-01       1.041168991766e+02 
       1.991267609837e-01       1.017019282492e+02 
       2.024383658960e-01       9.907025010242e+01 
       2.057499735245e-01       9.622464239303e+01 
       2.090615837384e-01       9.320354790879e+01 
       2.123731964151e-01       9.007078754848e+01 
       2.156848114401e-01       8.690299510172e+01 
       2.189964287058e-01       8.377856597862e+01 
       2.223080481113e-01       8.076826337774e+01 
       2.256196695617e-01       7.792976730343e+01 
       2.289312929674e-01       7.530534909304e+01 
       2.322429182442e-01       7.292156974643e+01 
       2.355545453127e-01       7.078811109802e+01 
       2.388661740978e-01       6.889984265167e+01 
       2.421778045285e-01       6.723641076777e+01 
       2.454894365379e-01       6.576438091364e+01 
       2.488010700625e-01       6.444133796648e+01 
       2.521127050422e-01       6.322015884899e+01 
       2.554243414200e-01       6.205449534556e+01 
       2.587359791419e-01       6.090320517851e+01 
       2.620476181567e-01       5.973427808419e+01 
       2.653592584155e-01       5.852590962463e+01 
       2.686708998722e-01       5.726681062647e+01 
       2.719825424828e-01       5.595554358037e+01 
       2.752941862052e-01       5.459862391075e+01 
       2.786058309997e-01       5.321027085474e+01 
       2.819174768282e-01       5.180985921926e+01 
       2.852291236545e-01       5.042046298495e+01 
       2.885407714441e-01       4.906561669774e+01 
       2.918524201640e-01       4.776673711025e+01 
       2.951640697827e-01       4.654040466660e+01 
       2.984757202702e-01       4.539682615174e+01 
       3.017873715976e-01       4.433959021188e+01 
       3.050990237374e-01       4.336610441748e+01 
       3.084106766634e-01       4.246933618452e+01 
       3.117223303504e-01       4.163917543067e+01 
       3.150339847742e-01       4.086369991732e+01 
       3.183456399118e-01       4.013013793166e+01 
       3.216572957409e-01       3.942551431388e+01 
       3.249689522404e-01       3.873727880190e+01 
       3.282806093897e-01       3.805440792028e+01 
       3.315922671695e-01       3.736835349203e+01 
       3.349039255608e-01       3.667383291584e+01 
       3.382155845457e-01       3.596933822242e+01 
       3.415272441067e-01       3.525660102436e+01 
       3.448389042272e-01       3.454000778688e+01 
       3.481505648911e-01       3.382536460248e+01 
       3.514622260831e-01       3.311887361127e+01 
       3.547738877882e-01       3.242656765838e+01 
       3.580855499922e-01       3.175379892770e+01 
       3.613972126813e-01       3.110504008313e+01 
       3.647088758422e-01       3.048403358475e+01 
       3.680205394621e-01       2.989312338202e+01 
       3.713322035287e-01       2.933300106634e+01 
       3.746438680301e-01       2.880283604276e+01 
       3.779555329547e-01       2.829983959383e+01 
       3.812671982916e-01       2.782005824672e+01 
       3.845788640301e-01       2.735888325794e+01 
       3.878905301597e-01       2.691182638990e+01 
       3.912021966706e-01       2.647499533128e+01 
       3.945138635530e-01       2.604541256638e+01 
       3.978255307977e-01       2.562092090447e+01 
       4.011371983957e-01       2.520008384366e+01 
       4.044488663382e-01       2.478186352294e+01 
       4.077605346168e-01       2.436595289871e+01 
       4.110722032234e-01       2.395256487750e+01 
       4.143838721501e-01       2.354267802718e+01 
       4.176955413892e-01       2.313777454234e+01 
       4.210072109333e-01       2.273978374310e+01 
       4.243188807752e-01       2.235052439246e+01 
       4.276305509081e-01       2.197146734947e+01 
       4.309422213251e-01       2.160353831632e+01 
       4.342538920198e-01       2.124709816179e+01 
       4.375655629858e-01       2.090209142861e+01 
       4.408772342170e-01       2.056833553189e+01 
       4.441889057074e-01       2.024547395864e+01 
       4.475005774513e-01       1.993306910788e+01 
       4.508122494430e-01       1.963044320205e+01 
       4.541239216771e-01       1.933666919647e+01 
       4.574355941484e-01       1.905052456115e+01 
       4.607472668516e-01       1.877063178097e+01 
       4.640589397819e-01       1.849575495397e+01 
       4.673706129343e-01       1.822491672570e+01 
       4.706822863041e-01       1.795759401052e+01 
       4.739939598869e-01       1.769358089146e+01 
       4.773056336780e-01       1.743292407645e+01 
       4.806173076733e-01       1.717572760475e+01 
       4.839289818685e-01       1.692211057165e+01 
       4.872406562596e-01       1.667226207611e+01 
       4.905523308424e-01       1.642644380777e+01 
       4.938640056133e-01       1.618504302527e+01 
       4.971756805683e-01       1.594856347899e+01 
       5.004873557039e-01       1.571763586474e+01 
       5.037990310164e-01       1.549254029659e+01 
       5.071107065024e-01       1.527337342329e+01 
       5.104223821585e-01       1.506010492305e+01 
       5.137340579814e-01       1.485221059450e+01 
       5.170457339678e-01       1.464923921034e+01 
       5.203574101147e-01       1.445077001089e+01 
       5.236690864190e-01       1.425642022432e+01 
       5.269807628778e-01       1.406593202822e+01 
       5.302924394880e-01       1.387904341053e+01 
       5.336041162469e-01       1.369545944574e+01 
       5.369157931517e-01       1.351483055510e+01 
       5.402274701998e-01       1.333683786069e+01 
       5.435391473885e-01       1.316125063856e+01 
       5.468508247152e-01       1.298811078300e+01 
       5.501625021775e-01       1.281747878284e+01 
       5.534741797728e-01       1.264960346604e+01 
       5.567858574989e-01       1.248464353974e+01 
       5.600975353534e-01       1.232270094151e+01 
       5.634092133340e-01       1.216376962123e+01 
       5.667208914385e-01       1.200777018480e+01 
       5.700325696648e-01       1.185462593796e+01 
       5.733442480106e-01       1.170431864186e+01 
       5.766559264741e-01       1.155689102352e+01 
       5.799676050531e-01       1.141239792492e+01 
       5.832792837456e-01       1.127083066736e+01 
       5.865909625498e-01       1.113209118261e+01 
       5.899026414637e-01       1.099596482880e+01 
       5.932143204855e-01       1.086228473171e+01 
       5.965259996135e-01       1.073079087716e+01 
       5.998376788458e-01       1.060138204377e+01 
       6.031493581807e-01       1.047403067925e+01 
       6.064610376165e-01       1.034874391259e+01 
       6.097727171517e-01       1.022549866484e+01 
       6.130843967845e-01       1.010422540904e+01 
       6.163960765134e-01       9.984821845869e+00 
       6.197077563368e-01       9.867161412241e+00 
       6.230194362533e-01       9.751190598262e+00 
       6.263311162613e-01       9.636910830204e+00 
       6.296427963595e-01       9.524405455043e+00 
       6.329544765463e-01       9.413763110074e+00 
       6.362661568205e-01       9.305037885504e+00 
       6.395778371805e-01       9.198211570596e+00 
       6.428895176252e-01       9.093205273709e+00 
       6.462011981532e-01       8.989910375231e+00 
       6.495128787633e-01       8.888251732430e+00 
       6.528245594541e-01       8.788198381708e+00 
       6.561362402245e-01       8.689762175785e+00 
       6.594479210732e-01       8.592962428189e+00 
       6.627596019991e-01       8.497783089620e+00 
       6.660712830010e-01       8.404155008629e+00 
       6.693829640778e-01       8.311971960544e+00 
       6.726946452283e-01       8.221124936791e+00 
       6.760063264516e-01       8.131536305243e+00 
       6.793180077465e-01       8.043196195601e+00 
       6.826296891120e-01       7.956122337527e+00 
       6.859413705470e-01       7.870384130342e+00 
       6.892530520506e-01       7.785960557296e+00 
       6.925647336217e-01       7.702825367549e+00 
       6.958764152595e-01       7.620903351753e+00 
       6.991880969629e-01       7.540137996534e+00 
       7.024997787310e-01       7.460483501576e+00 
       7.058114605629e-01       7.381945522896e+00 
       7.091231424578e-01       7.304574048061e+00 
       7.124348244147e-01       7.228390283242e+00 
       7.157465064327e-01       7.153395520573e+00 
       7.190581885111e-01       7.079566886984e+00 
       7.223698706489e-01       7.006825114066e+00 
       7.256815528454e-01       6.935095229421e+00 
       7.289932350998e-01       6.864342066282e+00 
       7.323049174113e-01       6.794551125107e+00 
       7.356165997791e-01       6.725758661425e+00 
       7.389282822025e-01       6.657970446472e+00 
       7.422399646806e-01       6.591186658944e+00 
       7.455516472128e-01       6.525367264301e+00 
       7.488633297984e-01       6.460446174855e+00 
       7.521750124367e-01       6.396362569171e+00 
       7.554866951269e-01       6.333098882019e+00 
       8.198102721918e-01       5.260103559280e+00 
       9.096865378917e-01       4.143706581014e+00 
       1.048113480481e+00       2.982854465945e+00 
       1.272309008191e+00       1.889580068130e+00 
       1.594812285659e+00       1.099924180509e+00 
       2.007541292717e+00       6.280876642071e-01 
       2.527343447222e+00       3.556007927882e-01 
       3.181736888759e+00       1.998199143346e-01 
       4.005569422901e+00       1.115143233180e-01 
       5.042713135196e+00       6.184496898310e-02 
       6.348399710287e+00       3.410263467916e-02 
       7.992161719507e+00       1.870666960642e-02 
       1.006153548386e+01       1.021165416773e-02 
       1.266672270229e+01       5.549509733366e-03 
       1.594645909407e+01       3.003297004471e-03 
       2.007540258166e+01       1.619047956723e-03 
       2.527343446205e+01       8.696180231108e-04 
       3.181736888759e+01       4.654507330971e-04 
       4.005569422901e+01       2.482894312303e-04 
       5.042713135196e+01       1.319984606367e-04 
       6.348399710287e+01       6.992933223474e-05 
       7.992161719507e+01       3.690684529166e-05 
       1.006153548386e+02       1.939340799263e-05 
       1.266672270229e+02       1.013618314406e-05 
       1.594645909407e+02       5.261556023715e-06 
       2.007540258166e+02       2.706191413753e-06 
       2.527343446205e+02       1.374761923605e-06 
       3.181736888759e+02       6.870966041993e-07 
       4.005569422901e+02       3.365633649535e-07 
       5.042713135196e+02       1.613543454811e-07 
       6.348399710287e+02       7.600695106504e-08 
       7.992161719507e+02       3.551106209683e-08 
       1.006153548386e+03       1.658696705065e-08 
