# Matter power spectrum P(k) at redshift z=4
# for k=1.04575e-05 to 1006.15 h/Mpc,
# number of wavenumbers equal to 625
#    1:k (h/Mpc)              2:P (Mpc/h)^3        
       1.045749810485e-05       3.203330201754e+00 
       2.373043761528e-05       7.101835809456e+00 
       3.705205197341e-05       1.094286536643e+01 
       5.046040160262e-05       1.476318774924e+01 
       6.399420676399e-05       1.858500170602e+01 
       7.769321405898e-05       2.242562944485e+01 
       9.159857522556e-05       2.630030208278e+01 
       1.057532435558e-04       3.022333186004e+01 
       1.202023933008e-04       3.420873381758e+01 
       1.349938674647e-04       3.827061729324e+01 
       1.501786593808e-04       4.242346978254e+01 
       1.658114333596e-04       4.668238779645e+01 
       1.819510894196e-04       5.106328089332e+01 
       1.986613765579e-04       5.558306428572e+01 
       2.160115580438e-04       6.025984736366e+01 
       2.340771306401e-04       6.511312267536e+01 
       2.529405972213e-04       7.016395721736e+01 
       2.726922886571e-04       7.543518620087e+01 
       2.934312256600e-04       8.095160590109e+01 
       3.152660040981e-04       8.674016134565e+01 
       3.383156775180e-04       9.283012078058e+01 
       3.627105977775e-04       9.925322492174e+01 
       3.885931583209e-04       1.060437949406e+02 
       4.161183645581e-04       1.132387781275e+02 
       4.454541324261e-04       1.208777030390e+02 
       4.767811907995e-04       1.290025120658e+02 
       5.102924387431e-04       1.376572308047e+02 
       5.461915893473e-04       1.468874335990e+02 
       5.846909251320e-04       1.567394635798e+02 
       6.260080050474e-04       1.672593742860e+02 
       6.703612104985e-04       1.784915744300e+02 
       7.179641068864e-04       1.904771889272e+02 
       7.690187318622e-04       2.032521858808e+02 
       8.237080952403e-04       2.168453721206e+02 
       8.821883665213e-04       2.312764047205e+02 
       9.445813962622e-04       2.465540072351e+02 
       1.010968318642e-03       2.626746054616e+02 
       1.081384969221e-03       2.796215621257e+02 
       1.155819700313e-03       2.973651471838e+02 
       1.234213899658e-03       3.158632864154e+02 
       1.316465168833e-03       3.350630180504e+02 
       1.402432774394e-03       3.549025055634e+02 
       1.491944724558e-03       3.753133938522e+02 
       1.584805697329e-03       3.962232505879e+02 
       1.680805061300e-03       4.175578846445e+02 
       1.779724358910e-03       4.392434036509e+02 
       1.881343813733e-03       4.612078839618e+02 
       1.985447627100e-03       4.833826324626e+02 
       2.091828006459e-03       5.057030862682e+02 
       2.200287998256e-03       5.281093576929e+02 
       2.310643277916e-03       5.505458034156e+02 
       2.422723085604e-03       5.729631747189e+02 
       2.536370500476e-03       5.953167129151e+02 
       2.651442230081e-03       6.175663842261e+02 
       2.767808065318e-03       6.396766598093e+02 
       2.885350122018e-03       6.616164135160e+02 
       3.003961962113e-03       6.833583189296e+02 
       3.123547662764e-03       7.048787192009e+02 
       3.244020881646e-03       7.261571555117e+02 
       3.365303950641e-03       7.471760415530e+02 
       3.487327018288e-03       7.679203541153e+02 
       3.610027252458e-03       7.883773154422e+02 
       3.733348108622e-03       8.085362781141e+02 
       3.857238664757e-03       8.283882205443e+02 
       3.981653021215e-03       8.479257457631e+02 
       4.106549762154e-03       8.671430058284e+02 
       4.231891474164e-03       8.860351591089e+02 
       4.357644317282e-03       9.045988624039e+02 
       4.483777643502e-03       9.228313850479e+02 
       4.610263657980e-03       9.407312886190e+02 
       4.737077118433e-03       9.582975420266e+02 
       4.864195068510e-03       9.755300313318e+02 
       4.991596601329e-03       9.924293020451e+02 
       5.119262649698e-03       1.008996063513e+03 
       5.247175799933e-03       1.025231961421e+03 
       5.375320126495e-03       1.041138490422e+03 
       5.503681045008e-03       1.056717829973e+03 
       5.632245181484e-03       1.071972641918e+03 
       5.761000255846e-03       1.086905361379e+03 
       5.889934978076e-03       1.101518926685e+03 
       6.019038955502e-03       1.115816421993e+03 
       6.148302609931e-03       1.129800979769e+03 
       6.277717103485e-03       1.143476144697e+03 
       6.407274272154e-03       1.156845624445e+03 
       6.536966566162e-03       1.169912497104e+03 
       6.666786996400e-03       1.182680710730e+03 
       6.796729086234e-03       1.195153812784e+03 
       6.926786828089e-03       1.207335533724e+03 
       7.056954644300e-03       1.219230018325e+03 
       7.187227351743e-03       1.230840863609e+03 
       7.317600129859e-03       1.242171737430e+03 
       7.448068491705e-03       1.253226521251e+03 
       7.578628257697e-03       1.264009188926e+03 
       7.709275531791e-03       1.274522952889e+03 
       7.840006679834e-03       1.284772462703e+03 
       7.970818309857e-03       1.294761048743e+03 
       8.101707254141e-03       1.304491898716e+03 
       8.232670552846e-03       1.313969475863e+03 
       8.363705439076e-03       1.323197282118e+03 
       8.494809325229e-03       1.332178062326e+03 
       8.625979790500e-03       1.340916180992e+03 
       8.757214569446e-03       1.349415158574e+03 
       8.888511541496e-03       1.357678343821e+03 
       9.019868721331e-03       1.365708954171e+03 
       9.151284250039e-03       1.373510876142e+03 
       9.282756386994e-03       1.381087008249e+03 
       9.414283502372e-03       1.388440998990e+03 
       9.545864070270e-03       1.395575763770e+03 
       9.677496662351e-03       1.402494691291e+03 
       9.809179941995e-03       1.409202870874e+03 
       9.940912658886e-03       1.415700430688e+03 
       1.007269364402e-02       1.421991024366e+03 
       1.020452180510e-02       1.428078225870e+03 
       1.033639612222e-02       1.433964764164e+03 
       1.046831564399e-02       1.439654105554e+03 
       1.060027948378e-02       1.445148116409e+03 
       1.073228681639e-02       1.450450510234e+03 
       1.086433687490e-02       1.455563906715e+03 
       1.099642894770e-02       1.460490930418e+03 
       1.112856237583e-02       1.465234541683e+03 
       1.126073655044e-02       1.469796950307e+03 
       1.139295091047e-02       1.474181692077e+03 
       1.152520494046e-02       1.478390540434e+03 
       1.165749816853e-02       1.482425800025e+03 
       1.178983016452e-02       1.486291407696e+03 
       1.192220053825e-02       1.489988344839e+03 
       1.205460893787e-02       1.493519507042e+03 
       1.218705504840e-02       1.496887812396e+03 
       1.231953859028e-02       1.500095756903e+03 
       1.245205931810e-02       1.503143818128e+03 
       1.258461701939e-02       1.506036797167e+03 
       1.271721151347e-02       1.508775458231e+03 
       1.284984265044e-02       1.511362434913e+03 
       1.298251031021e-02       1.513799109329e+03 
       1.311521440158e-02       1.516089488975e+03 
       1.324795486143e-02       1.518234617456e+03 
       1.338073165393e-02       1.520236341923e+03 
       1.351354476986e-02       1.522097670356e+03 
       1.364639422595e-02       1.523820172724e+03 
       1.377928006424e-02       1.525405712310e+03 
       1.391220235156e-02       1.526856602111e+03 
       1.404516117903e-02       1.528175025077e+03 
       1.417815666155e-02       1.529363129066e+03 
       1.431118893742e-02       1.530421534531e+03 
       1.444425816794e-02       1.531354259357e+03 
       1.457736453706e-02       1.532161188392e+03 
       1.471050825103e-02       1.532845522651e+03 
       1.484368953822e-02       1.533408163473e+03 
       1.497690864875e-02       1.533851896935e+03 
       1.511016585436e-02       1.534177482849e+03 
       1.524346144820e-02       1.534388022211e+03 
       1.537679574464e-02       1.534484503279e+03 
       1.551016907917e-02       1.534468742613e+03 
       1.564358180828e-02       1.534342938872e+03 
       1.577703430938e-02       1.534108219371e+03 
       1.591052698073e-02       1.533766725268e+03 
       1.604406024142e-02       1.533320136784e+03 
       1.617763453133e-02       1.532770115671e+03 
       1.631125031118e-02       1.532117929864e+03 
       1.644490806251e-02       1.531365641951e+03 
       1.657860828775e-02       1.530514917547e+03 
       1.671235151029e-02       1.529567332338e+03 
       1.684613827459e-02       1.528524533101e+03 
       1.697996914622e-02       1.527386771524e+03 
       1.711384471207e-02       1.526156898102e+03 
       1.724776558040e-02       1.524837677936e+03 
       1.738173238109e-02       1.523429421456e+03 
       1.751574576578e-02       1.521932157309e+03 
       1.764980640804e-02       1.520349022392e+03 
       1.778391500363e-02       1.518681303673e+03 
       1.791807227070e-02       1.516930641341e+03 
       1.805227895006e-02       1.515097681049e+03 
       1.818653580541e-02       1.513184900259e+03 
       1.832084362365e-02       1.511192550861e+03 
       1.845520321520e-02       1.509122881914e+03 
       1.858961541424e-02       1.506976347107e+03 
       1.872408107911e-02       1.504755669029e+03 
       1.885860109264e-02       1.502461625413e+03 
       1.899317636251e-02       1.500094029649e+03 
       1.912780782161e-02       1.497656659574e+03 
       1.926249642850e-02       1.495148107632e+03 
       1.939724316775e-02       1.492574210765e+03 
       1.953204905044e-02       1.489929057368e+03 
       1.966691511458e-02       1.487222653430e+03 
       1.980184242558e-02       1.484448676612e+03 
       1.993683207674e-02       1.481612615514e+03 
       2.007188518977e-02       1.478714931500e+03 
       2.020700291530e-02       1.475754072158e+03 
       2.034218643342e-02       1.472734267206e+03 
       2.047743695426e-02       1.469656738242e+03 
       2.061275571856e-02       1.466521716869e+03 
       2.074814399829e-02       1.463330031723e+03 
       2.088360309724e-02       1.460083057091e+03 
       2.101913435170e-02       1.456781918557e+03 
       2.115473913110e-02       1.453427612541e+03 
       2.129041883873e-02       1.450024470725e+03 
       2.142617491241e-02       1.446567568380e+03 
       2.156200882525e-02       1.443062829681e+03 
       2.169792208640e-02       1.439508919324e+03 
       2.183391624183e-02       1.435907359013e+03 
       2.196999287514e-02       1.432260447505e+03 
       2.210615360838e-02       1.428565692019e+03 
       2.224240010293e-02       1.424829995766e+03 
       2.237873406036e-02       1.421047826948e+03 
       2.251515722336e-02       1.417224183223e+03 
       2.265167137665e-02       1.413362387126e+03 
       2.278827834800e-02       1.409457273653e+03 
       2.292498000920e-02       1.405512672911e+03 
       2.306177827707e-02       1.401531606664e+03 
       2.319867511457e-02       1.397511402500e+03 
       2.333567253186e-02       1.393456304682e+03 
       2.347277258747e-02       1.389364029564e+03 
       2.360997738941e-02       1.385239032970e+03 
       2.374728909641e-02       1.381079065465e+03 
       2.388470991917e-02       1.376889244769e+03 
       2.402224212160e-02       1.372666369126e+03 
       2.415988802217e-02       1.368412107346e+03 
       2.429764999526e-02       1.364125606153e+03 
       2.443553047256e-02       1.359812877960e+03 
       2.457353194453e-02       1.355473375436e+03 
       2.471165696187e-02       1.351104464151e+03 
       2.484990813710e-02       1.346709100820e+03 
       2.498828814611e-02       1.342289319941e+03 
       2.512679972984e-02       1.337842328171e+03 
       2.526544569592e-02       1.333373166682e+03 
       2.540422892050e-02       1.328881726661e+03 
       2.554315234997e-02       1.324366290423e+03 
       2.568221900292e-02       1.319828554969e+03 
       2.582143197196e-02       1.315269338262e+03 
       2.596079442580e-02       1.310691243756e+03 
       2.610030961129e-02       1.306094410273e+03 
       2.623998085549e-02       1.301481294244e+03 
       2.637981156794e-02       1.296845685227e+03 
       2.651980524290e-02       1.292195489755e+03 
       2.665996546168e-02       1.287526739281e+03 
       2.680029589511e-02       1.282844703100e+03 
       2.694080030602e-02       1.278144660329e+03 
       2.708148255186e-02       1.273432852245e+03 
       2.722234658737e-02       1.268707234996e+03 
       2.736339646738e-02       1.263966263309e+03 
       2.750463634970e-02       1.259211531374e+03 
       2.764607049807e-02       1.254449442149e+03 
       2.778770328530e-02       1.249671331973e+03 
       2.792953919641e-02       1.244888866697e+03 
       2.807158283200e-02       1.240090984886e+03 
       2.821383891169e-02       1.235283285462e+03 
       2.835631227763e-02       1.230467463557e+03 
       2.849900789825e-02       1.225644384140e+03 
       2.864193087208e-02       1.220815154067e+03 
       2.878508643170e-02       1.215973766973e+03 
       2.892847994792e-02       1.211129418586e+03 
       2.907211693401e-02       1.206275281065e+03 
       2.921600305018e-02       1.201423047192e+03 
       2.936014410820e-02       1.196557300197e+03 
       2.950454607619e-02       1.191690068231e+03 
       2.964921508358e-02       1.186817510695e+03 
       2.979415742637e-02       1.181944160197e+03 
       2.993937957245e-02       1.177064593761e+03 
       3.008488816723e-02       1.172182218205e+03 
       3.023069003948e-02       1.167297463030e+03 
       3.037679220740e-02       1.162410375541e+03 
       3.052320188494e-02       1.157521475392e+03 
       3.066992648838e-02       1.152632694411e+03 
       3.081697364318e-02       1.147744639533e+03 
       3.096435119115e-02       1.142849963531e+03 
       3.111206719787e-02       1.137957818532e+03 
       3.126012996051e-02       1.133067766955e+03 
       3.140854801586e-02       1.128181190475e+03 
       3.155733014887e-02       1.123291135806e+03 
       3.170648540141e-02       1.118402938962e+03 
       3.185602308155e-02       1.113517108167e+03 
       3.200595277315e-02       1.108636888271e+03 
       3.215628434598e-02       1.103754128108e+03 
       3.230702796621e-02       1.098876632211e+03 
       3.245819410741e-02       1.094001817222e+03 
       3.260979356215e-02       1.089126412886e+03 
       3.276183745398e-02       1.084258646365e+03 
       3.291433725013e-02       1.079395401106e+03 
       3.306730477471e-02       1.074534072044e+03 
       3.322075222260e-02       1.069674054490e+03 
       3.337469217403e-02       1.064823601330e+03 
       3.352913760980e-02       1.059979999821e+03 
       3.368410192736e-02       1.055136431367e+03 
       3.383959895760e-02       1.050299886977e+03 
       3.399564298254e-02       1.045468976363e+03 
       3.415224875396e-02       1.040642339016e+03 
       3.430943151287e-02       1.035824875204e+03 
       3.446720701016e-02       1.031007928352e+03 
       3.462559152820e-02       1.026202874746e+03 
       3.478460190367e-02       1.021400837690e+03 
       3.494425555159e-02       1.016607154166e+03 
       3.510457049068e-02       1.011817769968e+03 
       3.526556537007e-02       1.007040656330e+03 
       3.542725949757e-02       1.002265749657e+03 
       3.558967286947e-02       9.974985122513e+02 
       3.575282620204e-02       9.927370013839e+02 
       3.591674096486e-02       9.879845649977e+02 
       3.608143941613e-02       9.832398603644e+02 
       3.624694463996e-02       9.785019207583e+02 
       3.641328058594e-02       9.737735506566e+02 
       3.658047211114e-02       9.690508510060e+02 
       3.674854502456e-02       9.643372509349e+02 
       3.691752613441e-02       9.596284509233e+02 
       3.708744329831e-02       9.549281167814e+02 
       3.725832547669e-02       9.502351241187e+02 
       3.743020278953e-02       9.455505774233e+02 
       3.760310657689e-02       9.408727361024e+02 
       3.777706946333e-02       9.362070686393e+02 
       3.795212542663e-02       9.315427888915e+02 
       3.812830987117e-02       9.268884148298e+02 
       3.830565970624e-02       9.222413962587e+02 
       3.848421342989e-02       9.176045734350e+02 
       3.866401121852e-02       9.129725687935e+02 
       3.884509502293e-02       9.083455589796e+02 
       3.902750867120e-02       9.037304992699e+02 
       3.921129797920e-02       8.991209730098e+02 
       3.939651086917e-02       8.945153719746e+02 
       3.958319749728e-02       8.899172961118e+02 
       3.977141039084e-02       8.853281039928e+02 
       3.996120459624e-02       8.807448216877e+02 
       4.015263783837e-02       8.761674995644e+02 
       4.034577069283e-02       8.715940832112e+02 
       4.054066677207e-02       8.670289835073e+02 
       4.073739292676e-02       8.624665945659e+02 
       4.093601946408e-02       8.579114436437e+02 
       4.113662038441e-02       8.533637197148e+02 
       4.133927363850e-02       8.488189896031e+02 
       4.154406140720e-02       8.442754147434e+02 
       4.175107040600e-02       8.397475444300e+02 
       4.196039221729e-02       8.352061703670e+02 
       4.217212365321e-02       8.306767862645e+02 
       4.238636715250e-02       8.261491562456e+02 
       4.260323121533e-02       8.216215787271e+02 
       4.282283088035e-02       8.171023123136e+02 
       4.304528824899e-02       8.125775189927e+02 
       4.327073306268e-02       8.080587421041e+02 
       4.349930333937e-02       8.035409992921e+02 
       4.373114607684e-02       7.990190826964e+02 
       4.396641803108e-02       7.944983670280e+02 
       4.420528657961e-02       7.899767407706e+02 
       4.444793068082e-02       7.854519592508e+02 
       4.469454194227e-02       7.809245158106e+02 
       4.494532581288e-02       7.763916337217e+02 
       4.520050291638e-02       7.718574570085e+02 
       4.546031054620e-02       7.673144514829e+02 
       4.572500434546e-02       7.627656981188e+02 
       4.599486019958e-02       7.582070567958e+02 
       4.627017637418e-02       7.536403512844e+02 
       4.655127593643e-02       7.490638607049e+02 
       4.683850950528e-02       7.444775984247e+02 
       4.713225838436e-02       7.398752759780e+02 
       4.743293814168e-02       7.352589154685e+02 
       4.774100271297e-02       7.306259683256e+02 
       4.805694912064e-02       7.259737679913e+02 
       4.838132291952e-02       7.213022184178e+02 
       4.871472450393e-02       7.166095864819e+02 
       4.905781643925e-02       7.118868565812e+02 
       4.941133201783e-02       7.071393628281e+02 
       4.977608528353e-02       7.023595138092e+02 
       5.015298282618e-02       6.975462460384e+02 
       5.054303771845e-02       6.926930160066e+02 
       5.094738605757e-02       6.877968953637e+02 
       5.136730668884e-02       6.828553829781e+02 
       5.180424483333e-02       6.778620197086e+02 
       5.225984052739e-02       6.728079778663e+02 
       5.273596301788e-02       6.676899915830e+02 
       5.323475255774e-02       6.624964249438e+02 
       5.375867142783e-02       6.572191630778e+02 
       5.431056648953e-02       6.518459488615e+02 
       5.489374616450e-02       6.463650773564e+02 
       5.551207544878e-02       6.407606396257e+02 
       5.617009337762e-02       6.350108580515e+02 
       5.687315818582e-02       6.290917692886e+02 
       5.762762604582e-02       6.229717252222e+02 
       5.844106924229e-02       6.166138152777e+02 
       5.932253797381e-02       6.099666742302e+02 
       6.028286471725e-02       6.029647599498e+02 
       6.133499760901e-02       5.955225006223e+02 
       6.249432323971e-02       5.875260615793e+02 
       6.377888977286e-02       5.788244610330e+02 
       6.520935658723e-02       5.692155672657e+02 
       6.680837282307e-02       5.584374701348e+02 
       6.859895815143e-02       5.461632162003e+02 
       7.060145446358e-02       5.320090329913e+02 
       7.282900509302e-02       5.155847600367e+02 
       7.528254764851e-02       4.965876617288e+02 
       7.794763165265e-02       4.749376892257e+02 
       8.079557122545e-02       4.508973331817e+02 
       8.378925639194e-02       4.251061724450e+02 
       8.689081350409e-02       3.984950457917e+02 
       9.006747864852e-02       3.721220559057e+02 
       9.329408122598e-02       3.469867758786e+02 
       9.655282505597e-02       3.239021105161e+02 
       9.983181243343e-02       3.034175952918e+02 
       1.031233738652e-01       2.858052871394e+02 
       1.064226786357e-01       2.710787289742e+02 
       1.097267276976e-01       2.590386889440e+02 
       1.130336756109e-01       2.493236650715e+02 
       1.163423928821e-01       2.414635162987e+02 
       1.196521903954e-01       2.349293201460e+02 
       1.229626484529e-01       2.291813386801e+02 
       1.262735116499e-01       2.237158124379e+02 
       1.295846245788e-01       2.181066749949e+02 
       1.328958926300e-01       2.120388766616e+02 
       1.362072581392e-01       2.053296692421e+02 
       1.395186858906e-01       1.979338373797e+02 
       1.428301543108e-01       1.899310240815e+02 
       1.461416501217e-01       1.814996260354e+02 
       1.494531650939e-01       1.728811909487e+02 
       1.527646940752e-01       1.643421788296e+02 
       1.560762337931e-01       1.561392248779e+02 
       1.593877821275e-01       1.484908106423e+02 
       1.626993376673e-01       1.415594793394e+02 
       1.660108994417e-01       1.354411679408e+02 
       1.693224667555e-01       1.301654957131e+02 
       1.726340390885e-01       1.257003293965e+02 
       1.759456160339e-01       1.219619648604e+02 
       1.792571972603e-01       1.188280402242e+02 
       1.825687824880e-01       1.161513197324e+02 
       1.858803714740e-01       1.137747206981e+02 
       1.891919640029e-01       1.115629745623e+02 
       1.925035598800e-01       1.093725737663e+02 
       1.958151589280e-01       1.070771706486e+02 
       1.991267609837e-01       1.045974256117e+02 
       2.024383658960e-01       1.018944856161e+02 
       2.057499735245e-01       9.897112265113e+01 
       2.090615837384e-01       9.586696050329e+01 
       2.123731964151e-01       9.264759625951e+01 
       2.156848114401e-01       8.939186837311e+01 
       2.189964287058e-01       8.618047861496e+01 
       2.223080481113e-01       8.308617380929e+01 
       2.256196695617e-01       8.016837733430e+01 
       2.289312929674e-01       7.747057157837e+01 
       2.322429182442e-01       7.502010391202e+01 
       2.355545453127e-01       7.282700522347e+01 
       2.388661740978e-01       7.088596947829e+01 
       2.421778045285e-01       6.917612638420e+01 
       2.454894365379e-01       6.766308039592e+01 
       2.488010700625e-01       6.630319655727e+01 
       2.521127050422e-01       6.504804080209e+01 
       2.554243414200e-01       6.384989178604e+01 
       2.587359791419e-01       6.266645604411e+01 
       2.620476181567e-01       6.146479106677e+01 
       2.653592584155e-01       6.022244866428e+01 
       2.686708998722e-01       5.892784602680e+01 
       2.719825424828e-01       5.757946965424e+01 
       2.752941862052e-01       5.618404939045e+01 
       2.786058309997e-01       5.475621410615e+01 
       2.819174768282e-01       5.331588863851e+01 
       2.852291236545e-01       5.188684822204e+01 
       2.885407714441e-01       5.049328749022e+01 
       2.918524201640e-01       4.915726783197e+01 
       2.951640697827e-01       4.789585720378e+01 
       2.984757202702e-01       4.671955045303e+01 
       3.017873715976e-01       4.563206870044e+01 
       3.050990237374e-01       4.463072751334e+01 
       3.084106766634e-01       4.370830598861e+01 
       3.117223303504e-01       4.285440513777e+01 
       3.150339847742e-01       4.205674357415e+01 
       3.183456399118e-01       4.130220047800e+01 
       3.216572957409e-01       4.057740633594e+01 
       3.249689522404e-01       3.986945436462e+01 
       3.282806093897e-01       3.916700346788e+01 
       3.315922671695e-01       3.846124405259e+01 
       3.349039255608e-01       3.774675651083e+01 
       3.382155845457e-01       3.702197524472e+01 
       3.415272441067e-01       3.628868922708e+01 
       3.448389042272e-01       3.555141826654e+01 
       3.481505648911e-01       3.481612649639e+01 
       3.514622260831e-01       3.408921421051e+01 
       3.547738877882e-01       3.337688009914e+01 
       3.580855499922e-01       3.268463776598e+01 
       3.613972126813e-01       3.201709752686e+01 
       3.647088758422e-01       3.137810135367e+01 
       3.680205394621e-01       3.077007559649e+01 
       3.713322035287e-01       3.019372479115e+01 
       3.746438680301e-01       2.964819633900e+01 
       3.779555329547e-01       2.913062660161e+01 
       3.812671982916e-01       2.863693675204e+01 
       3.845788640301e-01       2.816239409315e+01 
       3.878905301597e-01       2.770237240120e+01 
       3.912021966706e-01       2.725286600243e+01 
       3.945138635530e-01       2.681081603956e+01 
       3.978255307977e-01       2.637399353543e+01 
       4.011371983957e-01       2.594092842788e+01 
       4.044488663382e-01       2.551054800532e+01 
       4.077605346168e-01       2.508253577580e+01 
       4.110722032234e-01       2.465711691889e+01 
       4.143838721501e-01       2.423529072343e+01 
       4.176955413892e-01       2.381859073177e+01 
       4.210072109333e-01       2.340899997163e+01 
       4.243188807752e-01       2.300838926423e+01 
       4.276305509081e-01       2.261827867263e+01 
       4.309422213251e-01       2.223961463661e+01 
       4.342538920198e-01       2.187277441737e+01 
       4.375655629858e-01       2.151769920118e+01 
       4.408772342170e-01       2.117419924389e+01 
       4.441889057074e-01       2.084191324105e+01 
       4.475005774513e-01       2.052038434933e+01 
       4.508122494430e-01       2.020892020126e+01 
       4.541239216771e-01       1.990656511316e+01 
       4.574355941484e-01       1.961205830080e+01 
       4.607472668516e-01       1.932398698964e+01 
       4.640589397819e-01       1.904107331198e+01 
       4.673706129343e-01       1.876231530753e+01 
       4.706822863041e-01       1.848717377649e+01 
       4.739939598869e-01       1.821543413724e+01 
       4.773056336780e-01       1.794714965370e+01 
       4.806173076733e-01       1.768242237479e+01 
       4.839289818685e-01       1.742137835421e+01 
       4.872406562596e-01       1.716421192329e+01 
       4.905523308424e-01       1.691119009869e+01 
       4.938640056133e-01       1.666271608528e+01 
       4.971756805683e-01       1.641930433346e+01 
       5.004873557039e-01       1.618160664526e+01 
       5.037990310164e-01       1.594991186009e+01 
       5.071107065024e-01       1.572431665790e+01 
       5.104223821585e-01       1.550479419467e+01 
       5.137340579814e-01       1.529080107406e+01 
       5.170457339678e-01       1.508187477050e+01 
       5.203574101147e-01       1.487758284916e+01 
       5.236690864190e-01       1.467752833401e+01 
       5.269807628778e-01       1.448144990572e+01 
       5.302924394880e-01       1.428907444993e+01 
       5.336041162469e-01       1.410009984433e+01 
       5.369157931517e-01       1.391416724219e+01 
       5.402274701998e-01       1.373094557608e+01 
       5.435391473885e-01       1.355020078367e+01 
       5.468508247152e-01       1.337197334558e+01 
       5.501625021775e-01       1.319632640629e+01 
       5.534741797728e-01       1.302351776145e+01 
       5.567858574989e-01       1.285370759726e+01 
       5.600975353534e-01       1.268700435138e+01 
       5.634092133340e-01       1.252339955496e+01 
       5.667208914385e-01       1.236281200259e+01 
       5.700325696648e-01       1.220516425551e+01 
       5.733442480106e-01       1.205043451154e+01 
       5.766559264741e-01       1.189867017653e+01 
       5.799676050531e-01       1.174992564553e+01 
       5.832792837456e-01       1.160419214874e+01 
       5.865909625498e-01       1.146137033268e+01 
       5.899026414637e-01       1.132123669273e+01 
       5.932143204855e-01       1.118362196193e+01 
       5.965259996135e-01       1.104825699321e+01 
       5.998376788458e-01       1.091503747926e+01 
       6.031493581807e-01       1.078393678053e+01 
       6.064610376165e-01       1.065495964129e+01 
       6.097727171517e-01       1.052808474219e+01 
       6.130843967845e-01       1.040323930662e+01 
       6.163960765134e-01       1.028031760335e+01 
       6.197077563368e-01       1.015919130407e+01 
       6.230194362533e-01       1.003980270028e+01 
       6.263311162613e-01       9.922155359032e+00 
       6.296427963595e-01       9.806334363569e+00 
       6.329544765463e-01       9.692430300118e+00 
       6.362661568205e-01       9.580500681884e+00 
       6.395778371805e-01       9.470524573295e+00 
       6.428895176252e-01       9.362422536881e+00 
       6.462011981532e-01       9.256082107155e+00 
       6.495128787633e-01       9.151425163003e+00 
       6.528245594541e-01       9.048421744396e+00 
       6.561362402245e-01       8.947081915929e+00 
       6.594479210732e-01       8.847427032490e+00 
       6.627596019991e-01       8.749440358168e+00 
       6.660712830010e-01       8.653049672366e+00 
       6.693829640778e-01       8.558147441355e+00 
       6.726946452283e-01       8.464619618453e+00 
       6.760063264516e-01       8.372387396382e+00 
       6.793180077465e-01       8.281440623287e+00 
       6.826296891120e-01       8.191796519231e+00 
       6.859413705470e-01       8.103528173347e+00 
       6.892530520506e-01       8.016612394662e+00 
       6.925647336217e-01       7.931023099811e+00 
       6.958764152595e-01       7.846682864435e+00 
       6.991880969629e-01       7.763532617005e+00 
       7.024997787310e-01       7.681526642600e+00 
       7.058114605629e-01       7.600669381594e+00 
       7.091231424578e-01       7.521013054454e+00 
       7.124348244147e-01       7.442579656681e+00 
       7.157465064327e-01       7.365369698312e+00 
       7.190581885111e-01       7.289360762354e+00 
       7.223698706489e-01       7.214470264662e+00 
       7.256815528454e-01       7.140621409117e+00 
       7.289932350998e-01       7.067778303503e+00 
       7.323049174113e-01       6.995925152706e+00 
       7.356165997791e-01       6.925100511801e+00 
       7.389282822025e-01       6.855309284519e+00 
       7.422399646806e-01       6.786551995655e+00 
       7.455516472128e-01       6.718787855316e+00 
       7.488633297984e-01       6.651947934976e+00 
       7.521750124367e-01       6.585970623221e+00 
       7.554866951269e-01       6.520837111440e+00 
       8.198102721918e-01       5.416112657387e+00 
       9.096865378917e-01       4.266670112900e+00 
       1.048113480481e+00       3.071420667957e+00 
       1.272309008191e+00       1.945716670597e+00 
       1.594812285659e+00       1.132615442387e+00 
       2.007541292717e+00       6.467605380939e-01 
       2.527343447222e+00       3.661745795611e-01 
       3.181736888759e+00       2.057622243663e-01 
       4.005569422901e+00       1.148308072321e-01 
       5.042713135196e+00       6.368434693302e-02 
       6.348399710287e+00       3.511693567426e-02 
       7.992161719507e+00       1.926306445666e-02 
       1.006153548386e+01       1.051538409322e-02 
       1.266672270229e+01       5.714572515341e-03 
       1.594645909407e+01       3.092626475910e-03 
       2.007540258166e+01       1.667204735564e-03 
       2.527343446205e+01       8.954838886741e-04 
       3.181736888759e+01       4.792950871352e-04 
       4.005569422901e+01       2.556745504786e-04 
       5.042713135196e+01       1.359246237997e-04 
       6.348399710287e+01       7.200931137650e-05 
       7.992161719507e+01       3.800460326786e-05 
       1.006153548386e+02       1.997024598889e-05 
       1.266672270229e+02       1.043767404132e-05 
       1.594645909407e+02       5.418055891352e-06 
       2.007540258166e+02       2.786684448150e-06 
       2.527343446205e+02       1.415652882033e-06 
       3.181736888759e+02       7.075336257095e-07 
       4.005569422901e+02       3.465741156075e-07 
       5.042713135196e+02       1.661536739141e-07 
       6.348399710287e+02       7.826770407565e-08 
       7.992161719507e+02       3.656730418488e-08 
       1.006153548386e+03       1.708033029288e-08 
