5.900000e+00 0.000000e+00
6.040000e+00 0.000000e+00
6.180000e+00 2.309026e-04
6.320000e+00 4.354811e-03
6.470000e+00 1.401447e-02
6.620000e+00 4.060199e-02
6.770000e+00 8.354583e-02
6.930000e+00 1.375568e-01
7.090000e+00 1.997484e-01
7.250000e+00 2.647868e-01
7.410000e+00 3.287892e-01
7.580000e+00 3.895874e-01
7.750000e+00 4.463025e-01
7.930000e+00 4.990382e-01
8.110000e+00 5.480441e-01
8.290000e+00 5.936732e-01
8.470000e+00 6.360462e-01
8.660000e+00 6.748287e-01
8.860000e+00 7.102054e-01
9.050000e+00 7.423842e-01
9.250000e+00 7.717110e-01
9.460000e+00 7.981242e-01
9.670000e+00 8.219889e-01
9.880000e+00 8.435739e-01
1.010000e+01 8.630737e-01
1.032000e+01 8.805421e-01
1.055000e+01 8.961394e-01
1.078000e+01 9.101045e-01
1.101000e+01 9.225198e-01
1.125000e+01 9.335501e-01
1.150000e+01 9.432923e-01
1.175000e+01 9.518705e-01
1.200000e+01 9.593455e-01
1.226000e+01 9.658448e-01
1.253000e+01 9.714549e-01
1.280000e+01 9.762582e-01
1.308000e+01 9.803808e-01
1.336000e+01 9.838633e-01
1.365000e+01 9.868042e-01
1.394000e+01 9.892565e-01
1.424000e+01 9.912833e-01
1.454000e+01 9.929703e-01
1.485000e+01 9.943638e-01
1.517000e+01 9.955026e-01
1.549000e+01 9.964224e-01
1.582000e+01 9.971735e-01
1.616000e+01 9.977828e-01
1.650000e+01 9.982669e-01
1.685000e+01 9.986456e-01
1.721000e+01 9.989424e-01
1.757000e+01 9.991750e-01
1.794000e+01 9.993549e-01
1.832000e+01 9.994915e-01
1.871000e+01 9.995906e-01
1.910000e+01 9.996642e-01
1.951000e+01 9.997155e-01
1.992000e+01 9.997509e-01
2.034000e+01 9.997742e-01
2.076000e+01 9.997896e-01
2.120000e+01 9.997998e-01
2.164000e+01 9.998155e-01
2.209000e+01 9.998149e-01
2.256000e+01 9.998142e-01
2.303000e+01 9.998135e-01
2.351000e+01 9.998127e-01
2.400000e+01 9.998120e-01
2.450000e+01 9.998112e-01
2.501000e+01 9.998103e-01
2.553000e+01 9.998095e-01
2.606000e+01 9.998086e-01
2.660000e+01 9.998078e-01
2.715000e+01 9.998069e-01
2.771000e+01 9.998060e-01
2.829000e+01 9.998051e-01
2.887000e+01 9.998041e-01
2.947000e+01 9.998032e-01
3.008000e+01 9.998022e-01
3.070000e+01 9.998013e-01
3.134000e+01 9.998003e-01
3.198000e+01 9.997993e-01
3.264000e+01 9.997983e-01
3.332000e+01 9.997972e-01
3.400000e+01 9.997962e-01
3.470000e+01 9.997951e-01
